0.1	0.001945
0.2	0.001945
0.3	0.001945
0.4	0.004618
0.5	0.004618
0.6	0.007049
0.7	0.009479
0.8	0.009479
0.9	0.001945
1.0	0.005834
1.1	0.01191
1.2	0.013368
1.3	0.02139
1.4	0.014584
1.5	0.013368
1.6	0.017501
1.7	0.009723
1.8	0.015556
1.9	0.01507
2.0	0.018959
2.1	0.001701
2.2	0.00632
2.3	0.016285
2.4	0.01191
2.5	0.017257
2.6	0.008021
2.7	-0.000243
2.8	-0.001701
2.9	0.007778
3.0	0.001215
3.1	-0.002674
3.2	0.0
3.3	-0.000243
3.4	-0.007778
3.5	0.000486
3.6	0.003646
3.7	-0.003403
3.8	-0.015799
3.9	-0.022119
4.0	-0.023091
4.1	-0.019688
4.2	-0.022362
4.3	-0.011424
4.4	-0.007049
4.5	-0.005104
4.6	-0.018716
4.7	-0.011667
4.8	-0.016042
4.9	-0.009479
5.0	-0.020174
5.1	-0.022848
5.2	-0.035973
5.3	-0.034515
5.4	-0.031841
5.5	-0.015556
5.6	-0.017257
5.7	0.001701
5.8	0.006806
5.9	-0.000972
6.0	-0.011181
6.1	-0.011667
6.2	-0.009723
6.3	-0.019445
6.4	-0.006077
6.5	-0.025522
6.6	-0.01191
6.7	-0.016285
6.8	-0.006806
6.9	-0.00316
7.0	0.007535
7.1	-0.003889
7.2	0.001215
7.3	-0.01507
7.4	-0.001945
7.5	0.001458
7.6	0.023334
7.7	0.028195
7.8	0.033786
7.9	0.021633
8.0	-0.005347
8.1	-0.017257
8.2	-0.039862
8.3	-0.008021
8.4	-0.031841
8.5	-0.020417
8.6	-0.029168
8.7	-0.028681
8.8	0.003646
8.9	0.013855
9.0	0.02066
9.1	0.036946
9.2	0.022848
9.3	0.004618
9.4	0.006563
9.5	0.033786
9.6	0.046425
9.7	0.044481
9.8	0.035001
9.9	0.033543
10.0	0.025765
10.1	0.025279
10.2	0.043994
10.3	0.062953
10.4	0.061738
10.5	0.055175
10.6	0.021876
10.7	0.012153
10.8	0.030869
10.9	0.045939
11.0	0.013368
11.1	0.020417
11.2	-0.019688
11.3	-0.025036
11.4	-0.042536
11.5	-0.035487
11.6	-0.057606
11.7	-0.050557
11.8	-0.052259
11.9	-0.03257
12.0	0.011181
12.1	0.003646
12.2	0.007778
12.3	0.010452
12.4	0.016771
12.5	0.029168
12.6	0.059794
12.7	0.066113
12.8	0.067085
12.9	0.072919
13.0	0.058578
13.1	0.047154
13.2	0.044967
13.3	0.052988
13.4	0.029411
13.5	0.023091
13.6	0.043265
13.7	0.013368
13.8	-0.027709
13.9	-0.014098
14.0	0.000729
14.1	-0.01507
14.2	-0.014341
14.3	-0.019202
14.4	-0.025522
14.5	-0.016771
14.6	0.011667
14.7	0.000486
14.8	0.00559
14.9	0.010209
15.0	0.024063
15.1	0.007049
15.2	0.022119
15.3	0.015799
15.4	0.019931
15.5	0.013368
15.6	0.015313
15.7	0.014098
15.8	0.014341
15.9	0.008021
16.0	0.009966
16.1	0.039619
16.2	0.051043
16.3	0.050557
16.4	0.043265
16.5	0.043751
16.6	0.068787
16.7	0.067815
16.8	0.059307
16.9	0.052016
17.0	0.067572
17.1	0.053231
17.2	0.0508
17.3	0.056391
17.4	0.051529
17.5	0.053474
17.6	0.050557
17.7	0.044967
17.8	0.042536
17.9	0.034758
18.0	0.034758
18.1	0.038161
18.2	0.029897
18.3	0.00559
18.4	0.004375
18.5	0.020174
18.6	0.004375
18.7	0.010695
18.8	0.019202
18.9	0.022119
19.0	0.002674
19.1	-0.000729
19.2	-0.026737
19.3	-0.025036
19.4	-0.008993
19.5	-0.014584
19.6	0.00875
19.7	0.043022
19.8	0.063683
19.9	0.054446
20.0	0.051043
20.1	0.045939
20.2	0.083614
20.3	0.071704
20.4	0.071461
20.5	0.058578
20.6	0.046911
20.7	0.042779
20.8	0.049828
20.9	0.039862
21.0	0.043265
21.1	0.043508
21.2	0.028438
21.3	0.007049
21.4	-0.010209
21.5	-0.018716
21.6	-0.033543
21.7	-0.023334
21.8	0.001458
21.9	0.023577
22.0	0.04205
22.1	0.038161
22.2	0.029168
22.3	0.009723
22.4	0.017501
22.5	0.035973
22.6	0.056148
22.7	0.049099
22.8	0.041321
22.9	0.052745
23.0	0.024792
23.1	0.027709
23.2	0.026737
23.3	0.049828
23.4	0.06271
23.5	0.071704
23.6	0.026008
23.7	-0.001458
23.8	-0.006563
23.9	-0.007535
24.0	0.000972
24.1	-0.018959
24.2	-0.014098
24.3	-0.027709
24.4	-0.007049
24.5	-0.018473
24.6	-0.006806
24.7	0.004132
24.8	-0.029168
24.9	0.003403
25.0	0.011424
25.1	0.015556
25.2	0.003646
25.3	-0.024063
25.4	0.026494
25.5	0.027466
25.6	0.053474
25.7	0.065141
25.8	0.068058
25.9	0.088961
26.0	0.101357
26.1	0.066113
26.2	0.051529
26.3	0.03014
26.4	0.009479
26.5	0.01191
26.6	-0.003646
26.7	-0.007049
26.8	0.052502
26.9	0.036703
27.0	0.035001
27.1	0.037432
27.2	0.017501
27.3	0.03573
27.4	0.043751
27.5	0.067815
27.6	0.079239
27.7	0.078023
27.8	0.101114
27.9	0.082155
28.0	0.093336
28.1	0.068058
28.2	0.073891
28.3	0.087746
28.4	0.08969
28.5	0.060523
28.6	0.055175
28.7	0.029168
28.8	0.029897
28.9	0.027223
29.0	0.041807
29.1	0.001215
29.2	-0.000972
29.3	-0.035973
29.4	-0.031841
29.5	0.006563
29.6	0.020417
29.7	-0.000243
29.8	-0.004618
29.9	-0.037432
30.0	-0.047883
30.1	-0.029411
30.2	-0.02698
30.3	0.004618
30.4	0.015313
30.5	0.010209
30.6	-0.004618
30.7	0.002917
30.8	-0.009723
30.9	0.024306
31.0	0.029897
31.1	0.02698
31.2	0.012882
31.3	-0.001215
31.4	0.011424
31.5	0.051772
31.6	0.071218
31.7	0.065384
31.8	0.049828
31.9	0.07219
32.0	0.043022
32.1	0.020417
32.2	0.024306
32.3	0.002188
32.4	0.003889
32.5	0.022362
32.6	0.0
32.7	-0.012396
32.8	-0.016771
32.9	0.029654
33.0	0.001701
33.1	0.01507
33.2	0.022362
33.3	-0.027466
33.4	-0.016528
33.5	0.007535
33.6	-0.00559
33.7	-0.008021
33.8	-0.020903
33.9	0.002674
34.0	-0.003403
34.1	0.014584
34.2	-0.001458
34.3	0.009723
34.4	0.00316
34.5	0.009479
34.6	0.021147
34.7	0.024306
34.8	0.03573
34.9	0.018716
35.0	0.002674
35.1	0.009966
35.2	0.010209
35.3	-0.012639
35.4	-0.016042
35.5	-0.008264
35.6	-0.029897
35.7	-0.04521
35.8	-0.035487
35.9	-0.025765
36.0	-0.023091
36.1	-0.019202
36.2	-0.025036
36.3	-0.047397
36.4	-0.066356
36.5	-0.082398
36.6	-0.073648
36.7	-0.07535
36.8	-0.023091
36.9	-0.007778
37.0	-0.005347
37.1	-0.009236
37.2	0.032327
37.3	0.022119
37.4	-0.005347
37.5	-0.016528
37.6	0.004132
37.7	-0.008264
37.8	-0.044724
37.9	-0.043508
38.0	-0.058578
38.1	-0.040835
38.2	0.016042
38.3	-0.000729
38.4	-0.009966
38.5	-0.015313
38.6	-0.031841
38.7	-0.016285
38.8	-0.023334
38.9	-0.081669
39.0	-0.070002
39.1	-0.070488
39.2	-0.078996
39.3	-0.074134
39.4	-0.089933
39.5	-0.105733
39.6	-0.111566
39.7	-0.094795
39.8	-0.103788
39.9	-0.114483
40.0	-0.08094
40.1	-0.043751
40.2	-0.018473
40.3	0.014098
40.4	0.014827
40.5	0.019202
40.6	0.003889
40.7	0.002431
40.8	0.024306
40.9	-0.013125
41.0	-0.023091
41.1	-0.01507
41.2	0.008507
41.3	0.041807
41.4	0.073405
41.5	0.062953
41.6	0.039862
41.7	0.025522
41.8	-0.000243
41.9	0.017987
42.0	0.031598
42.1	0.022119
42.2	0.025765
42.3	0.042293
42.4	0.032084
42.5	0.052259
42.6	0.042293
42.7	0.022119
42.8	0.030383
42.9	0.058092
43.0	0.041321
43.1	0.068544
43.2	0.037918
43.3	0.022362
43.4	0.049099
43.5	0.081426
43.6	0.106948
43.7	0.100871
43.8	0.138303
43.9	0.141706
44.0	0.133199
44.1	0.143893
44.2	0.14997
44.3	0.116913
44.4	0.105003
44.5	0.125907
44.6	0.124448
44.7	0.076565
44.8	0.109622
44.9	0.112052
45.0	0.049585
45.1	0.061009
45.2	0.047154
45.3	0.055905
45.4	0.050314
45.5	0.064655
45.6	0.051286
45.7	-0.002917
45.8	-0.003403
45.9	0.012153
46.0	0.068787
46.1	0.091635
46.2	0.052745
46.3	0.035487
46.4	0.056148
46.5	0.059307
46.6	0.066842
46.7	0.020903
46.8	0.010695
46.9	0.030383
47.0	0.030869
47.1	0.067572
47.2	0.027223
47.3	0.049585
47.4	0.054446
47.5	0.036703
47.6	-0.035487
47.7	0.000729
47.8	-0.014341
47.9	0.009966
48.0	-0.024306
48.1	-0.031598
48.2	-0.03889
48.3	-0.036946
48.4	-0.026737
48.5	-0.032327
48.6	-0.018959
48.7	-0.034758
48.8	-0.043265
48.9	-0.019688
49.0	-0.046425
49.1	-0.034029
49.2	-0.0333
49.3	-0.000486
49.4	-0.055175
49.5	-0.036946
49.6	-0.019688
49.7	-0.010209
49.8	-0.019445
49.9	-0.027466
50.0	-0.013125
50.1	-0.031841
50.2	-0.0333
50.3	-0.051043
50.4	-0.022362
50.5	-0.029897
50.6	-0.006077
50.7	0.027223
50.8	0.014584
50.9	0.015556
51.0	0.029654
51.1	0.028438
51.2	0.051529
51.3	0.066842
51.4	0.065141
51.5	0.055418
51.6	0.097954
51.7	0.075593
51.8	0.058821
51.9	0.068787
52.0	0.05396
52.1	0.012639
52.2	-0.015799
52.3	-0.01191
52.4	-0.029897
52.5	-0.041078
52.6	-0.020174
52.7	0.000972
52.8	0.026494
52.9	0.023577
53.0	0.031598
53.1	-0.004861
53.2	0.019202
53.3	0.045696
53.4	0.043022
53.5	0.031355
53.6	0.034029
53.7	0.041078
53.8	0.013612
53.9	-0.011424
54.0	-0.038404
54.1	-0.016771
54.2	-0.012396
54.3	-0.029897
54.4	-0.010452
54.5	0.019202
54.6	0.002431
54.7	-0.008507
54.8	0.057363
54.9	0.056148
55.0	0.031355
55.1	0.03573
55.2	0.00875
55.3	0.043751
55.4	0.048127
55.5	0.016285
55.6	0.032084
55.7	0.010209
55.8	0.061252
55.9	0.043994
56.0	0.055418
56.1	0.067329
56.2	0.082642
56.3	0.091149
56.4	0.078509
56.5	0.090176
56.6	0.115212
56.7	0.072433
56.8	0.068058
56.9	0.072433
57.0	0.041321
57.1	-0.009479
57.2	-0.012882
57.3	-0.025279
57.4	-0.001215
57.5	-0.03014
57.6	-0.034515
57.7	-0.025279
57.8	-0.075836
57.9	-0.064898
58.0	-0.038161
58.1	-0.019688
58.2	0.019445
58.3	0.010209
58.4	-0.049828
58.5	-0.045696
58.6	-0.014098
58.7	-0.025522
58.8	-0.005834
58.9	-0.038161
59.0	-0.050071
59.1	-0.040592
59.2	-0.029897
59.3	-0.040105
59.4	-0.01823
59.5	-0.016771
59.6	0.004132
59.7	0.015556
59.8	0.023334
59.9	0.017014
60.0	0.019202
60.1	-0.002188
60.2	-0.027466
60.3	-0.053717
60.4	-0.03889
60.5	-0.047883
60.6	-0.059307
60.7	-0.009723
60.8	-0.008993
60.9	0.025036
61.0	0.008993
61.1	0.008264
61.2	0.058092
61.3	0.044724
61.4	0.062224
61.5	0.037189
61.6	0.021633
61.7	0.060523
61.8	0.06903
61.9	0.055905
62.0	0.024549
62.1	0.027952
62.2	-0.001215
62.3	0.00632
62.4	-0.001701
62.5	-0.044724
62.6	-0.042536
62.7	-0.002917
62.8	-0.030626
62.9	-0.028195
63.0	-0.025036
63.1	-0.007049
63.2	-0.04764
63.3	-0.076079
63.4	-0.02066
63.5	-0.036946
63.6	-0.026008
63.7	-0.001945
63.8	-0.025036
63.9	-0.04764
64.0	-0.066599
64.1	-0.049828
64.2	-0.057606
64.3	-0.047883
64.4	-0.040105
64.5	-0.078509
64.6	-0.076322
64.7	-0.088475
64.8	-0.038404
64.9	-0.033057
65.0	-0.015799
65.1	-0.00632
65.2	0.024792
65.3	0.001945
65.4	0.016771
65.5	0.057363
65.6	0.052016
65.7	0.050314
65.8	0.062467
65.9	0.0508
66.0	0.054932
66.1	0.05712
66.2	0.035244
66.3	0.00316
66.4	-0.053717
66.5	-0.057363
66.6	-0.055661
66.7	-0.061252
66.8	-0.047154
66.9	-0.038404
67.0	-0.043751
67.1	-0.027952
67.2	-0.022605
67.3	-0.083614
67.4	-0.110108
67.5	-0.056391
67.6	0.007049
67.7	0.031841
67.8	0.012639
67.9	0.004618
68.0	0.000243
68.1	-0.014827
68.2	-0.061009
68.3	-0.000486
68.4	-0.059307
68.5	-0.067572
68.6	-0.091878
68.7	-0.080211
68.8	-0.087989
68.9	-0.048856
69.0	-0.023334
69.1	-0.01823
69.2	-0.034758
69.3	-0.061495
69.4	-0.022605
69.5	-0.000243
69.6	0.007049
69.7	-0.004375
69.8	-0.019688
69.9	-0.037432
70.0	-0.025522
70.1	-0.040105
70.2	0.012639
70.3	-0.031598
70.4	-0.007292
70.5	-0.024306
70.6	0.023091
70.7	-0.00875
70.8	-0.043022
70.9	-0.017501
71.0	-0.016042
71.1	-0.02382
71.2	0.011424
71.3	0.01507
71.4	-0.002917
71.5	-0.013855
71.6	-0.009479
71.7	0.001945
71.8	0.014341
71.9	0.044724
72.0	0.017501
72.1	0.043265
72.2	0.027466
72.3	-0.012153
72.4	-0.034272
72.5	-0.026008
72.6	-0.00875
72.7	-0.001701
72.8	0.018959
72.9	0.000486
73.0	0.049099
73.1	0.054203
73.2	0.018473
73.3	0.010695
73.4	0.013125
73.5	0.007049
73.6	-0.005104
73.7	-0.018473
73.8	-0.004375
73.9	-0.014341
74.0	-0.041321
74.1	-0.028925
74.2	0.002431
74.3	0.018959
74.4	0.017987
74.5	0.066113
74.6	0.076808
74.7	0.037918
74.8	0.032327
74.9	0.009236
75.0	0.000243
75.1	-0.007049
75.2	0.00632
75.3	0.044724
75.4	0.050071
75.5	0.035244
75.6	0.04764
75.7	0.019445
75.8	-0.00559
75.9	-0.020174
76.0	-0.044967
76.1	-0.053231
76.2	-0.085558
76.3	-0.136602
76.4	-0.130525
76.5	-0.13806
76.6	-0.083371
76.7	-0.066842
76.8	-0.058335
76.9	-0.018959
77.0	-0.013612
77.1	-0.04837
77.2	-0.057363
77.3	-0.020903
77.4	0.017501
77.5	0.018959
77.6	0.00632
77.7	0.031841
77.8	0.073162
77.9	0.054932
78.0	0.029168
78.1	0.027709
78.2	0.028681
78.3	0.095767
78.4	0.051772
78.5	0.046668
78.6	0.06903
78.7	0.079725
78.8	0.139518
78.9	0.147053
79.0	0.135872
79.1	0.160179
79.2	0.132956
79.3	0.096496
79.4	0.064655
79.5	-0.006077
79.6	0.029168
79.7	-0.022605
79.8	-0.037432
79.9	0.005834
80.0	0.0
80.1	0.023577
80.2	0.005347
80.3	0.010209
80.4	0.036216
80.5	0.01823
80.6	-0.020903
80.7	0.013368
80.8	0.06344
80.9	0.06903
81.0	0.01191
81.1	0.029897
81.2	0.08094
81.3	0.072676
81.4	0.099899
81.5	0.092364
81.6	0.067329
81.7	0.044967
81.8	0.012639
81.9	-0.001945
82.0	-0.007049
82.1	-0.039133
82.2	-0.028925
82.3	-0.014098
82.4	-0.025765
82.5	-0.007049
82.6	0.010938
82.7	-0.002431
82.8	-0.033786
82.9	0.019931
83.0	0.006077
83.1	-0.059794
83.2	-0.034515
83.3	-0.016528
83.4	-0.024306
83.5	-0.037675
83.6	-0.067329
83.7	-0.114726
83.8	-0.119587
83.9	-0.067815
84.0	-0.077294
84.1	-0.03014
84.2	-0.057363
84.3	-0.088475
84.4	-0.063926
84.5	-0.027952
84.6	0.031598
84.7	0.060037
84.8	0.030626
84.9	0.044481
85.0	0.040105
85.1	0.022848
85.2	-0.014341
85.3	-0.026008
85.4	-0.002674
85.5	-0.052259
85.6	-0.027223
85.7	-0.020417
85.8	-0.029411
85.9	-0.077537
86.0	-0.021147
86.1	0.0
86.2	0.019931
86.3	-0.01507
86.4	0.014827
86.5	0.000486
86.6	-0.034272
86.7	-0.048127
86.8	-0.052016
86.9	-0.032814
87.0	-0.035973
87.1	-0.034272
87.2	-0.041321
87.3	-0.105489
87.4	-0.098927
87.5	-0.056877
87.6	-0.063196
87.7	-0.042293
87.8	-0.081669
87.9	-0.044481
88.0	-0.047883
88.1	-0.028195
88.2	-0.044967
88.3	-0.072433
88.4	-0.092121
88.5	-0.053231
88.6	-0.03889
88.7	-0.066599
88.8	-0.131254
88.9	-0.120316
89.0	-0.084343
89.1	-0.092364
89.2	-0.094065
89.3	-0.115455
89.4	-0.093579
89.5	-0.075836
89.6	-0.086774
89.7	-0.087746
89.8	-0.062224
89.9	-0.085315
90.0	-0.096253
90.1	-0.086044
90.2	-0.007535
90.3	0.024306
90.4	0.009479
90.5	0.037675
90.6	0.075107
90.7	0.078996
90.8	0.106219
90.9	0.067815
91.0	0.026251
91.1	0.03257
91.2	0.001945
91.3	0.0333
91.4	0.052259
91.5	0.039862
91.6	-0.010452
91.7	-0.014341
91.8	0.001458
91.9	0.008993
92.0	0.043265
92.1	0.035001
92.2	0.04205
92.3	0.032084
92.4	0.062953
92.5	0.049099
92.6	0.060766
92.7	0.081183
92.8	0.020417
92.9	0.062953
93.0	0.05396
93.1	0.05955
93.2	0.056148
93.3	0.017987
93.4	0.002431
93.5	-0.029654
93.6	-0.043508
93.7	0.024306
93.8	-0.012396
93.9	-0.011667
94.0	-0.032814
94.1	0.021633
94.2	0.011181
94.3	0.013368
94.4	0.063683
94.5	0.110594
94.6	0.157262
94.7	0.103545
94.8	0.086531
94.9	0.015556
95.0	0.030869
95.1	0.046425
95.2	0.016042
95.3	0.074377
95.4	0.053717
95.5	0.03573
95.6	0.043751
95.7	-0.004861
95.8	-0.054446
95.9	-0.015799
96.0	-0.019688
96.1	0.006563
96.2	0.024306
96.3	-0.027952
96.4	0.01823
96.5	0.002431
96.6	0.009966
96.7	0.016285
96.8	0.000486
96.9	-0.011667
97.0	-0.033543
97.1	-0.028925
97.2	-0.043508
97.3	-0.041564
97.4	-0.046182
97.5	-0.045696
97.6	-0.086044
97.7	-0.112781
97.8	-0.094795
97.9	-0.106948
98.0	-0.12615
98.1	-0.091149
98.2	-0.045453
98.3	-0.055661
98.4	-0.038161
98.5	-0.022119
98.6	-0.029168
98.7	-0.028195
98.8	0.018959
98.9	-0.031598
99.0	-0.077537
99.1	-0.076079
99.2	-0.00559
99.3	0.010452
99.4	0.000243
99.5	0.025522
99.6	0.051529
99.7	-0.036216
99.8	-0.022362
99.9	-0.043751
100.0	-0.024306
100.1	0.044481
100.2	0.020903
100.3	-0.000486
100.4	-0.024063
100.5	0.007292
100.6	-0.001701
100.7	0.006563
100.8	0.019445
100.9	0.026737
101.0	0.044238
101.1	0.039619
101.2	0.072676
101.3	0.008264
101.4	0.020903
101.5	0.004861
101.6	0.050314
101.7	0.038647
101.8	0.06587
101.9	0.063196
102.0	0.019688
102.1	-0.015799
102.2	0.004375
102.3	-0.001701
102.4	0.035001
102.5	0.076079
102.6	0.043508
102.7	0.018959
102.8	0.025765
102.9	0.039619
103.0	0.03573
103.1	0.034272
103.2	-0.008507
103.3	-0.006563
103.4	0.028681
103.5	0.017014
103.6	0.057849
103.7	0.012882
103.8	-0.007049
103.9	-0.016771
104.0	0.05396
104.1	0.043508
104.2	-0.00316
104.3	-0.04205
104.4	-0.043994
104.5	0.005347
104.6	-0.008507
104.7	0.017744
104.8	0.013855
104.9	0.020417
105.0	0.032084
105.1	-0.006563
105.2	0.058092
105.3	-0.004618
105.4	-0.014098
105.5	-0.008993
105.6	0.030383
105.7	0.037675
105.8	0.036946
105.9	0.031355
106.0	0.009723
106.1	-0.038161
106.2	-0.047883
106.3	-0.044238
106.4	-0.050314
106.5	-0.032814
106.6	0.000486
106.7	-0.005834
106.8	0.019202
106.9	-0.000972
107.0	-0.019202
107.1	-0.026251
107.2	0.005834
107.3	-0.060037
107.4	-0.022362
107.5	-0.090176
107.6	-0.120073
107.7	-0.120073
107.8	-0.135143
107.9	-0.116427
108.0	-0.169658
108.1	-0.133442
108.2	-0.091392
108.3	-0.00632
108.4	-0.041078
108.5	0.006077
108.6	-0.053231
108.7	-0.040835
108.8	0.011424
108.9	0.034029
109.0	0.012153
109.1	0.011424
109.2	-0.009723
109.3	0.009236
109.4	0.000972
109.5	-0.016771
109.6	-0.03014
109.7	0.007049
109.8	0.029411
109.9	0.014098
110.0	-0.021147
110.1	0.012396
110.2	0.005347
110.3	0.052259
110.4	0.106462
110.5	0.105976
110.6	0.038161
110.7	0.03573
110.8	0.046668
110.9	0.037918
111.0	0.044967
111.1	0.070245
111.2	0.057363
111.3	0.076808
111.4	0.100871
111.5	0.111323
111.6	0.1174
111.7	0.113267
111.8	0.122018
111.9	0.113754
112.0	0.0841
112.1	0.04837
112.2	0.052988
112.3	0.044967
112.4	0.025036
112.5	0.008993
112.6	-0.038404
112.7	0.002431
112.8	-0.003646
112.9	-0.055905
113.0	-0.054203
113.1	-0.052016
113.2	-0.016042
113.3	0.019445
113.4	0.022605
113.5	0.038647
113.6	0.010695
113.7	-0.08094
113.8	-0.050314
113.9	-0.036216
114.0	0.010209
114.1	0.012639
114.2	0.014584
114.3	0.045939
114.4	0.104517
114.5	0.120073
114.6	0.021147
114.7	0.045453
114.8	-0.019445
114.9	-0.084586
115.0	-0.07219
115.1	-0.059307
115.2	-0.022605
115.3	-0.004375
115.4	-0.008264
115.5	-0.017257
115.6	0.010452
115.7	0.034758
115.8	0.052502
115.9	0.067815
116.0	0.039376
116.1	0.059064
116.2	0.03889
116.3	0.013125
116.4	-0.041321
116.5	-0.006563
116.6	-0.028925
116.7	-0.022605
116.8	-0.044481
116.9	0.001458
117.0	0.006563
117.1	0.031355
117.2	0.041807
117.3	0.043265
117.4	0.044238
117.5	0.064898
117.6	0.073405
117.7	0.094309
117.8	0.084586
117.9	0.062953
118.0	0.019202
118.1	0.028925
118.2	0.030869
118.3	0.027709
118.4	0.055661
118.5	0.058578
118.6	0.032814
118.7	0.083857
118.8	0.11424
118.9	0.132226
119.0	0.080211
119.1	0.041078
119.2	0.007535
119.3	-0.042293
119.4	-0.05712
119.5	-0.055661
119.6	-0.040349
119.7	-0.026008
119.8	0.02139
119.9	-0.010452
120.0	-0.006806
120.1	-0.026008
120.2	-0.023334
120.3	0.002674
120.4	-0.034515
120.5	0.006563
120.6	0.036703
120.7	0.019445
120.8	0.016771
120.9	0.054689
121.0	0.017014
121.1	-0.040835
121.2	-0.040349
121.3	0.020417
121.4	0.039619
121.5	0.090176
121.6	0.043265
121.7	0.102573
121.8	0.066356
121.9	0.046425
122.0	-0.00559
122.1	0.015556
122.2	0.009479
122.3	-0.00875
122.4	0.034029
122.5	0.043508
122.6	0.054446
122.7	0.072919
122.8	0.136845
122.9	0.104517
123.0	0.157748
123.1	0.136602
123.2	0.151428
123.3	0.160179
123.4	0.14438
123.5	0.157262
123.6	0.17379
123.7	0.146081
123.8	0.184728
123.9	0.151428
124.0	0.078266
124.1	0.089447
124.2	0.102087
124.3	0.116427
124.4	0.116427
124.5	0.154831
124.6	0.153616
124.7	0.187402
124.8	0.135386
124.9	0.161394
125.0	0.177922
125.1	0.131983
125.2	0.084586
125.3	0.056148
125.4	0.061009
125.5	0.091392
125.6	0.142921
125.7	0.152887
125.8	0.143407
125.9	0.149727
126.0	0.170873
126.1	0.129067
126.2	0.097954
126.3	0.109622
126.4	0.045453
126.5	0.049099
126.6	0.025765
126.7	0.044967
126.8	0.03889
126.9	0.012396
127.0	0.003889
127.1	0.047397
127.2	0.040835
127.3	0.029168
127.4	0.055661
127.5	0.030869
127.6	0.052502
127.7	0.052259
127.8	0.053231
127.9	0.037189
128.0	0.050314
128.1	0.001701
128.2	-0.00875
128.3	0.058578
128.4	0.030869
128.5	0.02382
128.6	-0.011424
128.7	0.070488
128.8	0.051529
128.9	-0.003403
129.0	0.011424
129.1	0.003403
129.2	0.033543
129.3	0.126879
129.4	0.098198
129.5	0.08969
129.6	0.099899
129.7	0.088475
129.8	0.039376
129.9	0.064412
130.0	0.043022
130.1	0.043751
130.2	0.002431
130.3	-0.022119
130.4	-0.001458
130.5	-0.002674
130.6	-0.034515
130.7	-0.029411
130.8	-0.044481
130.9	-0.021876
131.0	-0.018473
131.1	-0.046668
131.2	-0.073162
131.3	-0.034029
131.4	-0.028195
131.5	-0.048613
131.6	0.009723
131.7	-0.048127
131.8	-0.014341
131.9	-0.122018
132.0	-0.105246
132.1	-0.104031
132.2	-0.094795
132.3	-0.054446
132.4	-0.136845
132.5	-0.062953
132.6	-0.063683
132.7	-0.036459
132.8	-0.096739
132.9	-0.076322
133.0	-0.121532
133.1	-0.066113
133.2	-0.057363
133.3	-0.066599
133.4	0.010938
133.5	0.013125
133.6	0.055175
133.7	0.052502
133.8	0.026251
133.9	0.043265
134.0	0.008507
134.1	-0.021147
134.2	0.035244
134.3	0.152644
134.4	0.183999
134.5	0.108892
134.6	0.07462
134.7	0.070245
134.8	0.04205
134.9	0.041078
135.0	0.042293
135.1	-0.019202
135.2	-0.026251
135.3	0.035001
135.4	0.026008
135.5	-0.009966
135.6	0.021147
135.7	0.006806
135.8	0.009479
135.9	-0.013125
136.0	-0.028681
136.1	-0.03889
136.2	-0.015313
136.3	0.011667
136.4	0.00559
136.5	-0.030626
136.6	-0.052259
136.7	-0.0508
136.8	-0.047397
136.9	-0.018959
137.0	-0.028438
137.1	-0.019931
137.2	-0.010938
137.3	-0.027952
137.4	-0.075107
137.5	-0.100628
137.6	-0.044967
137.7	-0.087746
137.8	-0.090906
137.9	-0.034758
138.0	0.036216
138.1	-0.002674
138.2	0.02066
138.3	-0.034758
138.4	-0.019688
138.5	-0.038647
138.6	-0.076565
138.7	-0.05712
138.8	-0.074377
138.9	-0.112295
139.0	-0.133199
139.1	-0.204659
139.2	-0.110351
139.3	-0.097468
139.4	-0.072433
139.5	-0.085072
139.6	-0.047154
139.7	-0.029411
139.8	-0.0508
139.9	-0.014584
140.0	-0.044238
140.1	-0.029654
140.2	-0.025522
140.3	-0.055418
140.4	-0.037432
140.5	0.015799
140.6	0.022362
140.7	0.032327
140.8	-0.010452
140.9	-0.066356
141.0	-0.102573
141.1	-0.105246
141.2	-0.119344
141.3	-0.130282
141.4	-0.113511
141.5	-0.081426
141.6	-0.091392
141.7	-0.075836
141.8	-0.12615
141.9	-0.133928
142.0	-0.117886
142.1	-0.159936
142.2	-0.196638
142.3	-0.236257
142.4	-0.183999
142.5	-0.18327
142.6	-0.200284
142.7	-0.186186
142.8	-0.160908
142.9	-0.172575
143.0	-0.139518
143.1	-0.129553
143.2	-0.175735
143.3	-0.179381
143.4	-0.148026
143.5	-0.121046
143.6	-0.085315
143.7	-0.055418
143.8	-0.068301
143.9	-0.06271
144.0	-0.006077
144.1	0.072676
144.2	0.07535
144.3	0.06028
144.4	0.054932
144.5	-0.022848
144.6	-0.015313
144.7	-0.004861
144.8	-0.045696
144.9	-0.004618
145.0	-0.067085
145.1	-0.049828
145.2	-0.064898
145.3	-0.076808
145.4	-0.135143
145.5	-0.161151
145.6	-0.119101
145.7	-0.13174
145.8	-0.145109
145.9	-0.114483
146.0	-0.081669
146.1	-0.096496
146.2	-0.068058
146.3	-0.03573
146.4	-0.107191
146.5	-0.071461
146.6	-0.071461
146.7	-0.020417
146.8	-0.014098
146.9	0.034515
147.0	0.07462
147.1	0.138546
147.2	0.186673
147.3	0.240633
147.4	0.154588
147.5	0.072919
147.6	0.021147
147.7	-0.022119
147.8	-0.028925
147.9	-0.048856
148.0	0.000486
148.1	0.042536
148.2	0.070245
148.3	0.057849
148.4	0.055661
148.5	0.015313
148.6	0.064898
148.7	0.019445
148.8	0.000486
148.9	-0.011667
149.0	-0.031112
149.1	0.038404
149.2	0.070488
149.3	0.080454
149.4	0.053231
149.5	0.047883
149.6	0.0508
149.7	0.094065
149.8	0.029411
149.9	0.038404
150.0	0.004861
150.1	0.010695
150.2	0.017014
150.3	0.072676
150.4	0.039133
150.5	0.006077
150.6	0.032814
150.7	0.012396
150.8	-0.050557
150.9	0.004375
151.0	-0.00632
151.1	-0.036459
151.2	-0.038161
151.3	-0.006563
151.4	-0.017501
151.5	-0.007292
151.6	0.017744
151.7	0.02066
151.8	0.108406
151.9	0.107434
152.0	0.062953
152.1	0.094795
152.2	0.085315
152.3	0.08094
152.4	0.041321
152.5	0.117886
152.6	0.147782
152.7	0.16188
152.8	0.095281
152.9	0.100142
153.0	0.072433
153.1	0.057606
153.2	0.064412
153.3	0.034272
153.4	0.01191
153.5	-0.050557
153.6	-0.047397
153.7	-0.011424
153.8	-0.050071
153.9	-0.133928
154.0	-0.191777
154.1	-0.20077
154.2	-0.238931
154.3	-0.227507
154.4	-0.243306
154.5	-0.180353
154.6	-0.158963
154.7	-0.226292
154.8	-0.170144
154.9	-0.152401
155.0	-0.115698
155.1	-0.125421
155.2	-0.17136
155.3	-0.137331
155.4	-0.064169
155.5	-0.044967
155.6	-0.109622
155.7	-0.129796
155.8	-0.229452
155.9	-0.245494
156.0	-0.22459
156.1	-0.247438
156.2	-0.150699
156.3	-0.178895
156.4	-0.174519
156.5	-0.097225
156.6	-0.078996
156.7	-0.144137
156.8	-0.010452
156.9	-0.028195
157.0	-0.05396
157.1	-0.063683
157.2	-0.078023
157.3	-0.118858
157.4	-0.110108
157.5	-0.07462
157.6	-0.099656
157.7	-0.15629
157.8	-0.181568
157.9	-0.186186
158.0	-0.17136
158.1	-0.157262
158.2	-0.190075
158.3	-0.177193
158.4	-0.219729
158.5	-0.186673
158.6	-0.162123
158.7	-0.188374
158.8	-0.138303
158.9	-0.114483
159.0	0.037189
159.1	0.044481
159.2	0.037432
159.3	0.063683
159.4	0.097468
159.5	0.094065
159.6	0.11667
159.7	0.148755
159.8	0.14365
159.9	0.199069
160.0	0.176707
160.1	0.147782
160.2	0.220215
160.3	0.178408
160.4	0.191291
160.5	0.137088
160.6	0.135143
160.7	0.097711
160.8	0.019445
160.9	-0.052988
161.0	-0.063683
161.1	-0.026008
161.2	-0.055661
161.3	-0.06028
161.4	-0.043994
161.5	-0.025522
161.6	-0.043022
161.7	0.007049
161.8	0.018473
161.9	0.02066
162.0	0.041078
162.1	0.050557
162.2	0.050557
162.3	0.09042
162.4	0.078023
162.5	0.073162
162.6	0.032814
162.7	0.04764
162.8	0.102573
162.9	0.102816
163.0	0.056391
163.1	0.056148
163.2	0.116913
163.3	0.071218
163.4	0.086774
163.5	0.103545
163.6	0.040349
163.7	0.084829
163.8	0.070731
163.9	0.082642
164.0	0.110108
164.1	0.161151
164.2	0.209521
164.3	0.214382
164.4	0.167471
164.5	0.147296
164.6	0.130282
164.7	0.12931
164.8	0.150456
164.9	0.110594
165.0	0.131983
165.1	0.039376
165.2	0.029411
165.3	-0.005834
165.4	-0.016528
165.5	0.010209
165.6	0.007778
165.7	0.010695
165.8	-0.001215
165.9	0.034515
166.0	0.001458
166.1	-0.045696
166.2	-0.026008
166.3	-0.009723
166.4	0.017987
166.5	0.000972
166.6	-0.025279
166.7	-0.021633
166.8	-0.002674
166.9	-0.045453
167.0	-0.052016
167.1	-0.03257
167.2	-0.068058
167.3	-0.044238
167.4	-0.057849
167.5	-0.077051
167.6	-0.056391
167.7	-0.036459
167.8	0.003403
167.9	-0.047397
168.0	-0.036946
168.1	-0.019202
168.2	-0.084586
168.3	-0.107434
168.4	-0.070974
168.5	-0.081669
168.6	-0.030383
168.7	-0.027952
168.8	-0.039133
168.9	-0.049342
169.0	-0.041321
169.1	0.032084
169.2	0.016528
169.3	0.043022
169.4	0.029168
169.5	0.072676
169.6	0.066842
169.7	0.081669
169.8	0.039133
169.9	0.029897
170.0	-0.02698
170.1	-0.032327
170.2	-0.020417
170.3	-0.019202
170.4	-0.071704
170.5	-0.048127
170.6	-0.042293
170.7	-0.065141
170.8	-0.073162
170.9	-0.062953
171.0	-0.082642
171.1	-0.11108
171.2	-0.03573
171.3	0.014827
171.4	0.00875
171.5	-0.019931
171.6	-0.028925
171.7	0.004132
171.8	0.060523
171.9	0.052988
172.0	0.083128
172.1	0.0841
172.2	0.025522
172.3	-0.043265
172.4	-0.061009
172.5	-0.009966
172.6	-0.102816
172.7	-0.090663
172.8	-0.086774
172.9	-0.071704
173.0	-0.078023
173.1	-0.067572
173.2	-0.075593
173.3	-0.046911
173.4	-0.042293
173.5	-0.082642
173.6	-0.06271
173.7	0.003646
173.8	0.051286
173.9	0.056148
174.0	0.032084
174.1	0.105489
174.2	0.164797
174.3	0.235042
174.4	0.200284
174.5	0.209034
174.6	0.268099
174.7	0.241605
174.8	0.177193
174.9	0.140734
175.0	0.089933
175.1	0.118129
175.2	0.119587
175.3	0.134171
175.4	0.062224
175.5	0.043994
175.6	0.052745
175.7	0.050557
175.8	0.038647
175.9	0.067329
176.0	0.043994
176.1	0.026251
176.2	-0.010209
176.3	-0.056148
176.4	-0.093579
176.5	-0.066113
176.6	-0.00316
176.7	-0.043508
176.8	-0.037189
176.9	0.018959
177.0	0.029897
177.1	-0.046425
177.2	-0.070245
177.3	-0.096739
177.4	-0.059794
177.5	-0.002188
177.6	-0.00875
177.7	-0.026251
177.8	-0.028681
177.9	-0.061981
178.0	-0.019445
178.1	0.039619
178.2	0.017014
178.3	-0.029168
178.4	-0.030383
178.5	-0.049585
178.6	-0.07535
178.7	-0.082642
178.8	-0.135386
178.9	-0.218028
179.0	-0.081426
179.1	-0.106705
179.2	-0.073648
179.3	-0.049342
179.4	-0.007292
179.5	0.005834
179.6	0.038161
179.7	-0.006077
179.8	0.001945
179.9	0.00632
180.0	0.036459
180.1	-0.005104
180.2	-0.050314
180.3	-0.004132
180.4	-0.044238
180.5	-0.048127
180.6	-0.001458
180.7	-0.027952
180.8	-0.019931
180.9	-0.044481
181.0	-0.103788
181.1	-0.069759
181.2	-0.07462
181.3	-0.133442
181.4	-0.107677
181.5	-0.099413
181.6	-0.089933
181.7	-0.030383
181.8	0.064655
181.9	-0.046668
182.0	-0.047883
182.1	-0.010938
182.2	-0.017744
182.3	0.03889
182.4	0.032327
182.5	-0.018473
182.6	0.016285
182.7	-0.015313
182.8	-0.020174
182.9	-0.000972
183.0	-0.00632
183.1	-0.0508
183.2	-0.076808
183.3	-0.061009
183.4	-0.105246
183.5	-0.083128
183.6	-0.087746
183.7	-0.04837
183.8	-0.059064
183.9	-0.047883
184.0	-0.045696
184.1	-0.059794
184.2	-0.040835
184.3	0.00316
184.4	-0.024063
184.5	-0.032327
184.6	-0.043751
184.7	-0.026251
184.8	0.013368
184.9	-0.052016
185.0	-0.023577
185.1	-0.027709
185.2	-0.042536
185.3	-0.026008
185.4	-0.02066
185.5	-0.003403
185.6	-0.00632
185.7	-0.049828
185.8	-0.051286
185.9	-0.026494
186.0	-0.039133
186.1	-0.020903
186.2	0.004861
186.3	0.091149
186.4	0.041078
186.5	0.115941
186.6	0.069759
186.7	0.086287
186.8	0.084829
186.9	0.093093
187.0	0.141949
187.1	0.105489
187.2	0.150699
187.3	0.20393
187.4	0.148026
187.5	0.096982
187.6	0.042779
187.7	0.025522
187.8	0.006563
187.9	-0.008264
188.0	-0.012882
188.1	-0.06271
188.2	-0.076322
188.3	-0.039133
188.4	-0.041564
188.5	-0.073648
188.6	-0.066113
188.7	-0.024063
188.8	-0.06271
188.9	-0.031355
189.0	-0.038647
189.1	-0.054446
189.2	-0.081669
189.3	-0.091878
189.4	0.014341
189.5	-0.058335
189.6	-0.078509
189.7	-0.071218
189.8	-0.078996
189.9	0.005834
190.0	-0.003403
190.1	0.065384
190.2	0.055175
190.3	0.049342
190.4	0.046182
190.5	-0.044238
190.6	-0.019931
190.7	-0.07462
190.8	-0.134414
190.9	-0.152887
191.0	-0.101357
191.1	-0.013612
191.2	0.055175
191.3	0.04764
191.4	0.031355
191.5	-0.073162
191.6	-0.085072
191.7	-0.07462
191.8	-0.136845
191.9	-0.06344
192.0	0.012639
192.1	0.074377
192.2	0.065384
192.3	0.127608
192.4	0.094065
192.5	0.09917
192.6	0.015313
192.7	0.03257
192.8	-0.010695
192.9	0.009723
193.0	0.033057
193.1	0.012882
193.2	0.034029
193.3	0.084586
193.4	0.012639
193.5	0.00875
193.6	0.00559
193.7	0.045696
193.8	0.082885
193.9	0.085072
194.0	0.059794
194.1	-0.001945
194.2	0.038647
194.3	0.073891
194.4	0.024549
194.5	0.015799
194.6	0.049585
194.7	0.034029
194.8	0.064898
194.9	0.082885
195.0	0.106462
195.1	0.153373
195.2	0.170144
195.3	0.145109
195.4	0.17379
195.5	0.178651
195.6	0.203444
195.7	0.168929
195.8	0.131254
195.9	0.132956
196.0	0.111566
196.1	0.108406
196.2	0.121775
196.3	0.115212
196.4	0.102816
196.5	0.100142
196.6	0.184728
196.7	0.193964
196.8	0.17379
196.9	0.188617
197.0	0.140248
197.1	0.090663
197.2	0.09285
197.3	0.069759
197.4	0.019445
197.5	0.02698
197.6	0.091878
197.7	0.088232
197.8	-0.017987
197.9	0.012882
198.0	0.02382
198.1	0.078996
198.2	0.031355
198.3	0.035244
198.4	0.123719
198.5	0.094309
198.6	0.103059
198.7	0.160908
198.8	0.134657
198.9	0.088961
199.0	0.025765
199.1	0.019931
199.2	0.077294
199.3	0.021147
199.4	0.06344
199.5	0.068787
199.6	0.108649
199.7	0.071704
199.8	0.048856
199.9	0.0508
200.0	0.075107
200.1	0.074863
200.2	0.046182
200.3	0.040835
200.4	-0.016285
200.5	-0.030383
200.6	-0.03573
200.7	-0.086774
200.8	-0.024063
200.9	-0.045939
201.0	-0.068301
201.1	-0.060766
201.2	-0.049828
201.3	-0.024549
201.4	0.010695
201.5	0.033057

&

0.1	-0.001215
0.2	-0.016409
0.3	-0.031603
0.4	-0.041206
0.5	-0.0564
0.6	-0.061628
0.7	-0.077795
0.8	-0.092988
0.9	-0.091654
1.0	-0.109521
1.1	-0.111347
1.2	-0.126298
1.3	-0.1184
1.4	-0.115364
1.5	-0.127155
1.6	-0.137002
1.7	-0.131049
1.8	-0.148188
1.9	-0.154145
2.0	-0.148922
2.1	-0.152934
2.2	-0.152086
2.3	-0.153425
2.4	-0.159869
2.5	-0.16534
2.6	-0.142616
2.7	-0.13715
2.8	-0.149913
2.9	-0.154412
3.0	-0.136063
3.1	-0.13327
3.2	-0.139471
3.3	-0.123795
3.4	-0.129267
3.5	-0.142273
3.6	-0.141668
3.7	-0.132555
3.8	-0.136325
3.9	-0.142526
4.0	-0.152372
4.1	-0.134509
4.2	-0.139738
4.3	-0.159063
4.4	-0.157972
4.5	-0.161013
4.6	-0.140233
4.7	-0.135982
4.8	-0.150933
4.9	-0.136959
5.0	-0.136354
5.1	-0.139637
5.2	-0.134171
5.3	-0.127489
5.4	-0.137579
5.5	-0.137702
5.6	-0.134423
5.7	-0.129929
5.8	-0.154359
5.9	-0.164449
6.0	-0.162871
6.1	-0.173204
6.2	-0.148292
6.3	-0.129943
6.4	-0.120831
6.5	-0.132865
6.6	-0.1291
6.7	-0.133599
6.8	-0.105528
6.9	-0.109297
7.0	-0.110637
7.1	-0.10517
7.2	-0.095815
7.3	-0.090591
7.4	-0.08634
7.5	-0.098617
7.6	-0.086831
7.7	-0.079177
7.8	-0.104093
7.9	-0.104703
8.0	-0.107258
8.1	-0.111027
8.2	-0.114554
8.3	-0.115893
8.4	-0.124525
8.5	-0.124648
8.6	-0.120397
8.7	-0.136077
8.8	-0.136687
8.9	-0.139485
9.0	-0.148602
9.1	-0.153344
9.2	-0.160031
9.3	-0.141196
9.4	-0.133785
9.5	-0.117867
9.6	-0.112157
9.7	-0.123462
9.8	-0.132822
9.9	-0.127356
10.0	-0.126507
10.1	-0.145833
10.2	-0.134533
10.3	-0.132469
10.4	-0.131864
10.5	-0.11789
10.6	-0.090548
10.7	-0.095533
10.8	-0.103435
10.9	-0.112066
11.0	-0.092259
11.1	-0.086793
11.2	-0.091292
11.3	-0.085582
11.4	-0.092998
11.5	-0.087288
11.6	-0.102239
11.7	-0.096772
11.8	-0.101271
11.9	-0.098479
12.0	-0.106138
12.1	-0.119387
12.2	-0.130206
12.3	-0.147587
12.4	-0.153301
12.5	-0.158287
12.6	-0.161084
12.7	-0.154402
12.8	-0.155985
12.9	-0.151733
13.0	-0.148211
13.1	-0.157572
13.2	-0.124153
13.3	-0.13011
13.4	-0.15527
13.5	-0.142997
13.6	-0.145795
13.7	-0.160503
13.8	-0.105694
13.9	-0.124291
14.0	-0.119554
14.1	-0.121622
14.2	-0.112753
14.3	-0.123571
14.4	-0.134633
14.5	-0.156147
14.6	-0.161375
14.7	-0.138165
14.8	-0.123219
14.9	-0.127961
15.0	-0.151662
15.1	-0.160293
15.2	-0.188855
15.3	-0.182416
15.4	-0.196395
15.5	-0.177317
15.6	-0.16942
15.7	-0.160064
15.8	-0.187654
15.9	-0.198473
16.0	-0.196409
16.1	-0.194589
16.2	-0.197629
16.3	-0.163724
16.4	-0.144403
16.5	-0.135291
16.6	-0.137359
16.7	-0.113663
16.8	-0.104793
16.9	-0.101271
17.0	-0.092159
17.1	-0.079887
17.2	-0.059593
17.3	-0.087183
17.4	-0.104565
17.5	-0.127537
17.6	-0.146619
17.7	-0.164244
17.8	-0.15902
17.9	-0.159387
18.0	-0.15781
18.1	-0.175191
18.2	-0.169239
18.3	-0.153806
18.4	-0.133513
18.5	-0.117838
18.6	-0.10751
18.7	-0.097911
18.8	-0.114321
18.9	-0.132917
19.0	-0.136201
19.1	-0.134624
19.2	-0.117004
19.3	-0.130253
19.4	-0.133537
19.5	-0.129772
19.6	-0.150556
19.7	-0.132693
19.8	-0.142783
19.9	-0.140476
20.0	-0.115321
20.1	-0.126869
20.2	-0.16005
20.3	-0.135138
20.4	-0.147901
20.5	-0.134657
20.6	-0.118009
20.7	-0.131988
20.8	-0.137702
20.9	-0.149736
21.0	-0.124582
21.1	-0.129567
21.2	-0.134795
21.3	-0.143912
21.4	-0.169072
21.5	-0.158258
21.6	-0.191681
21.7	-0.217084
21.8	-0.189499
21.9	-0.162886
22.0	-0.175649
22.1	-0.168481
22.2	-0.174681
22.3	-0.141019
22.4	-0.155484
22.5	-0.16606
22.6	-0.115869
22.7	-0.110889
22.8	-0.122923
22.9	-0.12013
23.0	-0.110289
23.1	-0.130101
23.2	-0.131683
23.3	-0.122813
23.4	-0.13266
23.5	-0.116012
23.6	-0.111275
23.7	-0.122823
23.8	-0.145552
23.9	-0.136439
24.0	-0.150418
24.1	-0.169744
24.2	-0.17084
24.3	-0.17461
24.4	-0.180324
24.5	-0.158329
24.6	-0.172308
24.7	-0.156633
24.8	-0.16818
24.9	-0.166603
25.0	-0.177422
25.1	-0.16126
25.2	-0.139509
25.3	-0.158348
25.4	-0.122985
25.5	-0.123352
25.6	-0.142435
25.7	-0.165407
25.8	-0.151676
25.9	-0.135758
26.0	-0.147549
26.1	-0.163229
26.2	-0.162137
26.3	-0.159831
26.4	-0.167732
26.5	-0.176121
26.6	-0.196176
26.7	-0.177584
26.8	-0.16993
26.9	-0.169081
27.0	-0.182088
27.1	-0.188774
27.2	-0.18428
27.3	-0.185376
27.4	-0.180639
27.5	-0.166908
27.6	-0.15658
27.7	-0.190976
27.8	-0.159016
27.9	-0.138236
28.0	-0.133985
28.1	-0.140671
28.2	-0.135691
28.3	-0.146996
28.4	-0.163648
28.5	-0.161584
28.6	-0.178723
28.7	-0.170826
28.8	-0.177026
28.9	-0.197567
29.0	-0.16269
29.1	-0.181044
29.2	-0.175091
29.3	-0.141672
29.4	-0.125025
29.5	-0.147511
29.6	-0.110932
29.7	-0.116403
29.8	-0.144966
29.9	-0.140957
30.0	-0.150561
30.1	-0.13999
30.2	-0.155184
30.3	-0.139752
30.4	-0.15689
30.5	-0.135624
30.6	-0.176826
30.7	-0.180596
30.8	-0.201137
30.9	-0.174038
31.0	-0.166384
31.1	-0.145847
31.2	-0.157395
31.3	-0.151442
31.4	-0.13358
31.5	-0.173566
31.6	-0.188274
31.7	-0.188155
31.8	-0.15984
31.9	-0.202014
32.0	-0.177102
32.1	-0.192782
32.2	-0.183913
32.3	-0.179662
32.4	-0.18489
32.5	-0.187931
32.6	-0.211388
32.7	-0.208839
32.8	-0.224033
32.9	-0.238497
33.0	-0.23692
33.1	-0.225133
33.2	-0.20484
33.3	-0.227326
33.4	-0.232068
33.5	-0.224414
33.6	-0.223565
33.7	-0.203272
33.8	-0.210445
33.9	-0.179943
34.0	-0.152844
34.1	-0.13887
34.2	-0.15455
34.3	-0.137416
34.4	-0.142644
34.5	-0.150789
34.6	-0.137788
34.7	-0.127946
34.8	-0.121507
34.9	-0.094408
35.0	-0.100852
35.1	-0.090524
35.2	-0.082384
35.3	-0.06841
35.4	-0.072423
35.5	-0.063797
35.6	-0.092116
35.7	-0.129672
35.8	-0.099899
35.9	-0.098564
36.0	-0.113758
36.1	-0.113882
36.2	-0.136854
36.3	-0.133089
36.4	-0.127136
36.5	-0.136983
36.6	-0.176969
36.7	-0.193864
36.8	-0.228503
36.9	-0.196786
37.0	-0.212466
37.1	-0.185366
37.2	-0.187435
37.3	-0.179295
37.4	-0.162404
37.5	-0.185619
37.6	-0.13713
37.7	-0.142115
37.8	-0.168247
37.9	-0.159864
38.0	-0.152939
38.1	-0.14091
38.2	-0.121832
38.3	-0.134838
38.4	-0.089995
38.5	-0.087445
38.6	-0.098021
38.7	-0.09061
38.8	-0.085386
38.9	-0.038599
39.0	-0.016361
39.1	-0.060236
39.2	-0.070083
39.3	-0.06413
39.4	-0.035573
39.5	-0.061947
39.6	-0.096343
39.7	-0.112995
39.8	-0.110446
39.9	-0.096715
40.0	-0.100728
40.1	-0.11738
40.2	-0.14813
40.3	-0.150685
40.4	-0.178518
40.5	-0.183017
40.6	-0.166855
40.7	-0.173056
40.8	-0.177555
40.9	-0.195909
41.0	-0.143288
41.1	-0.172336
41.2	-0.160307
41.3	-0.16116
41.4	-0.194098
41.5	-0.15995
41.6	-0.158129
41.7	-0.133947
41.8	-0.157891
41.9	-0.175758
42.0	-0.157652
42.1	-0.167013
42.2	-0.210888
42.3	-0.174552
42.4	-0.199712
42.5	-0.155355
42.6	-0.170549
42.7	-0.162409
42.8	-0.185381
42.9	-0.222693
43.0	-0.192434
43.1	-0.20301
43.2	-0.215044
43.3	-0.210063
43.4	-0.233035
43.5	-0.199617
43.6	-0.19415
43.7	-0.177989
43.8	-0.169848
43.9	-0.155389
44.0	-0.114678
44.1	-0.101676
44.2	-0.122461
44.3	-0.128418
44.4	-0.157223
44.5	-0.174362
44.6	-0.174486
44.7	-0.186034
44.8	-0.192963
44.9	-0.181177
45.0	-0.16137
45.1	-0.174133
45.2	-0.149951
45.3	-0.126254
45.4	-0.121517
45.5	-0.108272
45.6	-0.099889
45.7	-0.130639
45.8	-0.077532
45.9	-0.060642
46.0	-0.045452
46.1	-0.037312
46.2	-0.020665
46.3	-0.018115
46.4	-0.03185
46.5	-0.004508
46.6	-0.040849
46.7	-0.04
46.8	-0.02238
46.9	-0.008164
47.0	0.03911
47.1	0.025131
47.2	0.024521
47.3	-0.013764
47.4	0.005801
47.5	-0.014011
47.6	-0.030178
47.7	-0.019607
47.8	-0.036502
47.9	-0.026417
48.0	-0.060813
48.1	-0.057534
48.2	-0.059846
48.3	-0.109554
48.4	-0.145895
48.5	-0.177374
48.6	-0.163643
48.7	-0.179566
48.8	-0.177259
48.9	-0.149674
49.0	-0.16584
49.1	-0.130234
49.2	-0.136434
49.3	-0.135343
49.4	-0.166822
49.5	-0.172779
49.6	-0.202071
49.7	-0.186639
49.8	-0.202076
49.9	-0.162337
50.0	-0.209858
50.1	-0.193211
50.2	-0.185071
50.3	-0.194188
50.4	-0.165144
50.5	-0.153115
50.6	-0.109245
50.7	-0.108153
50.8	-0.073519
50.9	-0.092359
51.0	-0.087865
51.1	-0.067328
51.2	-0.046792
51.3	-0.068305
51.4	-0.116799
51.5	-0.124944
51.6	-0.160798
51.7	-0.201027
51.8	-0.226187
51.9	-0.230443
52.0	-0.206989
52.1	-0.200064
52.2	-0.19314
52.3	-0.162881
52.4	-0.199707
52.5	-0.185004
52.6	-0.209677
52.7	-0.179904
52.8	-0.127041
52.9	-0.104317
53.0	-0.099336
53.1	-0.138593
53.2	-0.144308
53.3	-0.139084
53.4	-0.151847
53.5	-0.133012
53.6	-0.148692
53.7	-0.155622
53.8	-0.135815
53.9	-0.135209
54.0	-0.082102
54.1	-0.093407
54.2	-0.106657
54.3	-0.107996
54.4	-0.0843
54.5	-0.073243
54.6	-0.096458
54.7	-0.08856
54.8	-0.053683
54.9	-0.036307
55.0	-0.053202
55.1	-0.045548
55.2	-0.108868
55.3	-0.14375
55.4	-0.158458
55.5	-0.144727
55.6	-0.123461
55.7	-0.129662
55.8	-0.128327
55.9	-0.164425
56.0	-0.179132
56.1	-0.223008
56.2	-0.235528
56.3	-0.236381
56.4	-0.234074
56.5	-0.216454
56.6	-0.211474
56.7	-0.186806
56.8	-0.203944
56.9	-0.244416
57.0	-0.243811
57.1	-0.264352
57.2	-0.226558
57.3	-0.146714
57.4	-0.184999
57.5	-0.236653
57.6	-0.250874
57.7	-0.251727
57.8	-0.268623
57.9	-0.206036
58.0	-0.194979
58.1	-0.218923
58.2	-0.217832
58.3	-0.200455
58.4	-0.194746
58.5	-0.168862
58.6	-0.173847
58.7	-0.146991
58.8	-0.104093
58.9	-0.070674
59.0	-0.065936
59.1	-0.077484
59.2	-0.060108
59.3	-0.079434
59.4	-0.12258
59.5	-0.117842
59.6	-0.123071
59.7	-0.099374
59.8	-0.111894
59.9	-0.105699
60.0	-0.118948
60.1	-0.122718
60.2	-0.13621
60.3	-0.16137
60.4	-0.143021
60.5	-0.12613
60.6	-0.130629
60.7	-0.129295
60.8	-0.163205
60.9	-0.145342
61.0	-0.155917
61.1	-0.165521
61.2	-0.169534
61.3	-0.156775
61.4	-0.15617
61.5	-0.134661
61.6	-0.13989
61.7	-0.154111
61.8	-0.189479
61.9	-0.205645
62.0	-0.246604
62.1	-0.216831
62.2	-0.234698
62.3	-0.235552
62.4	-0.240051
62.5	-0.242848
62.6	-0.241271
62.7	-0.258409
62.8	-0.258047
62.9	-0.193273
63.0	-0.200932
63.1	-0.190604
63.2	-0.198992
63.3	-0.132517
63.4	-0.141634
63.5	-0.10068
63.6	-0.079901
63.7	-0.074434
63.8	-0.053898
63.9	-0.067147
64.0	-0.080396
64.1	-0.068367
64.2	-0.097902
64.3	-0.127679
64.4	-0.116379
64.5	-0.150775
64.6	-0.11055
64.7	-0.097063
64.8	-0.061456
64.9	-0.089046
65.0	-0.121498
65.1	-0.139365
65.2	-0.148239
65.3	-0.122113
65.4	-0.177898
65.5	-0.155417
65.6	-0.156999
65.7	-0.174867
65.8	-0.185929
65.9	-0.153482
66.0	-0.208052
66.1	-0.202586
66.2	-0.232606
66.3	-0.229084
66.4	-0.226048
66.5	-0.256798
66.6	-0.26786
66.7	-0.269928
66.8	-0.284879
66.9	-0.311011
67.0	-0.29096
67.1	-0.258271
67.2	-0.259124
67.3	-0.210392
67.4	-0.228746
67.5	-0.253176
67.6	-0.239445
67.7	-0.233493
67.8	-0.222679
67.9	-0.185857
68.0	-0.19303
68.1	-0.206522
68.2	-0.200569
68.3	-0.149164
68.4	-0.150503
68.5	-0.199483
68.6	-0.243358
68.7	-0.244454
68.8	-0.240203
68.9	-0.227688
69.0	-0.191595
69.1	-0.236929
69.2	-0.273998
69.3	-0.228183
69.4	-0.194278
69.5	-0.157457
69.6	-0.158553
69.7	-0.132183
69.8	-0.119668
69.9	-0.136077
70.0	-0.087831
70.1	-0.076288
70.2	-0.071794
70.3	-0.093307
70.4	-0.045304
70.5	-0.039595
70.6	-0.060136
70.7	-0.021127
70.8	-0.012744
70.9	-0.005819
71.0	0.017635
71.1	-0.029401
71.2	-0.054317
71.3	-0.045204
71.4	-0.041439
71.5	-0.047397
71.6	-0.015436
71.7	-0.00365
71.8	-0.021761
71.9	-0.039385
72.0	-0.00548
72.1	-0.010952
72.2	-0.033437
72.3	0.030364
72.4	-0.031254
72.5	-0.044261
72.6	-0.05119
72.7	-0.06444
72.8	-0.090571
72.9	-0.092397
73.0	-0.104917
73.1	-0.125215
73.2	-0.111727
73.3	-0.127407
73.4	-0.193158
73.5	-0.212241
73.6	-0.1691
73.7	-0.159744
73.8	-0.155493
73.9	-0.141762
74.0	-0.119038
74.1	-0.127183
74.2	-0.140919
74.3	-0.174099
74.4	-0.143597
74.5	-0.121846
74.6	-0.043217
74.7	0.004786
74.8	-0.02402
74.9	-0.040915
75.0	-0.042497
75.1	-0.034843
75.2	0.019479
75.3	0.002827
75.4	-0.022819
75.5	0.002093
75.6	-0.007267
75.7	-0.040205
75.8	-0.026474
75.9	-0.051147
76.0	-0.045438
76.1	-0.081049
76.2	-0.088951
76.3	-0.130639
76.4	-0.126631
76.5	-0.141581
76.6	-0.138545
76.7	-0.158357
76.8	-0.115216
76.9	-0.142077
77.0	-0.158486
77.1	-0.201632
77.2	-0.193978
77.3	-0.189241
77.4	-0.141724
77.5	-0.122646
77.6	-0.144889
77.7	-0.129943
77.8	-0.110379
77.9	-0.133837
78.0	-0.138822
78.1	-0.133841
78.2	-0.132993
78.3	-0.103463
78.4	-0.061537
78.5	-0.126802
78.6	-0.184775
78.7	-0.147953
78.8	-0.168252
78.9	-0.193654
79.0	-0.224161
79.1	-0.14456
79.2	-0.165344
79.3	-0.171788
79.4	-0.166807
79.5	-0.134847
79.6	-0.137158
79.7	-0.159644
79.8	-0.139837
79.9	-0.118814
80.0	-0.107271
80.1	-0.112013
80.2	-0.138631
80.3	-0.170353
80.4	-0.195513
80.5	-0.15626
80.6	-0.160516
80.7	-0.177655
80.8	-0.126249
80.9	-0.139499
81.0	-0.143025
81.1	-0.135128
81.2	-0.15251
81.3	-0.170134
81.4	-0.123104
81.5	-0.060517
81.6	-0.056752
81.7	-0.065869
81.8	-0.049951
81.9	-0.055909
82.0	-0.043636
82.1	-0.046677
82.2	-0.033675
82.3	-0.063696
82.4	-0.056771
82.5	-0.124953
82.6	-0.155703
82.7	-0.206627
82.8	-0.209911
82.9	-0.178679
83.0	-0.177831
83.1	-0.190351
83.2	-0.244192
83.3	-0.194002
83.4	-0.181487
83.5	-0.169214
83.6	-0.145032
83.7	-0.099946
83.8	-0.138474
83.9	-0.224156
84.0	-0.209939
84.1	-0.194021
84.2	-0.176401
84.3	-0.214686
84.4	-0.195122
84.5	-0.183093
84.6	-0.204606
84.7	-0.189174
84.8	-0.190756
84.9	-0.221749
85.0	-0.23111
85.1	-0.213976
85.2	-0.184689
85.3	-0.173146
85.4	-0.164277
85.5	-0.182144
85.6	-0.182997
85.7	-0.161002
85.8	-0.178384
85.9	-0.221287
86.0	-0.196375
86.1	-0.200874
86.2	-0.174261
86.3	-0.147891
86.4	-0.166488
86.5	-0.145222
86.6	-0.129061
86.7	-0.151547
86.8	-0.148268
86.9	-0.128704
87.0	-0.129557
87.1	-0.103187
87.2	-0.070011
87.3	-0.140866
87.4	-0.170887
87.5	-0.189484
87.6	-0.145613
87.7	-0.192891
87.8	-0.168952
87.9	-0.154978
88.0	-0.169929
88.1	-0.157414
88.2	-0.147086
88.3	-0.189503
88.4	-0.224628
88.5	-0.282358
88.6	-0.274947
88.7	-0.230347
88.8	-0.230957
88.9	-0.163509
89.0	-0.193773
89.1	-0.170806
89.2	-0.198639
89.3	-0.160602
89.4	-0.146628
89.5	-0.086229
89.6	-0.070797
89.7	-0.088908
89.8	-0.166569
89.9	-0.180791
90.0	-0.14324
90.1	-0.154058
90.2	-0.155641
90.3	-0.163543
90.4	-0.091477
90.5	-0.100108
90.6	-0.190408
90.7	-0.15626
90.8	-0.139856
90.9	-0.099874
91.0	-0.143507
91.1	-0.134394
91.2	-0.172193
91.3	-0.207804
91.4	-0.186295
91.5	-0.183016
91.6	-0.120916
91.7	-0.128818
91.8	-0.144255
91.9	-0.130281
92.0	-0.103182
92.1	-0.152891
92.2	-0.18437
92.3	-0.134909
92.4	-0.136005
92.5	-0.108906
92.6	-0.09396
92.7	-0.117175
92.8	-0.141362
92.9	-0.143673
93.0	-0.147443
93.1	-0.116455
93.2	-0.087411
93.3	-0.105279
93.4	-0.105403
93.5	-0.106499
93.6	-0.062385
93.7	-0.057891
93.8	-0.021556
93.9	-0.001019
94.0	0.004934
94.1	-0.019254
94.2	0.007116
94.3	-0.029953
94.4	-0.040043
94.5	-0.042111
94.6	-0.092549
94.7	-0.115035
94.8	-0.128041
94.9	-0.092192
95.0	-0.071169
95.1	-0.08855
95.2	-0.080653
95.3	-0.050637
95.4	-0.049546
95.5	-0.051857
95.6	-0.032536
95.7	-0.033146
95.8	-0.012367
95.9	0.009385
96.0	0.00124
96.1	0.000387
96.2	-0.022585
96.3	-0.087607
96.4	-0.044222
96.5	-0.102925
96.6	-0.13489
96.7	-0.194564
96.8	-0.178889
96.9	-0.208424
97.0	-0.218027
97.1	-0.199921
97.2	-0.199802
97.3	-0.140861
97.4	-0.141958
97.5	-0.169305
97.6	-0.149254
97.7	-0.135767
97.8	-0.113286
97.9	-0.116812
98.0	-0.12909
98.1	-0.161784
98.2	-0.129337
98.3	-0.086196
98.4	-0.085591
98.5	-0.10759
98.6	-0.114763
98.7	-0.100303
98.8	-0.113553
98.9	-0.065793
99.0	-0.026541
99.1	-0.03347
99.2	-0.026302
99.3	0.0042
99.4	0.003103
99.5	-0.020598
99.6	-0.065445
99.7	-0.090361
99.8	-0.078089
99.9	-0.044184
100.0	0.006249
100.1	0.038939
100.2	0.078434
100.3	0.037476
100.4	0.027629
100.5	0.045249
100.6	0.040264
100.7	0.033091
100.8	0.000883
100.9	0.024822
101.0	0.034907
101.1	0.071728
101.2	0.086917
101.3	0.054709
101.4	0.054585
101.5	0.067344
101.6	-0.006185
101.7	0.031123
101.8	0.009366
101.9	-0.036697
102.0	-0.0463
102.1	-0.076321
102.2	-0.067208
102.3	-0.059311
102.4	-0.04874
102.5	-0.090185
102.6	-0.127012
102.7	-0.114982
102.8	-0.145246
102.9	-0.07318
103.0	-0.105632
103.1	-0.109888
103.2	-0.140637
103.3	-0.063224
103.4	-0.097863
103.5	-0.085591
103.6	-0.178322
103.7	-0.194731
103.8	-0.158152
103.9	-0.188902
104.0	-0.207256
104.1	-0.167274
104.2	-0.143578
104.3	-0.207141
104.4	-0.150389
104.5	-0.117942
104.6	-0.106156
104.7	-0.09996
104.8	-0.090604
104.9	-0.080763
105.0	-0.125367
105.1	-0.181639
105.2	-0.168394
105.3	-0.200603
105.4	-0.199511
105.5	-0.168037
105.6	-0.201217
105.7	-0.169257
105.8	-0.143616
105.9	-0.099746
106.0	-0.120044
106.1	-0.105827
106.2	-0.089423
106.3	-0.163681
106.4	-0.188354
106.5	-0.183374
106.6	-0.203915
106.7	-0.206469
106.8	-0.245726
106.9	-0.232239
107.0	-0.244516
107.1	-0.252175
107.2	-0.193234
107.3	-0.202838
107.4	-0.17744
107.5	-0.208919
107.6	-0.249878
107.7	-0.214271
107.8	-0.222659
107.9	-0.258514
108.0	-0.232144
108.1	-0.263136
108.2	-0.179647
108.3	-0.19557
108.4	-0.198853
108.5	-0.238111
108.6	-0.211254
108.7	-0.217698
108.8	-0.249906
108.9	-0.237634
109.0	-0.262064
109.1	-0.261459
109.2	-0.223665
109.3	-0.181982
109.4	-0.146619
109.5	-0.207751
109.6	-0.237043
109.7	-0.207513
109.8	-0.225381
109.9	-0.192934
110.0	-0.219066
110.1	-0.257594
110.2	-0.266225
110.3	-0.285551
110.4	-0.211054
110.5	-0.1859
110.6	-0.200364
110.7	-0.23792
110.8	-0.213494
110.9	-0.202437
111.0	-0.191137
111.1	-0.239145
111.2	-0.218365
111.3	-0.178141
111.4	-0.117985
111.5	-0.106928
111.6	-0.142539
111.7	-0.188602
111.8	-0.174871
111.9	-0.163571
112.0	-0.161994
112.1	-0.215348
112.2	-0.10342
112.3	-0.071703
112.4	-0.055298
112.5	-0.10841
112.6	-0.09079
112.7	-0.035982
112.8	-0.080586
112.9	-0.064668
113.0	-0.076216
113.1	-0.059326
113.2	-0.056533
113.3	-0.049365
113.4	-0.053135
113.5	-0.05496
113.6	-0.042688
113.7	-0.070521
113.8	-0.078423
113.9	-0.068581
114.0	-0.016689
114.1	-0.042821
114.2	-0.090099
114.3	-0.060083
114.4	-0.027394
114.5	0.022067
114.6	-0.071879
114.7	-0.055718
114.8	-0.086468
114.9	-0.119405
115.0	-0.104459
115.1	-0.083193
115.2	-0.064601
115.3	-0.03094
115.4	-0.090857
115.5	-0.085147
115.6	-0.103987
115.7	-0.115049
115.8	-0.220419
115.9	-0.186271
116.0	-0.177888
116.1	-0.15006
116.2	-0.140218
116.3	-0.150794
116.4	-0.145084
116.5	-0.137673
116.6	-0.12297
116.7	-0.090523
116.8	-0.101099
116.9	-0.12796
117.0	-0.152876
117.1	-0.118485
117.2	-0.134651
117.3	-0.178527
117.4	-0.211221
117.5	-0.257284
117.6	-0.295812
117.7	-0.32243
117.8	-0.24453
117.9	-0.164443
118.0	-0.131024
118.1	-0.107085
118.2	-0.103806
118.3	-0.070144
118.4	-0.078775
118.5	-0.082059
118.6	-0.118156
118.7	-0.110502
118.8	-0.131043
118.9	-0.126792
119.0	-0.11452
119.1	-0.104435
119.2	-0.137373
119.3	-0.136281
119.4	-0.137377
119.5	-0.120244
119.6	-0.147348
119.7	-0.081601
119.8	-0.108705
119.9	-0.116607
120.0	-0.076383
120.1	-0.090361
120.2	-0.08295
120.3	-0.051719
120.4	-0.0849
120.5	-0.078704
120.6	-0.108968
120.7	-0.108362
120.8	-0.137897
120.9	-0.179828
121.0	-0.136686
121.1	-0.13997
121.2	-0.144469
121.3	-0.133169
121.4	-0.193573
121.5	-0.265643
121.6	-0.301497
121.7	-0.27853
121.8	-0.236604
121.9	-0.228707
122.0	-0.215463
122.1	-0.196628
122.2	-0.197724
122.3	-0.183993
122.4	-0.176825
122.5	-0.148268
122.6	-0.081306
122.7	-0.112542
122.8	-0.112423
122.9	-0.137339
123.0	-0.138435
123.1	-0.102829
123.2	-0.113162
123.3	-0.121307
123.4	-0.117541
123.5	-0.081935
123.6	-0.085948
123.7	-0.033084
123.8	-0.04925
123.9	-0.137606
124.0	-0.169814
124.1	-0.116707
124.2	-0.16277
124.3	-0.156088
124.4	-0.229617
124.5	-0.199602
124.6	-0.189031
124.7	-0.148806
124.8	-0.146256
124.9	-0.183812
125.0	-0.208242
125.1	-0.265243
125.2	-0.258561
125.3	-0.255525
125.4	-0.258566
125.5	-0.243134
125.6	-0.238639
125.7	-0.270848
125.8	-0.281423
125.9	-0.275228
126.0	-0.240836
126.1	-0.242419
126.2	-0.279002
126.3	-0.213256
126.4	-0.152614
126.5	-0.211316
126.6	-0.182759
126.7	-0.231009
126.8	-0.210716
126.9	-0.263827
127.0	-0.271243
127.1	-0.265291
127.2	-0.290207
127.3	-0.269913
127.4	-0.294101
127.5	-0.256064
127.6	-0.256674
127.7	-0.276486
127.8	-0.236018
127.9	-0.197252
128.0	-0.199806
128.1	-0.172707
128.2	-0.218041
128.3	-0.20115
128.4	-0.185475
128.5	-0.205044
128.6	-0.194473
128.7	-0.167374
128.8	-0.171873
128.9	-0.164462
129.0	-0.194483
129.1	-0.244678
129.2	-0.203238
129.3	-0.201174
129.4	-0.131782
129.5	-0.111732
129.6	-0.098973
129.7	-0.123647
129.8	-0.129118
129.9	-0.134103
130.0	-0.134227
130.1	-0.123413
130.2	-0.098501
130.3	-0.07918
130.4	-0.115764
130.5	-0.124395
130.6	-0.127679
130.7	-0.125372
130.8	-0.112613
130.9	-0.015512
131.0	-0.036539
131.1	-0.076769
131.2	-0.039704
131.3	-0.00191
131.4	-0.031688
131.5	-0.080667
131.6	-0.115549
131.7	-0.086992
131.8	-0.088088
131.9	-0.106928
132.0	-0.06087
132.1	-0.067799
132.2	-0.066222
132.3	-0.10159
132.4	-0.081782
132.5	-0.101351
132.6	-0.06696
132.7	-0.052744
132.8	-0.086167
132.9	-0.080944
133.0	-0.083255
133.1	-0.138068
133.2	-0.117775
133.3	-0.157032
133.4	-0.143544
133.5	-0.124952
133.6	-0.155216
133.7	-0.160931
133.8	-0.161054
133.9	-0.14149
134.0	-0.158629
134.1	-0.226324
134.2	-0.189989
134.3	-0.140771
134.4	-0.143568
134.5	-0.140532
134.6	-0.151837
134.7	-0.107967
134.8	-0.112952
134.9	-0.135194
135.0	-0.098373
135.1	-0.068357
135.2	-0.02084
135.3	0.014766
135.4	0.030441
135.5	-0.023886
135.6	0.008075
135.7	0.072119
135.8	0.128872
135.9	0.100067
136.0	0.051573
136.1	0.052908
136.2	0.035283
136.3	0.018388
136.4	-0.03448
136.5	-0.019291
136.6	-0.02136
136.7	-0.054783
136.8	-0.079457
136.9	-0.089546
137.0	-0.116164
137.1	-0.107538
137.2	-0.060507
137.3	-0.024172
137.4	-0.101347
137.5	-0.115811
137.6	-0.083851
137.7	-0.055293
137.8	-0.079724
137.9	-0.103182
138.0	-0.074381
138.1	-0.092735
138.2	-0.068066
138.3	-0.082288
138.4	-0.051543
138.5	-0.043888
138.6	-0.055679
138.7	-0.051428
138.8	-0.091171
138.9	-0.000633
139.0	-0.049612
139.1	-0.074043
139.2	-0.031387
139.3	0.002761
139.4	-0.019239
139.5	-0.030058
139.6	-0.038446
139.7	-0.018638
139.8	-0.007581
139.9	-0.056075
140.0	-0.10311
140.1	-0.105665
140.2	-0.124261
140.3	-0.12001
140.4	-0.18406
140.5	-0.237657
140.6	-0.233649
140.7	-0.176896
140.8	-0.202542
140.9	-0.20534
141.0	-0.227582
141.1	-0.240102
141.2	-0.257727
141.3	-0.190036
141.4	-0.229779
141.5	-0.210944
141.6	-0.21836
141.7	-0.229665
141.8	-0.266734
141.9	-0.208766
142.0	-0.153958
142.1	-0.217035
142.2	-0.208166
142.3	-0.170372
142.4	-0.14862
142.5	-0.103048
142.6	-0.091262
142.7	-0.122498
142.8	-0.09467
142.9	-0.10719
143.0	-0.080334
143.1	-0.033303
143.2	-0.042907
143.3	-0.011189
143.4	0.026119
143.5	0.119817
143.6	0.088581
143.7	0.07436
143.8	0.063784
143.9	0.044701
144.0	0.037042
144.1	0.015772
144.2	0.025127
144.3	-0.048645
144.4	-0.092034
144.5	-0.084137
144.6	-0.089608
144.7	-0.183068
144.8	-0.192186
144.9	-0.160711
145.0	-0.192433
145.1	-0.142486
145.2	-0.152333
145.3	-0.122074
145.4	-0.187582
145.5	-0.157809
145.6	-0.10373
145.7	-0.121597
145.8	-0.181758
145.9	-0.184555
146.0	-0.159401
146.1	-0.210811
146.2	-0.194163
146.3	-0.186266
146.4	-0.194897
146.5	-0.25603
146.6	-0.245216
146.7	-0.25166
146.8	-0.303313
146.9	-0.306597
147.0	-0.317902
147.1	-0.305872
147.2	-0.244501
147.3	-0.274765
147.4	-0.238916
147.5	-0.244144
147.6	-0.274894
147.7	-0.207203
147.8	-0.184965
147.9	-0.215229
148.0	-0.186428
148.1	-0.148148
148.2	-0.194211
148.3	-0.175133
148.4	-0.205154
148.5	-0.240522
148.6	-0.201026
148.7	-0.168094
148.8	-0.151203
148.9	-0.159348
149.0	-0.155097
149.1	-0.196785
149.2	-0.17722
149.3	-0.18099
149.4	-0.150245
149.5	-0.213809
149.6	-0.228273
149.7	-0.204091
149.8	-0.163623
149.9	-0.18781
150.0	-0.22804
150.1	-0.163509
150.2	-0.115263
150.3	-0.149902
150.4	-0.187944
150.5	-0.180776
150.6	-0.169962
150.7	-0.178593
150.8	-0.179446
150.9	-0.199015
151.0	-0.197681
151.1	-0.193916
151.2	-0.160497
151.3	-0.10423
151.4	-0.127931
151.5	-0.096943
151.6	-0.074219
151.7	-0.11615
151.8	-0.084189
151.9	-0.095008
152.0	-0.144474
152.1	-0.195155
152.2	-0.226877
152.3	-0.199778
152.4	-0.23466
152.5	-0.280722
152.6	-0.283034
152.7	-0.289234
152.8	-0.288629
152.9	-0.268822
153.0	-0.222035
153.1	-0.277091
153.2	-0.259228
153.3	-0.284874
153.4	-0.280622
153.5	-0.222411
153.6	-0.21184
153.7	-0.14974
153.8	-0.067708
153.9	-0.124466
154.0	-0.117784
154.1	-0.170653
154.2	-0.117303
154.3	-0.179165
154.4	-0.196546
154.5	-0.209066
154.6	-0.237386
154.7	-0.259628
154.8	-0.260238
154.9	-0.234841
155.0	-0.227187
155.1	-0.183073
155.2	-0.166669
155.3	-0.16898
155.4	-0.184174
155.5	-0.169228
155.6	-0.197061
155.7	-0.167531
155.8	-0.142133
155.9	-0.150278
156.0	-0.128527
156.1	-0.091948
156.2	-0.061932
156.3	-0.071049
156.4	-0.073847
156.5	-0.064248
156.6	-0.059997
156.7	-0.030467
156.8	-0.105941
156.9	-0.105822
157.0	-0.120529
157.1	-0.158571
157.2	-0.138278
157.3	-0.159548
157.4	-0.085295
157.5	-0.129899
157.6	-0.161864
157.7	-0.163447
157.8	-0.171349
157.9	-0.08081
158.0	-0.055655
158.1	-0.071335
158.2	-0.109863
158.3	-0.094431
158.4	-0.111326
158.5	-0.080338
158.6	-0.042058
158.7	-0.037078
158.8	-0.006576
158.9	-0.036596
159.0	-0.046929
159.1	-0.089346
159.2	-0.084365
159.3	-0.090566
159.4	-0.008534
159.5	-0.03734
159.6	-0.058367
159.7	-0.085471
159.8	-0.061046
159.9	-0.038079
160.0	-0.038445
160.1	-0.070411
160.2	-0.022165
160.3	-0.130938
160.4	-0.122798
160.5	-0.114172
160.6	-0.106761
160.7	-0.040285
160.8	-0.045513
160.9	-0.03397
161.0	-0.05597
161.1	-0.018662
161.2	0.028125
161.3	0.038696
161.4	0.044406
161.5	0.080984
161.6	0.042456
161.7	0.064937
161.8	0.106377
161.9	0.116948
162.0	0.100539
162.1	0.049372
162.2	0.078659
162.3	0.026762
162.4	0.019589
162.5	0.016306
162.6	0.033196
162.7	0.021405
162.8	0.026143
162.9	0.058832
163.0	-0.00546
163.1	0.025042
163.2	0.055787
163.3	0.14827
163.4	0.148875
163.5	0.134897
163.6	0.109251
163.7	0.078015
163.8	0.083482
163.9	0.032071
164.0	0.011773
164.1	-0.049603
164.2	-0.073304
164.3	-0.054955
164.4	-0.084489
164.5	-0.102114
164.6	-0.177344
164.7	-0.216358
164.8	-0.215267
164.9	-0.214905
165.0	-0.233258
165.1	-0.199353
165.2	-0.226943
165.3	-0.1979
165.4	-0.113681
165.5	-0.074428
165.6	-0.075281
165.7	-0.033842
165.8	-0.072613
165.9	-0.034089
166.0	0.02558
166.1	-0.087811
166.2	-0.09863
166.3	-0.140318
166.4	-0.115649
166.5	-0.115287
166.6	-0.185656
166.7	-0.25165
166.8	-0.118818
166.9	-0.237071
167.0	-0.259314
167.1	-0.270619
167.2	-0.180323
167.3	-0.190412
167.4	-0.214113
167.5	-0.226391
167.6	-0.16113
167.7	-0.147157
167.8	-0.062695
167.9	-0.093688
168.0	-0.108152
168.1	-0.110464
168.2	-0.088469
168.3	-0.102204
168.4	-0.021145
168.5	-0.022484
168.6	-0.04813
168.7	-0.073532
168.8	-0.089455
168.9	-0.06503
169.0	-0.022618
169.1	-0.082778
169.2	-0.049846
169.3	-0.015698
169.4	-0.030405
169.5	-0.044627
169.6	-0.019229
169.7	-0.076959
169.8	-0.151946
169.9	-0.145022
170.0	-0.133721
170.1	-0.089608
170.2	-0.097753
170.3	-0.026416
170.4	-0.019248
170.5	-0.035414
170.6	-0.048177
170.7	-0.016946
170.8	-0.071516
170.9	-0.041257
171.0	-0.083431
171.1	-0.147967
171.2	-0.082707
171.3	-0.02328
171.4	-0.046252
171.5	-0.103253
171.6	-0.121606
171.7	-0.061937
171.8	-0.089041
171.9	-0.094512
172.0	-0.120158
172.1	-0.127087
172.2	-0.163671
172.3	-0.1198
172.4	-0.118466
172.5	-0.105221
172.6	-0.136943
172.7	-0.088941
172.8	-0.105593
172.9	-0.141204
173.0	-0.143029
173.1	-0.144125
173.2	-0.173417
173.3	-0.114963
173.4	-0.126754
173.5	-0.153614
173.6	-0.199677
173.7	-0.228483
173.8	-0.187529
173.9	-0.181333
174.0	-0.169061
174.1	-0.173803
174.2	-0.20674
174.3	-0.192281
174.4	-0.232996
174.5	-0.211973
174.6	-0.26703
174.7	-0.241632
174.8	-0.281618
174.9	-0.249172
175.0	-0.274088
175.1	-0.251607
175.2	-0.239335
175.3	-0.293176
175.4	-0.301321
175.5	-0.279569
175.6	-0.277748
175.7	-0.311415
175.8	-0.236432
175.9	-0.282009
176.0	-0.28189
176.1	-0.262569
176.2	-0.227692
176.3	-0.238024
176.4	-0.261482
176.5	-0.365637
176.6	-0.346316
176.7	-0.228554
176.8	-0.301111
176.9	-0.339153
177.0	-0.292609
177.1	-0.2886
177.2	-0.296745
177.3	-0.327738
177.4	-0.288
177.5	-0.310242
177.6	-0.315957
177.7	-0.207188
177.8	-0.26662
177.9	-0.231986
178.0	-0.255201
178.1	-0.252651
178.2	-0.231385
178.3	-0.231266
178.4	-0.188611
178.5	-0.172693
178.6	-0.158476
178.7	-0.183635
178.8	-0.172092
178.9	-0.215481
179.0	-0.244043
179.1	-0.278439
179.2	-0.199082
179.3	-0.269208
179.4	-0.31916
179.5	-0.308346
179.6	-0.380902
179.7	-0.347727
179.8	-0.35101
179.9	-0.287209
180.0	-0.276638
180.1	-0.255858
180.2	-0.219037
180.3	-0.192667
180.4	-0.128865
180.5	-0.11319
180.6	-0.126196
180.7	-0.175176
180.8	-0.190126
180.9	-0.264628
181.0	-0.195722
181.1	-0.21845
181.2	-0.238019
181.3	-0.322486
181.4	-0.273511
181.5	-0.219432
181.6	-0.222716
181.7	-0.229646
181.8	-0.1989
181.9	-0.218469
182.0	-0.178731
182.1	-0.145069
182.2	-0.113109
182.3	-0.18445
182.4	-0.186518
182.5	-0.196365
182.6	-0.220552
182.7	-0.275608
182.8	-0.197466
182.9	-0.166964
183.0	-0.143754
183.1	-0.182282
183.2	-0.202094
183.3	-0.163327
183.4	-0.198695
183.5	-0.126143
183.6	-0.097829
183.7	-0.115453
183.8	-0.172211
183.9	-0.206364
184.0	-0.17416
184.1	-0.274183
184.2	-0.293023
184.3	-0.208804
184.4	-0.167364
184.5	-0.089222
184.6	-0.038545
184.7	-0.004397
184.8	0.032667
184.9	0.036676
185.0	-0.002338
185.1	0.00483
185.2	-0.037587
185.3	-0.058372
185.4	-0.088392
185.5	-0.089975
185.6	-0.106141
185.7	-0.115015
185.8	-0.111736
185.9	-0.151479
186.0	-0.134589
186.1	-0.16072
186.2	-0.073828
186.3	-0.05402
186.4	-0.00699
186.5	-0.029962
186.6	0.006374
186.7	-0.013924
186.8	-0.011132
186.9	0.018641
187.0	0.061783
187.1	0.025685
187.2	-0.011141
187.3	-0.037759
187.4	-0.023785
187.5	-0.064258
187.6	-0.092091
187.7	-0.086624
187.8	-0.105464
187.9	-0.068399
188.0	-0.067308
188.1	-0.039236
188.2	-0.099397
188.3	-0.058686
188.4	-0.069262
188.5	-0.074247
188.6	-0.018709
188.7	-0.038765
188.8	-0.126148
188.9	-0.142314
189.0	-0.067575
189.1	-0.029538
189.2	-0.069281
189.3	-0.118747
189.4	-0.15217
189.5	-0.181705
189.6	-0.212941
189.7	-0.150597
189.8	-0.091657
189.9	-0.093482
190.0	-0.048883
190.1	-0.03418
190.2	0.026705
190.3	0.054291
190.4	0.059757
190.5	0.006159
190.6	-0.025806
190.7	-0.068466
190.8	-0.066888
190.9	-0.074547
191.0	0.001651
191.1	0.008333
191.2	-0.001271
191.3	-0.043445
191.4	-0.044055
191.5	-0.006261
191.6	-0.015621
191.7	-0.047343
191.8	-0.063509
191.9	-0.155997
192.0	-0.057681
192.1	-0.074333
192.2	-0.144459
192.3	-0.126596
192.4	-0.119185
192.5	-0.101322
192.6	-0.197699
192.7	-0.23088
192.8	-0.242671
192.9	-0.262969
193.0	-0.264551
193.1	-0.258112
193.2	-0.283758
193.3	-0.263951
193.4	-0.226157
193.5	-0.252045
193.6	-0.216196
193.7	-0.244272
193.8	-0.271133
193.9	-0.291188
194.0	-0.281833
194.1	-0.292651
194.2	-0.267497
194.3	-0.263002
194.4	-0.254619
194.5	-0.248666
194.6	-0.220109
194.7	-0.213184
194.8	-0.148653
194.9	-0.161659
195.0	-0.104906
195.1	-0.064196
195.2	-0.067236
195.3	-0.092639
195.4	-0.055817
195.5	-0.082678
195.6	-0.108567
195.7	-0.105045
195.8	-0.047076
195.9	-0.059353
196.0	-0.067741
196.1	-0.067379
196.2	-0.079899
196.3	-0.077107
196.4	-0.142858
196.5	-0.091938
196.6	-0.073832
196.7	-0.092915
196.8	-0.101303
196.9	-0.119171
197.0	-0.139712
197.1	-0.074452
197.2	-0.126834
197.3	-0.200606
197.4	-0.173021
197.5	-0.161478
197.6	-0.209729
197.7	-0.223221
197.8	-0.164037
197.9	-0.197461
198.0	-0.084317
198.1	-0.133054
198.2	-0.096718
198.3	-0.11726
198.4	-0.118842
198.5	-0.082506
198.6	-0.02551
198.7	-0.022474
198.8	-0.128817
198.9	-0.133073
199.0	-0.07389
199.1	-0.10075
199.2	-0.105492
199.3	-0.125305
199.4	-0.105254
199.5	-0.099788
199.6	-0.147066
199.7	-0.117293
199.8	0.013837
199.9	0.020276
200.0	0.001436
200.1	-0.010112
200.2	-0.058605
200.3	-0.018867
200.4	0.010177
200.5	-0.008177
200.6	-0.042816
200.7	-0.021064
200.8	-0.060807
200.9	-0.019124
201.0	-0.084875
201.1	-0.138473
201.2	-0.254052
201.3	-0.26487
201.4	-0.230966
201.5	-0.212374

&

0.1	0.000105
0.2	0.000207
0.3	0.000485
0.4	0.000884
0.5	0.001449
0.6	0.002183
0.7	0.002959
0.8	0.003947
0.9	0.005059
1.0	0.006428
1.1	0.007632
1.2	0.00899
1.3	0.01052
1.4	0.011993
1.5	0.013412
1.6	0.014986
1.7	0.016571
1.8	0.018396
1.9	0.020043
2.0	0.0218
2.1	0.023804
2.2	0.025614
2.3	0.027448
2.4	0.029402
2.5	0.031363
2.6	0.033352
2.7	0.035051
2.8	0.036711
2.9	0.038524
3.0	0.040367
3.1	0.042044
3.2	0.043682
3.3	0.045446
3.4	0.046848
3.5	0.048374
3.6	0.050131
3.7	0.05205
3.8	0.053736
3.9	0.055367
4.0	0.056948
4.1	0.058736
4.2	0.060515
4.3	0.062089
4.4	0.064161
4.5	0.066031
4.6	0.067861
4.7	0.069632
4.8	0.071243
4.9	0.073126
5.0	0.074786
5.1	0.07654
5.2	0.078322
5.3	0.07992
5.4	0.081424
5.5	0.083074
5.6	0.084596
5.7	0.08659
5.8	0.087935
5.9	0.089978
6.0	0.09179
6.1	0.093994
6.2	0.095867
6.3	0.097707
6.4	0.099457
6.5	0.100801
6.6	0.102311
6.7	0.104123
6.8	0.105724
6.9	0.107023
7.0	0.108469
7.1	0.109549
7.2	0.111109
7.3	0.112242
7.4	0.113307
7.5	0.114502
7.6	0.11573
7.7	0.116642
7.8	0.1179
7.9	0.119034
8.0	0.120306
8.1	0.121714
8.2	0.122934
8.3	0.124508
8.4	0.12588
8.5	0.127405
8.6	0.128932
8.7	0.130409
8.8	0.132057
8.9	0.134003
9.0	0.13553
9.1	0.137201
9.2	0.13912
9.3	0.141065
9.4	0.142758
9.5	0.144424
9.6	0.145973
9.7	0.147296
9.8	0.148721
9.9	0.150424
10.0	0.151986
10.1	0.153469
10.2	0.155336
10.3	0.156956
10.4	0.158798
10.5	0.16017
10.6	0.161513
10.7	0.162945
10.8	0.163938
10.9	0.165176
11.0	0.166612
11.1	0.167896
11.2	0.168989
11.3	0.170213
11.4	0.171123
11.5	0.17229
11.6	0.173391
11.7	0.174729
11.8	0.175938
11.9	0.177215
12.0	0.178361
12.1	0.179664
12.2	0.181068
12.3	0.182611
12.4	0.184349
12.5	0.18644
12.6	0.188354
12.7	0.190304
12.8	0.192158
12.9	0.194026
13.0	0.195964
13.1	0.19768
13.2	0.199608
13.3	0.201134
13.4	0.202712
13.5	0.204451
13.6	0.206323
13.7	0.208136
13.8	0.210197
13.9	0.211452
14.0	0.212895
14.1	0.214423
14.2	0.215855
14.3	0.217154
14.4	0.218779
14.5	0.220278
14.6	0.222271
14.7	0.224317
14.8	0.226018
14.9	0.227522
15.0	0.228964
15.1	0.230873
15.2	0.232808
15.3	0.235149
15.4	0.237267
15.5	0.239665
15.6	0.241832
15.7	0.243787
15.8	0.24587
15.9	0.248017
16.0	0.250648
16.1	0.252726
16.2	0.255257
16.3	0.257549
16.4	0.259589
16.5	0.261165
16.6	0.262963
16.7	0.26468
16.8	0.266014
16.9	0.267395
17.0	0.268553
17.1	0.269693
17.2	0.270668
17.3	0.271484
17.4	0.272598
17.5	0.273925
17.6	0.275316
17.7	0.277154
17.8	0.279291
17.9	0.281142
18.0	0.283102
18.1	0.285026
18.2	0.287108
18.3	0.289279
18.4	0.291032
18.5	0.292773
18.6	0.294163
18.7	0.295289
18.8	0.296628
18.9	0.298021
19.0	0.299782
19.1	0.301525
19.2	0.302947
19.3	0.304641
19.4	0.306005
19.5	0.30766
19.6	0.309385
19.7	0.311135
19.8	0.312731
19.9	0.314573
20.0	0.316099
20.1	0.317621
20.2	0.319361
20.3	0.321211
20.4	0.322772
20.5	0.324575
20.6	0.326117
20.7	0.327605
20.8	0.329172
20.9	0.330972
21.0	0.332938
21.1	0.33433
21.2	0.335953
21.3	0.337664
21.4	0.339066
21.5	0.341354
21.6	0.343336
21.7	0.34557
21.8	0.348223
21.9	0.35041
22.0	0.352388
22.1	0.354854
22.2	0.356527
22.3	0.358668
22.4	0.360309
22.5	0.362568
22.6	0.364392
22.7	0.36596
22.8	0.367139
22.9	0.368592
23.0	0.370167
23.1	0.371645
23.2	0.373144
23.3	0.374942
23.4	0.376235
23.5	0.377991
23.6	0.379214
23.7	0.380822
23.8	0.382153
23.9	0.383981
24.0	0.385591
24.1	0.387485
24.2	0.38956
24.3	0.391539
24.4	0.393908
24.5	0.395833
24.6	0.397576
24.7	0.399928
24.8	0.401737
24.9	0.403783
25.0	0.405814
25.1	0.408065
25.2	0.40987
25.3	0.411772
25.4	0.41349
25.5	0.415052
25.6	0.416563
25.7	0.418264
25.8	0.420191
25.9	0.422107
26.0	0.423676
26.1	0.425713
26.2	0.427322
26.3	0.42957
26.4	0.431311
26.5	0.433533
26.6	0.435609
26.7	0.437875
26.8	0.440296
26.9	0.441953
27.0	0.444237
27.1	0.446361
27.2	0.448644
27.3	0.450936
27.4	0.453096
27.5	0.455197
27.6	0.457235
27.7	0.459096
27.8	0.461537
27.9	0.46352
28.0	0.465238
28.1	0.466891
28.2	0.468574
28.3	0.470069
28.4	0.471982
28.5	0.473929
28.6	0.475647
28.7	0.478197
28.8	0.480148
28.9	0.482182
29.0	0.484599
29.1	0.486567
29.2	0.488749
29.3	0.491095
29.4	0.492524
29.5	0.493883
29.6	0.495997
29.7	0.497321
29.8	0.498816
29.9	0.500456
30.0	0.50221
30.1	0.503974
30.2	0.506031
30.3	0.507617
30.4	0.509139
30.5	0.51144
30.6	0.512839
30.7	0.515231
30.8	0.517261
30.9	0.519707
31.0	0.5218
31.1	0.52376
31.2	0.525291
31.3	0.527517
31.4	0.529198
31.5	0.531006
31.6	0.533192
31.7	0.535307
31.8	0.537522
31.9	0.539468
32.0	0.541952
32.1	0.544133
32.2	0.546549
32.3	0.54888
32.4	0.550717
32.5	0.552952
32.6	0.555356
32.7	0.557929
32.8	0.560294
32.9	0.562976
33.0	0.565691
33.1	0.568548
33.2	0.57152
33.3	0.573764
33.4	0.576593
33.5	0.579331
33.6	0.58222
33.7	0.584749
33.8	0.587129
33.9	0.589711
34.0	0.591802
34.1	0.593518
34.2	0.59548
34.3	0.59726
34.4	0.599164
34.5	0.600561
34.6	0.60247
34.7	0.603921
34.8	0.605839
34.9	0.607351
35.0	0.608366
35.1	0.609671
35.2	0.611047
35.3	0.611806
35.4	0.612841
35.5	0.613638
35.6	0.614472
35.7	0.615684
35.8	0.617182
35.9	0.618533
36.0	0.619704
36.1	0.621116
36.2	0.622516
36.3	0.624236
36.4	0.625843
36.5	0.627281
36.6	0.628825
36.7	0.630956
36.8	0.633646
36.9	0.636439
37.0	0.638577
37.1	0.641262
37.2	0.643594
37.3	0.645598
37.4	0.647958
37.5	0.64985
37.6	0.652069
37.7	0.6537
37.8	0.65538
37.9	0.657433
38.0	0.659546
38.1	0.661279
38.2	0.663281
38.3	0.664414
38.4	0.666189
38.5	0.667184
38.6	0.668029
38.7	0.66965
38.8	0.670601
38.9	0.671742
39.0	0.672552
39.1	0.672625
39.2	0.673398
39.3	0.674251
39.4	0.675021
39.5	0.675611
39.6	0.676543
39.7	0.677648
39.8	0.678786
39.9	0.680246
40.0	0.68152
40.1	0.682836
40.2	0.684143
40.3	0.686237
40.4	0.687727
40.5	0.690154
40.6	0.692526
40.7	0.694504
40.8	0.696264
40.9	0.698566
41.0	0.700875
41.1	0.703008
41.2	0.704855
41.3	0.706425
41.4	0.708722
41.5	0.711047
41.6	0.713059
41.7	0.714983
41.8	0.716483
41.9	0.718351
42.0	0.720519
42.1	0.722426
42.2	0.724168
42.3	0.727047
42.4	0.729212
42.5	0.731565
42.6	0.733324
42.7	0.735312
42.8	0.737491
42.9	0.739764
43.0	0.742275
43.1	0.744489
43.2	0.747045
43.3	0.749743
43.4	0.751921
43.5	0.754814
43.6	0.757268
43.7	0.759548
43.8	0.761874
43.9	0.763955
44.0	0.765733
44.1	0.767237
44.2	0.768208
44.3	0.769952
44.4	0.771712
44.5	0.773422
44.6	0.775694
44.7	0.777572
44.8	0.779707
44.9	0.782144
45.0	0.784237
45.1	0.786156
45.2	0.788112
45.3	0.789933
45.4	0.791674
45.5	0.793042
45.6	0.794702
45.7	0.795646
45.8	0.797474
45.9	0.798583
46.0	0.79923
46.1	0.799721
46.2	0.800373
46.3	0.800845
46.4	0.800994
46.5	0.801433
46.6	0.801698
46.7	0.801812
46.8	0.802685
46.9	0.803176
47.0	0.803288
47.1	0.802897
47.2	0.80272
47.3	0.802432
47.4	0.802572
47.5	0.802846
47.6	0.802892
47.7	0.803537
47.8	0.803973
47.9	0.804051
48.0	0.80487
48.1	0.805389
48.2	0.806124
48.3	0.806985
48.4	0.80823
48.5	0.810072
48.6	0.81258
48.7	0.814499
48.8	0.816409
48.9	0.818569
49.0	0.820285
49.1	0.822496
49.2	0.824195
49.3	0.825732
49.4	0.827287
49.5	0.829139
49.6	0.831547
49.7	0.833839
49.8	0.836078
49.9	0.838563
50.0	0.840375
50.1	0.842834
50.2	0.845176
50.3	0.84763
50.4	0.850019
50.5	0.851796
50.6	0.853731
50.7	0.855199
50.8	0.856395
50.9	0.857191
51.0	0.858454
51.1	0.859756
51.2	0.860616
51.3	0.8612
51.4	0.862162
51.5	0.863422
51.6	0.864997
51.7	0.867053
51.8	0.869279
51.9	0.872093
52.0	0.874883
52.1	0.87723
52.2	0.879648
52.3	0.881927
52.4	0.884097
52.5	0.88635
52.6	0.888629
52.7	0.891199
52.8	0.893119
52.9	0.895003
53.0	0.896211
53.1	0.897462
53.2	0.899157
53.3	0.900947
53.4	0.902529
53.5	0.904419
53.6	0.905904
53.7	0.907807
53.8	0.90974
53.9	0.911419
54.0	0.913056
54.1	0.913881
54.2	0.915346
54.3	0.916556
54.4	0.917788
54.5	0.918837
54.6	0.920088
54.7	0.920838
54.8	0.92212
54.9	0.922642
55.0	0.923596
55.1	0.924137
55.2	0.924343
55.3	0.926286
55.4	0.927835
55.5	0.92957
55.6	0.931679
55.7	0.93327
55.8	0.934707
55.9	0.936296
56.0	0.938201
56.1	0.94025
56.2	0.942986
56.3	0.945799
56.4	0.948712
56.5	0.951382
56.6	0.954231
56.7	0.956553
56.8	0.95872
56.9	0.961456
57.0	0.96411
57.1	0.967083
57.2	0.970127
57.3	0.973105
57.4	0.974744
57.5	0.976921
57.6	0.979583
57.7	0.982797
57.8	0.985866
57.9	0.988859
58.0	0.99134
58.1	0.994257
58.2	0.996492
58.3	0.998975
58.4	1.00177
58.5	1.00382
58.6	1.00573
58.7	1.00787
58.8	1.0099
58.9	1.01109
59.0	1.01167
59.1	1.01282
59.2	1.01385
59.3	1.01433
59.4	1.01583
59.5	1.01705
59.6	1.01859
59.7	1.01998
59.8	1.02135
59.9	1.0226
60.0	1.0241
60.1	1.02568
60.2	1.02706
60.3	1.02882
60.4	1.03052
60.5	1.03254
60.6	1.03387
60.7	1.03519
60.8	1.03736
60.9	1.03901
61.0	1.04093
61.1	1.04273
61.2	1.0448
61.3	1.04673
61.4	1.04865
61.5	1.05055
61.6	1.0521
61.7	1.05383
61.8	1.05584
61.9	1.05816
62.0	1.06028
62.1	1.06336
62.2	1.06607
62.3	1.06913
62.4	1.07171
62.5	1.07461
62.6	1.0775
62.7	1.08029
62.8	1.08335
62.9	1.08622
63.0	1.08881
63.1	1.09107
63.2	1.0933
63.3	1.09617
63.4	1.09739
63.5	1.09934
63.6	1.10114
63.7	1.10157
63.8	1.10224
63.9	1.10324
64.0	1.10394
64.1	1.10509
64.2	1.10598
64.3	1.10737
64.4	1.10899
64.5	1.1101
64.6	1.11204
64.7	1.11342
64.8	1.11495
64.9	1.11536
65.0	1.11686
65.1	1.11813
65.2	1.11989
65.3	1.12152
65.4	1.12338
65.5	1.12516
65.6	1.12703
65.7	1.12902
65.8	1.13092
65.9	1.13308
66.0	1.13512
66.1	1.13752
66.2	1.14009
66.3	1.14271
66.4	1.14597
66.5	1.14844
66.6	1.15159
66.7	1.15448
66.8	1.15785
66.9	1.16122
67.0	1.16527
67.1	1.16822
67.2	1.17122
67.3	1.17443
67.4	1.17656
67.5	1.1793
67.6	1.18306
67.7	1.18531
67.8	1.18827
67.9	1.19095
68.0	1.19334
68.1	1.19559
68.2	1.19811
68.3	1.20028
68.4	1.20234
68.5	1.20421
68.6	1.20659
68.7	1.20927
68.8	1.21242
68.9	1.21522
69.0	1.21802
69.1	1.22027
69.2	1.22311
69.3	1.22629
69.4	1.22894
69.5	1.23181
69.6	1.23324
69.7	1.23567
69.8	1.2369
69.9	1.23835
70.0	1.23989
70.1	1.24137
70.2	1.24207
70.3	1.24299
70.4	1.24416
70.5	1.24482
70.6	1.24536
70.7	1.24615
70.8	1.24605
70.9	1.24677
71.0	1.24677
71.1	1.24664
71.2	1.24728
71.3	1.24755
71.4	1.2486
71.5	1.24907
71.6	1.24947
71.7	1.2498
71.8	1.24999
71.9	1.25007
72.0	1.25153
72.1	1.25121
72.2	1.2513
72.3	1.25189
72.4	1.25188
72.5	1.25206
72.6	1.25287
72.7	1.25337
72.8	1.25464
72.9	1.25543
73.0	1.25633
73.1	1.25767
73.2	1.25917
73.3	1.26043
73.4	1.26218
73.5	1.26436
73.6	1.2671
73.7	1.2692
73.8	1.27112
73.9	1.27274
74.0	1.27523
74.1	1.27584
74.2	1.27787
74.3	1.27944
74.4	1.28175
74.5	1.28301
74.6	1.28477
74.7	1.28563
74.8	1.2856
74.9	1.28578
75.0	1.28623
75.1	1.28659
75.2	1.28744
75.3	1.28745
75.4	1.28744
75.5	1.28777
75.6	1.28824
75.7	1.28788
75.8	1.28851
75.9	1.28881
76.0	1.28962
76.1	1.29007
76.2	1.29117
76.3	1.29194
76.4	1.29391
76.5	1.29576
76.6	1.29741
76.7	1.29892
76.8	1.30065
76.9	1.30214
77.0	1.30437
77.1	1.30572
77.2	1.30847
77.3	1.31066
77.4	1.31295
77.5	1.31478
77.6	1.3164
77.7	1.31778
77.8	1.31954
77.9	1.32055
78.0	1.32212
78.1	1.32386
78.2	1.32572
78.3	1.32743
78.4	1.3287
78.5	1.32977
78.6	1.33116
78.7	1.33308
78.8	1.33529
78.9	1.33712
79.0	1.33965
79.1	1.34228
79.2	1.34407
79.3	1.34623
79.4	1.348
79.5	1.35005
79.6	1.35145
79.7	1.35338
79.8	1.35527
79.9	1.35731
80.0	1.35857
80.1	1.35968
80.2	1.36137
80.3	1.36257
80.4	1.36511
80.5	1.36715
80.6	1.36938
80.7	1.37119
80.8	1.37354
80.9	1.37485
81.0	1.37652
81.1	1.37816
81.2	1.37981
81.3	1.38155
81.4	1.3838
81.5	1.38522
81.6	1.3863
81.7	1.38707
81.8	1.38772
81.9	1.38837
82.0	1.38916
82.1	1.38982
82.2	1.39036
82.3	1.39087
82.4	1.39166
82.5	1.39263
82.6	1.39383
82.7	1.39593
82.8	1.39824
82.9	1.40086
83.0	1.40283
83.1	1.40522
83.2	1.40727
83.3	1.41024
83.4	1.41263
83.5	1.41464
83.6	1.41733
83.7	1.41867
83.8	1.41985
83.9	1.42109
84.0	1.42418
84.1	1.42693
84.2	1.42922
84.3	1.43116
84.4	1.43408
84.5	1.43614
84.6	1.43839
84.7	1.44094
84.8	1.44291
84.9	1.44528
85.0	1.44883
85.1	1.45069
85.2	1.45325
85.3	1.45555
85.4	1.45772
85.5	1.45978
85.6	1.46211
85.7	1.46412
85.8	1.46615
85.9	1.4681
86.0	1.47074
86.1	1.47302
86.2	1.47518
86.3	1.47767
86.4	1.47955
86.5	1.4816
86.6	1.4835
86.7	1.48489
86.8	1.48654
86.9	1.48854
87.0	1.49005
87.1	1.49185
87.2	1.49304
87.3	1.49367
87.4	1.49595
87.5	1.49773
87.6	1.4996
87.7	1.50198
87.8	1.50445
87.9	1.50583
88.0	1.50793
88.1	1.51001
88.2	1.51169
88.3	1.51363
88.4	1.516
88.5	1.51869
88.6	1.52218
88.7	1.52504
88.8	1.52826
88.9	1.53074
89.0	1.53303
89.1	1.53523
89.2	1.53728
89.3	1.5396
89.4	1.54151
89.5	1.54345
89.6	1.54436
89.7	1.54527
89.8	1.54618
89.9	1.54869
90.0	1.55016
90.1	1.55257
90.2	1.55404
90.3	1.55622
90.4	1.55805
90.5	1.55934
90.6	1.56054
90.7	1.56314
90.8	1.56466
90.9	1.56684
91.0	1.56764
91.1	1.56898
91.2	1.57119
91.3	1.57315
91.4	1.57557
91.5	1.57804
91.6	1.57996
91.7	1.58167
91.8	1.58292
91.9	1.58463
92.0	1.58663
92.1	1.58802
92.2	1.58955
92.3	1.59174
92.4	1.5935
92.5	1.5951
92.6	1.59649
92.7	1.5979
92.8	1.59926
92.9	1.60069
93.0	1.60265
93.1	1.60444
93.2	1.60578
93.3	1.60694
93.4	1.60836
93.5	1.60967
93.6	1.61068
93.7	1.61186
93.8	1.61241
93.9	1.61285
94.0	1.61303
94.1	1.61324
94.2	1.61323
94.3	1.61371
94.4	1.61348
94.5	1.61376
94.6	1.6148
94.7	1.6164
94.8	1.61705
94.9	1.61889
95.0	1.62003
95.1	1.62111
95.2	1.6223
95.3	1.62299
95.4	1.6238
95.5	1.62446
95.6	1.62531
95.7	1.62558
95.8	1.62606
95.9	1.62683
96.0	1.62645
96.1	1.6256
96.2	1.62675
96.3	1.62727
96.4	1.62781
96.5	1.62863
96.6	1.62988
96.7	1.63135
96.8	1.63354
96.9	1.63616
97.0	1.63835
97.1	1.64183
97.2	1.64345
97.3	1.6458
97.4	1.64773
97.5	1.6491
97.6	1.65112
97.7	1.65308
97.8	1.65478
97.9	1.65613
98.0	1.6582
98.1	1.65945
98.2	1.66101
98.3	1.66261
98.4	1.66383
98.5	1.66496
98.6	1.66622
98.7	1.66752
98.8	1.66884
98.9	1.67085
99.0	1.67137
99.1	1.67193
99.2	1.67167
99.3	1.67221
99.4	1.67183
99.5	1.67272
99.6	1.67304
99.7	1.67366
99.8	1.67499
99.9	1.67604
100.0	1.67627
100.1	1.67652
100.2	1.67619
100.3	1.67574
100.4	1.67459
100.5	1.67499
100.6	1.6742
100.7	1.67398
100.8	1.67364
100.9	1.67373
101.0	1.67335
101.1	1.67288
101.2	1.67241
101.3	1.67125
101.4	1.67115
101.5	1.67031
101.6	1.66957
101.7	1.66978
101.8	1.66979
101.9	1.66958
102.0	1.6704
102.1	1.67076
102.2	1.67172
102.3	1.67261
102.4	1.67293
102.5	1.67398
102.6	1.67494
102.7	1.67681
102.8	1.67825
102.9	1.67979
103.0	1.6808
103.1	1.68233
103.2	1.68352
103.3	1.68527
103.4	1.68621
103.5	1.6873
103.6	1.68904
103.7	1.69048
103.8	1.69287
103.9	1.69467
104.0	1.69681
104.1	1.69974
104.2	1.70156
104.3	1.7031
104.4	1.70573
104.5	1.7076
104.6	1.70889
104.7	1.71004
104.8	1.71176
104.9	1.71264
105.0	1.71402
105.1	1.71514
105.2	1.71777
105.3	1.71971
105.4	1.72102
105.5	1.72426
105.6	1.72588
105.7	1.72882
105.8	1.73098
105.9	1.73283
106.0	1.73367
106.1	1.7355
106.2	1.73654
106.3	1.73781
106.4	1.73978
106.5	1.74186
106.6	1.74431
106.7	1.74629
106.8	1.74935
106.9	1.75229
107.0	1.7551
107.1	1.758
107.2	1.76085
107.3	1.76328
107.4	1.76531
107.5	1.76788
107.6	1.77011
107.7	1.77327
107.8	1.77568
107.9	1.77836
108.0	1.78096
108.1	1.78382
108.2	1.78741
108.3	1.78932
108.4	1.79187
108.5	1.79396
108.6	1.79702
108.7	1.79989
108.8	1.80193
108.9	1.80507
109.0	1.80848
109.1	1.8112
109.2	1.8144
109.3	1.81697
109.4	1.81912
109.5	1.82118
109.6	1.8234
109.7	1.82653
109.8	1.8291
109.9	1.83149
110.0	1.83332
110.1	1.83694
110.2	1.839
110.3	1.84257
110.4	1.84639
110.5	1.84864
110.6	1.85076
110.7	1.85328
110.8	1.85592
110.9	1.85886
111.0	1.86112
111.1	1.8629
111.2	1.866
111.3	1.86902
111.4	1.87095
111.5	1.87209
111.6	1.87374
111.7	1.87549
111.8	1.87769
111.9	1.8799
112.0	1.88196
112.1	1.884
112.2	1.88647
112.3	1.88766
112.4	1.88866
112.5	1.88942
112.6	1.89072
112.7	1.89183
112.8	1.89213
112.9	1.8935
113.0	1.8943
113.1	1.89536
113.2	1.89608
113.3	1.89668
113.4	1.89756
113.5	1.8983
113.6	1.89879
113.7	1.89936
113.8	1.90094
113.9	1.90099
114.0	1.90257
114.1	1.90248
114.2	1.90298
114.3	1.90411
114.4	1.90506
114.5	1.90548
114.6	1.90539
114.7	1.90627
114.8	1.90719
114.9	1.90805
115.0	1.90966
115.1	1.91006
115.2	1.9119
115.3	1.91263
115.4	1.91343
115.5	1.91447
115.6	1.91523
115.7	1.91665
115.8	1.91808
115.9	1.92062
116.0	1.92277
116.1	1.92536
116.2	1.9268
116.3	1.92828
116.4	1.93018
116.5	1.93233
116.6	1.93378
116.7	1.93484
116.8	1.93592
116.9	1.93791
117.0	1.93913
117.1	1.94119
117.2	1.94243
117.3	1.94376
117.4	1.94644
117.5	1.94853
117.6	1.95251
117.7	1.95528
117.8	1.95905
117.9	1.96253
118.0	1.9643
118.1	1.9661
118.2	1.96712
118.3	1.96823
118.4	1.96945
118.5	1.97064
118.6	1.97151
118.7	1.97293
118.8	1.97453
118.9	1.97567
119.0	1.97742
119.1	1.97876
119.2	1.98047
119.3	1.98188
119.4	1.98288
119.5	1.9851
119.6	1.98666
119.7	1.98873
119.8	1.98948
119.9	1.99094
120.0	1.99209
120.1	1.99317
120.2	1.99417
120.3	1.9953
120.4	1.99613
120.5	1.99713
120.6	1.99771
120.7	1.99948
120.8	2.00073
120.9	2.00252
121.0	2.00452
121.1	2.00653
121.2	2.00813
121.3	2.00981
121.4	2.01113
121.5	2.01356
121.6	2.01686
121.7	2.0204
121.8	2.02373
121.9	2.02668
122.0	2.02921
122.1	2.0318
122.2	2.03428
122.3	2.03651
122.4	2.03898
122.5	2.04046
122.6	2.04295
122.7	2.04424
122.8	2.0453
122.9	2.04684
123.0	2.04854
123.1	2.05009
123.2	2.05164
123.3	2.05242
123.4	2.05415
123.5	2.056
123.6	2.05669
123.7	2.05802
123.8	2.05826
123.9	2.05885
124.0	2.06062
124.1	2.06258
124.2	2.06401
124.3	2.06611
124.4	2.06806
124.5	2.07068
124.6	2.07322
124.7	2.07503
124.8	2.0768
124.9	2.07911
125.0	2.0812
125.1	2.08378
125.2	2.08688
125.3	2.08993
125.4	2.09293
125.5	2.09584
125.6	2.09919
125.7	2.10178
125.8	2.10492
125.9	2.10762
126.0	2.11135
126.1	2.1148
126.2	2.1173
126.3	2.12069
126.4	2.1232
126.5	2.1253
126.6	2.12755
126.7	2.12992
126.8	2.13219
126.9	2.13539
127.0	2.1385
127.1	2.14182
127.2	2.14464
127.3	2.14776
127.4	2.15132
127.5	2.15479
127.6	2.15787
127.7	2.16077
127.8	2.16438
127.9	2.16681
128.0	2.1695
128.1	2.17151
128.2	2.17395
128.3	2.17656
128.4	2.17903
128.5	2.18113
128.6	2.18367
128.7	2.18604
128.8	2.18772
128.9	2.19009
129.0	2.19199
129.1	2.19436
129.2	2.19677
129.3	2.19996
129.4	2.2022
129.5	2.20374
129.6	2.20522
129.7	2.20643
129.8	2.20787
129.9	2.20961
130.0	2.21091
130.1	2.2131
130.2	2.21452
130.3	2.21555
130.4	2.21656
130.5	2.21803
130.6	2.21962
130.7	2.22103
130.8	2.22255
130.9	2.22475
131.0	2.22433
131.1	2.22486
131.2	2.22535
131.3	2.22596
131.4	2.22642
131.5	2.22672
131.6	2.22781
131.7	2.22922
131.8	2.22972
131.9	2.23135
132.0	2.23305
132.1	2.23366
132.2	2.23478
132.3	2.23548
132.4	2.2367
132.5	2.23762
132.6	2.23905
132.7	2.23973
132.8	2.24017
132.9	2.24159
133.0	2.24268
133.1	2.24428
133.2	2.24586
133.3	2.24669
133.4	2.24856
133.5	2.25038
133.6	2.25164
133.7	2.25407
133.8	2.25572
133.9	2.25783
134.0	2.25962
134.1	2.261
134.2	2.2641
134.3	2.2662
134.4	2.26807
134.5	2.2702
134.6	2.27168
134.7	2.27347
134.8	2.2749
134.9	2.27646
135.0	2.27811
135.1	2.27943
135.2	2.28001
135.3	2.28023
135.4	2.28015
135.5	2.27965
135.6	2.28017
135.7	2.27966
135.8	2.27958
135.9	2.27809
136.0	2.2766
136.1	2.27661
136.2	2.27585
136.3	2.27506
136.4	2.27558
136.5	2.27619
136.6	2.27644
136.7	2.27667
136.8	2.27733
136.9	2.27842
137.0	2.27879
137.1	2.28058
137.2	2.28211
137.3	2.28316
137.4	2.28398
137.5	2.28448
137.6	2.28617
137.7	2.28728
137.8	2.28816
137.9	2.28894
138.0	2.2902
138.1	2.29095
138.2	2.29225
138.3	2.29328
138.4	2.29445
138.5	2.29489
138.6	2.29577
138.7	2.29638
138.8	2.29694
138.9	2.29849
139.0	2.29818
139.1	2.29871
139.2	2.30029
139.3	2.30004
139.4	2.30032
139.5	2.30054
139.6	2.30117
139.7	2.30181
139.8	2.30228
139.9	2.30166
140.0	2.30267
140.1	2.3042
140.2	2.30516
140.3	2.30705
140.4	2.3082
140.5	2.3106
140.6	2.31355
140.7	2.31654
140.8	2.31843
140.9	2.32054
141.0	2.32316
141.1	2.32597
141.2	2.3289
141.3	2.3317
141.4	2.33419
141.5	2.33688
141.6	2.33952
141.7	2.34216
141.8	2.34502
141.9	2.3479
142.0	2.35057
142.1	2.35284
142.2	2.35492
142.3	2.35777
142.4	2.35982
142.5	2.36125
142.6	2.36302
142.7	2.36396
142.8	2.3652
142.9	2.3666
143.0	2.36776
143.1	2.36883
143.2	2.36917
143.3	2.36967
143.4	2.37005
143.5	2.36995
143.6	2.36869
143.7	2.36759
143.8	2.36633
143.9	2.36601
144.0	2.36564
144.1	2.36532
144.2	2.36548
144.3	2.36535
144.4	2.36604
144.5	2.36703
144.6	2.36803
144.7	2.3692
144.8	2.37175
144.9	2.3742
145.0	2.37561
145.1	2.37761
145.2	2.37947
145.3	2.38177
145.4	2.38281
145.5	2.38535
145.6	2.38727
145.7	2.38841
145.8	2.39006
145.9	2.3922
146.0	2.39443
146.1	2.39621
146.2	2.3983
146.3	2.40117
146.4	2.40357
146.5	2.40586
146.6	2.40899
146.7	2.41164
146.8	2.41483
146.9	2.4185
147.0	2.4218
147.1	2.42569
147.2	2.42962
147.3	2.43238
147.4	2.4354
147.5	2.4385
147.6	2.44138
147.7	2.44481
147.8	2.44742
147.9	2.44923
148.0	2.45278
148.1	2.45425
148.2	2.45602
148.3	2.45826
148.4	2.46016
148.5	2.46297
148.6	2.46624
148.7	2.46825
148.8	2.47051
148.9	2.47174
149.0	2.4741
149.1	2.47613
149.2	2.47813
149.3	2.48072
149.4	2.48274
149.5	2.48443
149.6	2.48712
149.7	2.48963
149.8	2.49258
149.9	2.49397
150.0	2.49645
150.1	2.49934
150.2	2.50111
150.3	2.50279
150.4	2.50445
150.5	2.50649
150.6	2.50888
150.7	2.51079
150.8	2.51315
150.9	2.51501
151.0	2.51755
151.1	2.52001
151.2	2.5225
151.3	2.52413
151.4	2.52577
151.5	2.52707
151.6	2.52793
151.7	2.52896
151.8	2.53052
151.9	2.53199
152.0	2.53315
152.1	2.53472
152.2	2.5369
152.3	2.5398
152.4	2.5421
152.5	2.54552
152.6	2.54829
152.7	2.55151
152.8	2.55543
152.9	2.55879
153.0	2.56173
153.1	2.56464
153.2	2.56763
153.3	2.57096
153.4	2.57407
153.5	2.57748
153.6	2.58015
153.7	2.58245
153.8	2.58394
153.9	2.58476
154.0	2.58689
154.1	2.58839
154.2	2.59052
154.3	2.59176
154.4	2.59421
154.5	2.59635
154.6	2.59877
154.7	2.60202
154.8	2.60527
154.9	2.60819
155.0	2.61024
155.1	2.61332
155.2	2.61582
155.3	2.61763
155.4	2.61996
155.5	2.62195
155.6	2.62412
155.7	2.62635
155.8	2.62861
155.9	2.63008
156.0	2.63233
156.1	2.63349
156.2	2.63452
156.3	2.63546
156.4	2.63613
156.5	2.63734
156.6	2.63822
156.7	2.63886
156.8	2.63965
156.9	2.64062
157.0	2.64224
157.1	2.64384
157.2	2.64548
157.3	2.64732
157.4	2.64889
157.5	2.65015
157.6	2.65202
157.7	2.65392
157.8	2.65564
157.9	2.65789
158.0	2.65846
158.1	2.65955
158.2	2.66082
158.3	2.66198
158.4	2.66297
158.5	2.66433
158.6	2.66539
158.7	2.66616
158.8	2.66642
158.9	2.66674
159.0	2.66715
159.1	2.6677
159.2	2.66863
159.3	2.66968
159.4	2.67099
159.5	2.67073
159.6	2.67185
159.7	2.67259
159.8	2.67314
159.9	2.67438
160.0	2.67542
160.1	2.67527
160.2	2.67667
160.3	2.67672
160.4	2.67807
160.5	2.6798
160.6	2.6814
160.7	2.68262
160.8	2.68365
160.9	2.68388
161.0	2.68421
161.1	2.68479
161.2	2.68527
161.3	2.68479
161.4	2.68457
161.5	2.68478
161.6	2.68313
161.7	2.68297
161.8	2.68182
161.9	2.68102
162.0	2.67985
162.1	2.67861
162.2	2.67858
162.3	2.67731
162.4	2.6774
162.5	2.67719
162.6	2.67693
162.7	2.67778
162.8	2.67687
162.9	2.67614
163.0	2.67602
163.1	2.67599
163.2	2.6755
163.3	2.67516
163.4	2.6734
163.5	2.67191
163.6	2.67048
163.7	2.66919
163.8	2.66764
163.9	2.66758
164.0	2.66734
164.1	2.66706
164.2	2.66808
164.3	2.66921
164.4	2.66934
164.5	2.67058
164.6	2.67186
164.7	2.67404
164.8	2.67639
164.9	2.67917
165.0	2.6816
165.1	2.68447
165.2	2.68685
165.3	2.6897
165.4	2.69215
165.5	2.69373
165.6	2.69432
165.7	2.69523
165.8	2.69589
165.9	2.69719
166.0	2.69727
166.1	2.69667
166.2	2.6983
166.3	2.69948
166.4	2.70097
166.5	2.70227
166.6	2.70387
166.7	2.70614
166.8	2.70925
166.9	2.71068
167.0	2.71331
167.1	2.71668
167.2	2.7197
167.3	2.72202
167.4	2.72441
167.5	2.72618
167.6	2.72966
167.7	2.73161
167.8	2.73302
167.9	2.73408
168.0	2.73553
168.1	2.73656
168.2	2.73774
168.3	2.73922
168.4	2.74017
168.5	2.74073
168.6	2.74092
168.7	2.74131
168.8	2.74256
168.9	2.74369
169.0	2.74453
169.1	2.74531
169.2	2.74605
169.3	2.7465
169.4	2.74691
169.5	2.74719
169.6	2.74776
169.7	2.7482
169.8	2.74923
169.9	2.75136
170.0	2.75295
170.1	2.75465
170.2	2.75563
170.3	2.75656
170.4	2.75722
170.5	2.75757
170.6	2.75813
170.7	2.7584
170.8	2.75921
170.9	2.75984
171.0	2.76074
171.1	2.76142
171.2	2.76301
171.3	2.76433
171.4	2.76472
171.5	2.76557
171.6	2.76659
171.7	2.76807
171.8	2.76897
171.9	2.77015
172.0	2.77104
172.1	2.77264
172.2	2.77434
172.3	2.77614
172.4	2.77791
172.5	2.77863
172.6	2.78046
172.7	2.7822
172.8	2.78336
172.9	2.78409
173.0	2.78581
173.1	2.7881
173.2	2.78998
173.3	2.79192
173.4	2.79334
173.5	2.79458
173.6	2.79677
173.7	2.7991
173.8	2.80163
173.9	2.80406
174.0	2.80629
174.1	2.80859
174.2	2.81065
174.3	2.81296
174.4	2.81525
174.5	2.81803
174.6	2.82071
174.7	2.82375
174.8	2.82654
174.9	2.83044
175.0	2.83339
175.1	2.83656
175.2	2.8395
175.3	2.84221
175.4	2.84539
175.5	2.84911
175.6	2.85223
175.7	2.85594
175.8	2.85954
175.9	2.86235
176.0	2.86507
176.1	2.86874
176.2	2.87186
176.3	2.87539
176.4	2.87773
176.5	2.88094
176.6	2.8851
176.7	2.88921
176.8	2.89214
176.9	2.89563
177.0	2.89958
177.1	2.90319
177.2	2.90656
177.3	2.90979
177.4	2.91382
177.5	2.91722
177.6	2.92146
177.7	2.92471
177.8	2.92714
177.9	2.93048
178.0	2.93325
178.1	2.93616
178.2	2.9391
178.3	2.9416
178.4	2.945
178.5	2.94671
178.6	2.94935
178.7	2.9513
178.8	2.95313
178.9	2.95532
179.0	2.95735
179.1	2.96115
179.2	2.96419
179.3	2.96647
179.4	2.9696
179.5	2.97341
179.6	2.97611
179.7	2.98166
179.8	2.98574
179.9	2.99
180.0	2.99333
180.1	2.99665
180.2	2.99979
180.3	3.0024
180.4	3.00476
180.5	3.00588
180.6	3.00764
180.7	3.00893
180.8	3.01122
180.9	3.01339
181.0	3.01629
181.1	3.0192
181.2	3.02187
181.3	3.02465
181.4	3.02824
181.5	3.03161
181.6	3.0341
181.7	3.03663
181.8	3.03971
181.9	3.04179
182.0	3.04456
182.1	3.04694
182.2	3.04862
182.3	3.0497
182.4	3.05206
182.5	3.05444
182.6	3.05676
182.7	3.05961
182.8	3.06292
182.9	3.065
183.0	3.06713
183.1	3.06899
183.2	3.07122
183.3	3.07347
183.4	3.07532
183.5	3.07781
183.6	3.07956
183.7	3.08055
183.8	3.08239
183.9	3.08403
184.0	3.08673
184.1	3.08893
184.2	3.09204
184.3	3.09483
184.4	3.09789
184.5	3.09994
184.6	3.10093
184.7	3.10119
184.8	3.10153
184.9	3.10143
185.0	3.10166
185.1	3.10114
185.2	3.10204
185.3	3.10205
185.4	3.1027
185.5	3.10361
185.6	3.10393
185.7	3.10601
185.8	3.10782
185.9	3.10893
186.0	3.11138
186.1	3.11273
186.2	3.11438
186.3	3.11478
186.4	3.11608
186.5	3.11629
186.6	3.1161
186.7	3.11657
186.8	3.11736
186.9	3.11706
187.0	3.11684
187.1	3.1162
187.2	3.11611
187.3	3.11616
187.4	3.11682
187.5	3.11724
187.6	3.11796
187.7	3.11871
187.8	3.12031
187.9	3.12184
188.0	3.12276
188.1	3.12322
188.2	3.12409
188.3	3.12537
188.4	3.12539
188.5	3.12676
188.6	3.12741
188.7	3.12781
188.8	3.12837
188.9	3.1301
189.0	3.1317
189.1	3.13342
189.2	3.13255
189.3	3.13403
189.4	3.13538
189.5	3.13688
189.6	3.13946
189.7	3.1421
189.8	3.14388
189.9	3.14543
190.0	3.14607
190.1	3.14706
190.2	3.14746
190.3	3.14741
190.4	3.1463
190.5	3.14584
190.6	3.14587
190.7	3.14635
190.8	3.14762
190.9	3.14813
191.0	3.14931
191.1	3.14906
191.2	3.1487
191.3	3.15
191.4	3.15023
191.5	3.15015
191.6	3.151
191.7	3.15102
191.8	3.15154
191.9	3.15274
192.0	3.15344
192.1	3.15503
192.2	3.1563
192.3	3.15788
192.4	3.15893
192.5	3.16052
192.6	3.16198
192.7	3.16445
192.8	3.16728
192.9	3.17017
193.0	3.17312
193.1	3.17617
193.2	3.17925
193.3	3.18272
193.4	3.1863
193.5	3.18814
193.6	3.19185
193.7	3.19403
193.8	3.19669
193.9	3.2011
194.0	3.20393
194.1	3.20714
194.2	3.20989
194.3	3.21407
194.4	3.21651
194.5	3.22012
194.6	3.22295
194.7	3.22573
194.8	3.22804
194.9	3.22968
195.0	3.23184
195.1	3.23317
195.2	3.2336
195.3	3.23456
195.4	3.23672
195.5	3.23681
195.6	3.23792
195.7	3.2388
195.8	3.24036
195.9	3.24101
196.0	3.24185
196.1	3.24304
196.2	3.2436
196.3	3.24504
196.4	3.24599
196.5	3.24753
196.6	3.24864
196.7	3.24966
196.8	3.25064
196.9	3.25203
197.0	3.25354
197.1	3.25498
197.2	3.25609
197.3	3.25772
197.4	3.26011
197.5	3.26218
197.6	3.26409
197.7	3.26673
197.8	3.26918
197.9	3.27039
198.0	3.27341
198.1	3.27465
198.2	3.27631
198.3	3.27722
198.4	3.27868
198.5	3.28024
198.6	3.28115
198.7	3.28177
198.8	3.28216
198.9	3.28367
199.0	3.28539
199.1	3.28631
199.2	3.28678
199.3	3.28897
199.4	3.28981
199.5	3.29162
199.6	3.29254
199.7	3.29469
199.8	3.29643
199.9	3.29594
200.0	3.29596
200.1	3.29609
200.2	3.29695
200.3	3.29698
200.4	3.29731
200.5	3.29743
200.6	3.29616
200.7	3.29806
200.8	3.29836
200.9	3.29948
201.0	3.30015
201.1	3.30072
201.2	3.30225
201.3	3.30535
201.4	3.30808
201.5	3.31093

&

