2.0	-0.00559
4.0	0.003403
6.0	-0.005347
8.0	0.000972
10.0	0.008507
12.0	0.008507
14.0	-0.002431
16.0	-0.010452
18.0	-0.023577
20.0	-0.021876
22.0	-0.026737
24.0	-0.015313
26.0	-0.011424
28.0	-0.027709
30.0	-0.023334
32.0	-0.023334
34.0	-0.010695
36.0	-0.002674
38.0	0.005347
40.0	0.00559
42.0	0.007049
44.0	0.001215
46.0	0.000243
48.0	0.000486
50.0	-0.00316
52.0	-0.00632
54.0	-0.002917
56.0	0.001945
58.0	0.005347
60.0	-0.002917
62.0	-0.008993
64.0	-0.01823
66.0	-0.02066
68.0	-0.027466
70.0	-0.024792
72.0	-0.024792
74.0	-0.017501
76.0	-0.016771
78.0	-0.020174
80.0	-0.020417
82.0	-0.01507
84.0	-0.021633
86.0	-0.013368
88.0	0.000243
90.0	-0.003403
92.0	-0.009236
94.0	-0.007292
96.0	-0.005104
98.0	-0.001458
100.0	-0.00316
102.0	0.0
104.0	0.007535
106.0	-0.001701
108.0	-0.010695
110.0	-0.012153
112.0	-0.008507
114.0	-0.00559
116.0	-0.001945
118.0	0.004132
120.0	0.00875
122.0	0.003889
124.0	0.004132
126.0	0.00875
128.0	0.015313
130.0	0.022362
132.0	0.004861
134.0	0.013368
136.0	0.020174
138.0	0.013612
140.0	0.012153
142.0	0.00632
144.0	0.013855
146.0	0.004861
148.0	0.015313
150.0	0.018473
152.0	0.018959
154.0	0.016771
156.0	0.015313
158.0	0.004375
160.0	-0.005347
162.0	-0.014098
164.0	-0.003403
166.0	-0.003403
168.0	0.000243
170.0	-0.001701
172.0	-0.007292
174.0	-0.012153
176.0	-0.017257
178.0	-0.011181
180.0	-0.000729
182.0	0.005834
184.0	0.000486
186.0	0.004618
188.0	0.001945
190.0	-0.005347
192.0	0.002188
194.0	-0.010938
196.0	-0.019445
198.0	-0.010452
200.0	-0.008507
202.0	0.000729
204.0	0.001215
206.0	-0.006806
208.0	-0.01191
210.0	-0.016528
212.0	-0.006077
214.0	-0.011424
216.0	-0.013612
218.0	-0.023577
220.0	-0.011424
222.0	-0.011667
224.0	-0.011181
226.0	-0.007049
228.0	0.007535
230.0	-0.008993
232.0	0.000486
234.0	0.013612
236.0	0.023091
238.0	0.01823
240.0	0.015799
242.0	0.019931
244.0	0.01507
246.0	0.00316
248.0	0.00316
250.0	-0.006077
252.0	-0.007049
254.0	-0.014584
256.0	-0.013612
258.0	-0.019202
260.0	-0.00875
262.0	-0.003403
264.0	-0.010452
266.0	-0.003403
268.0	-0.001701
270.0	0.002188
272.0	0.005104
274.0	-0.001215
276.0	-0.010452
278.0	-0.019202
280.0	-0.010695
282.0	-0.014098
284.0	-0.014098
286.0	-0.021876
288.0	-0.014584
290.0	-0.016528
292.0	-0.012882
294.0	-0.022119
296.0	-0.020903
298.0	-0.003889
300.0	-0.007778
302.0	-0.007778
304.0	-0.00316
306.0	-0.010695
308.0	-0.016771
310.0	-0.010209
312.0	0.004618
314.0	0.017987
316.0	0.01191
318.0	0.01507
320.0	0.0
322.0	-0.002431
324.0	-0.003403
326.0	-0.014341
328.0	-0.010209
330.0	-0.018473
332.0	-0.024792
334.0	-0.02698
336.0	-0.01507
338.0	-0.010452
340.0	-0.007535
342.0	-0.007292
344.0	-0.010695
346.0	-0.007292
348.0	0.00316
350.0	0.00559
352.0	-0.006563
354.0	-0.009479
356.0	-0.013125
358.0	-0.008021
360.0	-0.02698
362.0	-0.024306
364.0	-0.023577
366.0	-0.022848
368.0	-0.011667
370.0	-0.003889
372.0	-0.003889
374.0	0.000972
376.0	0.006563
378.0	-0.007535
380.0	-0.01507
382.0	-0.012153
384.0	-0.012153
386.0	-0.013612
388.0	-0.007292
390.0	-0.002431
392.0	-0.003889
394.0	-0.001458
396.0	-0.001215
398.0	-0.003889
400.0	-0.003403
402.0	0.005347
404.0	0.001458
406.0	-0.005104
408.0	-0.008993
410.0	0.002188
412.0	-0.006806
414.0	0.000243
416.0	0.011181
418.0	0.012153
420.0	0.00559
422.0	0.002674
424.0	-0.00875
426.0	-0.015556
428.0	-0.001701
430.0	-0.002674
432.0	-0.007049
434.0	-0.004375
436.0	-0.00875
438.0	-0.003889
440.0	0.005347
442.0	0.002917
444.0	0.00875
446.0	0.011667
448.0	0.005834
450.0	0.0
452.0	0.005347
454.0	-0.000243
456.0	0.002674
458.0	0.007778
460.0	0.001701
462.0	0.001458
464.0	-0.007049
466.0	0.001215
468.0	-0.009966
470.0	0.003646
472.0	-0.005104
474.0	-0.009723
476.0	-0.011424
478.0	-0.000486
480.0	-0.006077
482.0	0.000972
484.0	-0.004618
486.0	-0.014341
488.0	-0.003403
490.0	0.002917
492.0	0.008021
494.0	0.012153
496.0	0.024792
498.0	0.023334
500.0	0.017501
502.0	0.012153
504.0	0.01191
506.0	0.002431
508.0	-0.000972
510.0	-0.008021
512.0	-0.002917
514.0	-0.002917
516.0	-0.008507
518.0	-0.008993
520.0	-0.004861
522.0	-0.005834
524.0	0.004132
526.0	0.012882
528.0	0.00559
530.0	0.005104
532.0	-0.014098
534.0	-0.006077
536.0	-0.004861
538.0	-0.008507
540.0	-0.008264
542.0	-0.014827
544.0	-0.024063
546.0	-0.023577
548.0	-0.01507
550.0	-0.01823
552.0	-0.017987
554.0	-0.011667
556.0	-0.010695
558.0	-0.014584
560.0	-0.017987
562.0	-0.007049
564.0	-0.00559
566.0	-0.001458
568.0	0.011667
570.0	0.015556
572.0	0.021147
574.0	0.021147
576.0	0.017744
578.0	0.013368
580.0	0.012882
582.0	0.003889
584.0	0.009479
586.0	0.017744
588.0	0.006563
590.0	-0.000729
592.0	0.002917
594.0	-0.001945
596.0	-0.011424
598.0	-0.002431
600.0	0.000486
602.0	-0.012153
604.0	-0.018473
606.0	-0.006806
608.0	-0.006806
610.0	-0.007292
612.0	-0.013612
614.0	-0.020417
616.0	-0.012639
618.0	-0.017257
620.0	-0.026251
622.0	-0.019688
624.0	0.001701
626.0	0.009966
628.0	0.00559
630.0	-0.000729
632.0	-0.011181
634.0	-0.006563
636.0	-0.012882
638.0	-0.012153
640.0	-0.007535
642.0	-0.005834
644.0	-0.000729
646.0	0.009236
648.0	0.00875
650.0	0.027223
652.0	0.014827
654.0	0.016285
656.0	0.009723
658.0	0.004861
660.0	0.010695
662.0	0.008264
664.0	0.012396
666.0	0.001215
668.0	0.008507
670.0	0.010695
672.0	0.012639
674.0	0.002917
676.0	0.00632
678.0	0.003889
680.0	0.001458
682.0	0.011181
684.0	0.012396
686.0	0.009236
688.0	0.00559
690.0	0.00632
692.0	0.007778
694.0	0.004861
696.0	0.000486
698.0	-0.000486
700.0	-0.000486
702.0	-0.007292
704.0	-0.011667
706.0	-0.006077
708.0	-0.00316
710.0	0.00875
712.0	0.005347
714.0	0.001215
716.0	-0.003403
718.0	-0.010695
720.0	0.000243
722.0	0.002431
724.0	-0.000729
726.0	0.003403
728.0	0.000729
730.0	-0.00632
732.0	0.0
734.0	0.007049
736.0	-0.00316
738.0	-0.005347
740.0	-0.012153
742.0	-0.013855
744.0	-0.010209
746.0	-0.009966
748.0	-0.010452
750.0	-0.006077
752.0	-0.008993
754.0	-0.016042
756.0	-0.016771
758.0	-0.01191
760.0	-0.01507
762.0	-0.014584
764.0	-0.017744
766.0	-0.020174
768.0	-0.019931
770.0	-0.017014
772.0	-0.006806
774.0	-0.000243
776.0	-0.001945
778.0	0.005104
780.0	0.002674
782.0	0.012396
784.0	0.002917
786.0	0.01191
788.0	0.004132
790.0	0.002674
792.0	0.010209
794.0	0.010938
796.0	0.009966
798.0	0.007292
800.0	0.016771
802.0	0.009236
804.0	0.008264
806.0	0.011181
808.0	-0.004618
810.0	-0.003646
812.0	-0.001215
814.0	0.005347
816.0	0.019445
818.0	0.018716
820.0	0.019688
822.0	0.015313
824.0	0.017014
826.0	0.009723
828.0	0.002188
830.0	-0.013612
832.0	-0.011667
834.0	-0.017744
836.0	-0.00316
838.0	-0.001458
840.0	0.000972
842.0	-0.00559
844.0	-0.00632
846.0	-0.007535
848.0	-0.015556
850.0	-0.013612
852.0	-0.013125
854.0	-0.010452
856.0	-0.015799
858.0	-0.015799
860.0	0.004618
862.0	0.002674
864.0	0.00559
866.0	0.006563
868.0	0.013368
870.0	0.012639
872.0	0.01191
874.0	0.005347
876.0	0.001458
878.0	-0.004861
880.0	0.008264
882.0	0.011181
884.0	0.006563
886.0	-0.002674
888.0	-0.008507
890.0	-0.004861
892.0	0.000729
894.0	-0.008993
896.0	-0.008021
898.0	-0.006806
900.0	-0.007778
902.0	-0.005104
904.0	-0.009723
906.0	-0.006077
908.0	-0.010695
910.0	-0.006077
912.0	-0.014827
914.0	-0.017501
916.0	-0.006563
918.0	-0.00875
920.0	-0.00632
922.0	-0.010695
924.0	-0.00559
926.0	-0.000486
928.0	0.008507
930.0	0.005347
932.0	0.008993
934.0	-0.003889
936.0	-0.000972
938.0	-0.006077
940.0	0.00632
942.0	0.011667
944.0	0.00316
946.0	-0.004132
948.0	-0.006077
950.0	-0.008507
952.0	-0.011424
954.0	-0.016528
956.0	-0.001458
958.0	-0.000243
960.0	0.005104
962.0	0.005347
964.0	0.003403
966.0	0.001458
968.0	0.004618
970.0	0.00316
972.0	0.003403
974.0	0.006563
976.0	0.016285
978.0	0.011667
980.0	0.002917
982.0	0.018473
984.0	0.017014
986.0	0.021147
988.0	0.015799
990.0	0.014584
992.0	0.010452
994.0	0.019445
996.0	0.01823
998.0	0.010209
1000.0	0.003889
1002.0	-0.000729
1004.0	-0.009479
1006.0	-0.006563
1008.0	-0.001701
1010.0	0.002917
1012.0	0.009479
1014.0	0.007778
1016.0	-0.002188
1018.0	-0.008021
1020.0	-0.008264
1022.0	-0.010938
1024.0	-0.009236
1026.0	-0.000243
1028.0	-0.006077
1030.0	-0.00632
1032.0	-0.014827
1034.0	-0.008507
1036.0	0.003403
1038.0	0.014341
1040.0	0.019202
1042.0	0.011181
1044.0	0.012882
1046.0	0.011424
1048.0	0.014827
1050.0	0.016042
1052.0	0.009236
1054.0	0.001215
1056.0	0.008993
1058.0	0.016042
1060.0	0.002674
1062.0	0.010209
1064.0	0.012639
1066.0	0.013855
1068.0	0.009723
1070.0	0.009723
1072.0	0.007778
1074.0	0.005834
1076.0	0.008264
1078.0	0.002188
1080.0	0.006563
1082.0	-0.001945
1084.0	0.000972
1086.0	-0.001215
1088.0	-0.000486
1090.0	0.000972
1092.0	0.002431
1094.0	0.0
1096.0	-0.004618
1098.0	0.00559
1100.0	0.007778
1102.0	0.00632
1104.0	0.009966
1106.0	0.003889
1108.0	0.000486
1110.0	0.007049
1112.0	0.010695
1114.0	-0.004132
1116.0	0.00559
1118.0	0.009966
1120.0	0.011181
1122.0	0.00875
1124.0	0.006077
1126.0	0.002917
1128.0	0.007778
1130.0	-0.002917
1132.0	-0.007778
1134.0	-0.004132
1136.0	0.005104
1138.0	0.008264
1140.0	-0.002431
1142.0	-0.001458
1144.0	-0.012639
1146.0	-0.009723
1148.0	-0.012396
1150.0	-0.013855
1152.0	-0.016285
1154.0	-0.000972
1156.0	-0.006563
1158.0	0.0
1160.0	-0.007049
1162.0	-0.001945
1164.0	0.00316
1166.0	-0.000486
1168.0	0.011667
1170.0	0.012396
1172.0	0.008021
1174.0	0.01191
1176.0	0.006563
1178.0	0.006563
1180.0	0.007292
1182.0	0.004618
1184.0	0.002674
1186.0	0.005104
1188.0	0.003889
1190.0	0.001458
1192.0	-0.008993
1194.0	-0.015556
1196.0	-0.018959
1198.0	-0.010452
1200.0	-0.016528
1202.0	-0.015556
1204.0	-0.012639
1206.0	-0.011181
1208.0	-0.011667
1210.0	-0.014584
1212.0	-0.004618
1214.0	-0.006563
1216.0	-0.000729
1218.0	0.003889
1220.0	0.018959
1222.0	0.023577
1224.0	0.017014
1226.0	0.005347
1228.0	0.002917
1230.0	0.010695
1232.0	0.01191
1234.0	0.019931
1236.0	0.02139
1238.0	0.010938
1240.0	0.012153
1242.0	0.017987
1244.0	0.016285
1246.0	0.011181
1248.0	0.018959
1250.0	0.018959
1252.0	0.01823
1254.0	0.023334
1256.0	0.00875
1258.0	0.010209
1260.0	0.011667
1262.0	0.014827
1264.0	0.00316
1266.0	0.004132
1268.0	0.004861
1270.0	0.010452
1272.0	0.00316
1274.0	0.00632
1276.0	0.005104
1278.0	0.004861
1280.0	0.010938
1282.0	-0.001215
1284.0	0.005347
1286.0	0.004132
1288.0	-0.000729
1290.0	-0.001945
1292.0	0.012153
1294.0	0.010452
1296.0	0.00316
1298.0	0.005104
1300.0	-0.014827
1302.0	-0.019931
1304.0	-0.01191
1306.0	0.011424
1308.0	0.006806
1310.0	-0.003403
1312.0	-0.012882
1314.0	-0.003646
1316.0	-0.008021
1318.0	-0.000243
1320.0	0.002674
1322.0	0.00559
1324.0	0.001458
1326.0	0.007049
1328.0	0.009236
1330.0	0.003889
1332.0	-0.004132
1334.0	0.010938
1336.0	-0.001701
1338.0	-0.019445
1340.0	-0.022605
1342.0	-0.01507
1344.0	-0.020903
1346.0	-0.018473
1348.0	-0.010209
1350.0	-0.006077
1352.0	-0.008507
1354.0	-0.016285
1356.0	-0.00559
1358.0	-0.011181
1360.0	-0.015313
1362.0	-0.007292
1364.0	-0.004375
1366.0	-0.001945
1368.0	-0.003889
1370.0	-0.001945
1372.0	-0.005104
1374.0	-0.008021
1376.0	-0.00316
1378.0	0.001215
1380.0	0.001215
1382.0	-0.003646
1384.0	-0.004618
1386.0	-0.007049
1388.0	-0.002188
1390.0	-0.005347
1392.0	-0.014584
1394.0	0.002917
1396.0	0.01191
1398.0	0.009236
1400.0	0.016771
1402.0	0.022848
1404.0	0.025522
1406.0	0.026008
1408.0	0.017744
1410.0	-0.001701
1412.0	-0.001701
1414.0	0.010452
1416.0	-0.008264
1418.0	-0.008993
1420.0	-0.006563
1422.0	-0.000972
1424.0	0.012396
1426.0	0.014341
1428.0	0.013612
1430.0	0.016042
1432.0	0.015799
1434.0	0.008264
1436.0	0.013125
1438.0	0.010695
1440.0	0.01191
1442.0	0.006077
1444.0	-0.001458
1446.0	0.004861
1448.0	0.010209
1450.0	0.004375
1452.0	0.000486
1454.0	-0.005347
1456.0	0.000486
1458.0	0.013125
1460.0	0.000486
1462.0	-0.004861
1464.0	-0.001215
1466.0	-0.00316
1468.0	-0.007778
1470.0	0.002188
1472.0	0.002431
1474.0	0.013368
1476.0	0.00316
1478.0	0.004618
1480.0	-0.003889
1482.0	-0.004375
1484.0	0.003646
1486.0	0.000486
1488.0	-0.014827
1490.0	-0.001945
1492.0	0.000729
1494.0	0.001945
1496.0	0.011181
1498.0	0.010695
1500.0	0.015556
1502.0	0.014098
1504.0	0.008507
1506.0	0.009236
1508.0	0.008507
1510.0	0.005104
1512.0	0.003646
1514.0	0.00316
1516.0	0.005834
1518.0	0.001945
1520.0	-0.000972

&

2.0	0.001215
4.0	0.007778
6.0	0.002917
8.0	-0.002188
10.0	-0.001945
12.0	-0.001945
14.0	-0.007535
16.0	-0.000729
18.0	-0.003646
20.0	-0.003646
22.0	0.001458
24.0	0.008264
26.0	0.005104
28.0	0.007049
30.0	-0.002917
32.0	0.001215
34.0	0.003889
36.0	0.007049
38.0	0.000486
40.0	-0.010938
42.0	-0.002431
44.0	0.007049
46.0	0.00632
48.0	-0.000729
50.0	0.001701
52.0	0.000729
54.0	0.001701
56.0	0.000486
58.0	0.003889
60.0	-0.00559
62.0	-0.007049
64.0	-0.004618
66.0	-0.00316
68.0	0.013125
70.0	0.018716
72.0	0.018716
74.0	0.009723
76.0	0.011667
78.0	0.010209
80.0	0.005347
82.0	0.000729
84.0	-0.009236
86.0	-0.001945
88.0	0.000972
90.0	0.013125
92.0	0.007049
94.0	-0.001945
96.0	0.005834
98.0	0.010452
100.0	0.020417
102.0	0.012153
104.0	0.007535
106.0	0.002917
108.0	0.005834
110.0	0.004861
112.0	0.004861
114.0	-0.003646
116.0	0.000729
118.0	0.002188
120.0	-0.004618
122.0	-0.004618
124.0	0.004861
126.0	0.002917
128.0	0.008021
130.0	0.003889
132.0	-0.007049
134.0	-0.004861
136.0	-0.008021
138.0	-0.016771
140.0	-0.019202
142.0	-0.008507
144.0	-0.009966
146.0	-0.009236
148.0	-0.006806
150.0	-0.004132
152.0	-0.000972
154.0	-0.004618
156.0	-0.008264
158.0	0.004861
160.0	0.001701
162.0	-0.005347
164.0	0.009723
166.0	0.002674
168.0	-0.003889
170.0	-0.001701
172.0	-0.007535
174.0	0.0
176.0	-0.001215
178.0	-0.007535
180.0	0.000486
182.0	0.004375
184.0	0.00559
186.0	0.004132
188.0	0.007535
190.0	0.009723
192.0	0.020174
194.0	0.01507
196.0	0.015556
198.0	0.018959
200.0	0.005104
202.0	0.006563
204.0	0.002917
206.0	-0.000243
208.0	0.002674
210.0	0.005834
212.0	0.014827
214.0	0.013125
216.0	0.003646
218.0	-0.009236
220.0	-0.009723
222.0	-0.012153
224.0	-0.002674
226.0	0.00316
228.0	-0.001458
230.0	-0.004618
232.0	-0.004132
234.0	-0.005347
236.0	-0.00316
238.0	-0.002431
240.0	0.001945
242.0	-0.004861
244.0	-0.005104
246.0	0.000486
248.0	0.006806
250.0	-0.005104
252.0	-0.004618
254.0	-0.007292
256.0	0.013368
258.0	0.009966
260.0	0.009723
262.0	0.002674
264.0	0.002917
266.0	0.004132
268.0	-0.002188
270.0	0.002188
272.0	-0.007535
274.0	-0.008507
276.0	-0.005347
278.0	-0.006077
280.0	-0.002674
282.0	-0.012639
284.0	-0.012639
286.0	-0.017014
288.0	-0.008993
290.0	-0.013125
292.0	-0.015556
294.0	-0.007778
296.0	-0.000243
298.0	0.0
300.0	-0.001215
302.0	-0.005834
304.0	0.000486
306.0	-0.004132
308.0	-0.005347
310.0	-0.015556
312.0	-0.001458
314.0	-0.005347
316.0	0.000729
318.0	0.008021
320.0	-0.000243
322.0	0.0
324.0	0.005104
326.0	0.007292
328.0	0.008264
330.0	0.007049
332.0	0.008021
334.0	0.006077
336.0	-0.001945
338.0	-0.008507
340.0	0.002188
342.0	0.000972
344.0	-0.004132
346.0	-0.007535
348.0	0.001701
350.0	0.002431
352.0	-0.003646
354.0	0.001458
356.0	0.002917
358.0	-0.001945
360.0	0.010938
362.0	0.014584
364.0	0.012639
366.0	0.003889
368.0	0.013612
370.0	0.014584
372.0	0.002674
374.0	0.001215
376.0	0.003889
378.0	0.004375
380.0	-0.007535
382.0	0.007049
384.0	0.006806
386.0	0.00632
388.0	0.00632
390.0	0.004618
392.0	0.004375
394.0	0.00875
396.0	0.004132
398.0	0.007535
400.0	0.001215
402.0	0.012396
404.0	0.002431
406.0	-0.002431
408.0	-0.009479
410.0	-0.007049
412.0	-0.006563
414.0	-0.00875
416.0	-0.006077
418.0	-0.000972
420.0	-0.002188
422.0	-0.007049
424.0	-0.00875
426.0	-0.016042
428.0	-0.014827
430.0	-0.016285
432.0	-0.014341
434.0	0.001215
436.0	0.005347
438.0	-0.001458
440.0	-0.006077
442.0	-0.010452
444.0	-0.014584
446.0	-0.01507
448.0	-0.011667
450.0	-0.007292
452.0	0.000972
454.0	-0.01191
456.0	-0.016285
458.0	-0.008264
460.0	-0.009966
462.0	-0.009723
464.0	-0.007778
466.0	0.005347
468.0	0.002917
470.0	0.008021
472.0	-0.003403
474.0	-0.002188
476.0	0.00316
478.0	-0.005834
480.0	-0.007049
482.0	-0.005347
484.0	-0.008264
486.0	-0.014827
488.0	-0.012396
490.0	-0.015313
492.0	-0.017501
494.0	-0.009966
496.0	0.005104
498.0	0.000243
500.0	0.013368
502.0	0.014341
504.0	0.007778
506.0	0.004132
508.0	-0.004132
510.0	0.001945
512.0	0.004861
514.0	-0.002431
516.0	0.006077
518.0	-0.005834
520.0	-0.014341
522.0	-0.007535
524.0	-0.009236
526.0	-0.014098
528.0	-0.003403
530.0	-0.013125
532.0	-0.019445
534.0	-0.029654
536.0	-0.031841
538.0	-0.021876
540.0	-0.023091
542.0	-0.014098
544.0	-0.015556
546.0	-0.007778
548.0	-0.018959
550.0	-0.022848
552.0	-0.002431
554.0	-0.000486
556.0	0.001701
558.0	-0.004861
560.0	-0.009966
562.0	-0.027952
564.0	-0.006563
566.0	-0.000486
568.0	-0.001701
570.0	-0.008264
572.0	-0.003403
574.0	0.000972
576.0	0.000729
578.0	0.007049
580.0	0.006806
582.0	0.001701
584.0	0.008264
586.0	0.017501
588.0	0.012396
590.0	-0.002674
592.0	0.000243
594.0	-0.000972
596.0	-0.000729
598.0	-0.002431
600.0	-0.011424
602.0	-0.010938
604.0	0.001458
606.0	-0.010695
608.0	-0.007049
610.0	-0.010209
612.0	-0.011181
614.0	-0.01507
616.0	-0.015313
618.0	-0.009966
620.0	0.003403
622.0	-0.006563
624.0	0.007778
626.0	0.003889
628.0	0.007778
630.0	0.00316
632.0	0.003403
634.0	0.005834
636.0	0.004132
638.0	0.012396
640.0	0.015799
642.0	0.008264
644.0	0.00559
646.0	0.004861
648.0	-0.014827
650.0	-0.008993
652.0	-0.007292
654.0	-0.008264
656.0	-0.004132
658.0	-0.001945
660.0	-0.007292
662.0	-0.003646
664.0	-0.007535
666.0	-0.002188
668.0	0.001701
670.0	0.005347
672.0	0.007778
674.0	0.010938
676.0	0.01507
678.0	0.007049
680.0	0.017257
682.0	0.016042
684.0	0.013855
686.0	0.010209
688.0	0.007292
690.0	0.008993
692.0	0.007535
694.0	0.010695
696.0	0.009723
698.0	0.006806
700.0	0.006806
702.0	0.008993
704.0	0.006563
706.0	0.009966
708.0	-0.000486
710.0	0.003646
712.0	0.00316
714.0	0.004861
716.0	0.001945
718.0	-0.003889
720.0	-0.013855
722.0	0.001458
724.0	-0.003889
726.0	0.006563
728.0	0.006806
730.0	-0.007049
732.0	-0.010938
734.0	-0.011667
736.0	-0.017257
738.0	-0.009479
740.0	-0.011424
742.0	-0.012396
744.0	-0.011181
746.0	-0.011667
748.0	-0.007778
750.0	0.001945
752.0	0.003646
754.0	-0.001215
756.0	-0.007778
758.0	0.00632
760.0	-0.006563
762.0	-0.003403
764.0	-0.005104
766.0	0.00632
768.0	0.005834
770.0	0.002674
772.0	0.006806
774.0	0.005104
776.0	0.006077
778.0	0.009723
780.0	0.009479
782.0	0.019931
784.0	0.022605
786.0	0.010209
788.0	0.011181
790.0	0.005104
792.0	-0.000486
794.0	-0.008021
796.0	-0.017014
798.0	-0.01823
800.0	-0.004618
802.0	-0.010695
804.0	-0.009966
806.0	-0.009723
808.0	-0.021147
810.0	-0.014584
812.0	-0.017014
814.0	-0.020417
816.0	-0.012153
818.0	-0.005834
820.0	-0.014341
822.0	-0.017257
824.0	-0.00875
826.0	-0.000972
828.0	0.001458
830.0	0.003403
832.0	0.010452
834.0	0.006806
836.0	-0.00559
838.0	-0.008264
840.0	0.00632
842.0	0.0
844.0	0.010938
846.0	0.012396
848.0	0.018716
850.0	0.018473
852.0	0.006077
854.0	0.007778
856.0	0.017257
858.0	0.014584
860.0	0.009966
862.0	0.011181
864.0	0.011667
866.0	0.002674
868.0	0.005347
870.0	0.008021
872.0	-0.001701
874.0	-0.010209
876.0	-0.01507
878.0	-0.007049
880.0	-0.002188
882.0	-0.001458
884.0	-0.002917
886.0	-0.002674
888.0	0.001458
890.0	-0.001458
892.0	0.001458
894.0	0.013368
896.0	0.010938
898.0	0.003403
900.0	-0.00316
902.0	0.001945
904.0	0.010938
906.0	0.007292
908.0	0.00559
910.0	0.002188
912.0	0.002674
914.0	-0.004861
916.0	-0.015799
918.0	-0.006806
920.0	-0.015313
922.0	-0.012639
924.0	-0.014584
926.0	-0.000243
928.0	-0.002674
930.0	-0.002188
932.0	-0.004375
934.0	-0.005834
936.0	-0.004618
938.0	-0.013125
940.0	-0.017014
942.0	-0.020903
944.0	-0.029168
946.0	-0.024549
948.0	-0.026008
950.0	-0.019931
952.0	-0.023577
954.0	-0.018716
956.0	-0.008021
958.0	-0.008993
960.0	-0.013855
962.0	0.000729
964.0	-0.005104
966.0	-0.015313
968.0	-0.013368
970.0	-0.018473
972.0	-0.019202
974.0	-0.02066
976.0	-0.024306
978.0	-0.016771
980.0	-0.013855
982.0	0.000243
984.0	-0.003889
986.0	0.000729
988.0	-0.007292
990.0	0.000972
992.0	-0.005347
994.0	-0.009236
996.0	-0.005104
998.0	-0.00632
1000.0	0.000243
1002.0	0.000729
1004.0	0.015799
1006.0	0.017744
1008.0	0.004375
1010.0	0.016771
1012.0	0.009479
1014.0	0.013612
1016.0	0.023091
1018.0	0.011424
1020.0	0.006563
1022.0	0.007049
1024.0	0.008264
1026.0	-0.002917
1028.0	0.006563
1030.0	0.002674
1032.0	0.006077
1034.0	0.012882
1036.0	0.011424
1038.0	-0.010209
1040.0	-0.004618
1042.0	-0.00632
1044.0	0.005347
1046.0	0.0
1048.0	0.000972
1050.0	-0.000729
1052.0	-0.00632
1054.0	-0.007778
1056.0	-0.000729
1058.0	-0.003889
1060.0	-0.001458
1062.0	0.001215
1064.0	0.005104
1066.0	-0.000972
1068.0	0.004618
1070.0	0.004618
1072.0	0.019202
1074.0	0.006806
1076.0	0.006077
1078.0	0.010209
1080.0	0.013368
1082.0	0.016771
1084.0	0.022362
1086.0	0.014827
1088.0	0.015799
1090.0	0.017744
1092.0	0.025036
1094.0	0.013125
1096.0	0.007049
1098.0	0.014341
1100.0	0.019931
1102.0	0.015313
1104.0	0.010938
1106.0	0.019931
1108.0	0.016285
1110.0	0.004132
1112.0	0.01507
1114.0	0.006806
1116.0	0.008507
1118.0	0.008993
1120.0	0.008993
1122.0	0.002188
1124.0	0.006563
1126.0	0.01191
1128.0	0.017987
1130.0	0.012396
1132.0	0.009723
1134.0	0.00632
1136.0	-0.006806
1138.0	0.00632
1140.0	0.006077
1142.0	0.0
1144.0	-0.002188
1146.0	0.009966
1148.0	0.005104
1150.0	0.001945
1152.0	-0.01191
1154.0	-0.013855
1156.0	-0.011424
1158.0	0.000243
1160.0	-0.000486
1162.0	-0.003403
1164.0	-0.001701
1166.0	-0.001945
1168.0	-0.004375
1170.0	0.004132
1172.0	-0.002188
1174.0	-0.010938
1176.0	-0.012396
1178.0	-0.004618
1180.0	-0.000972
1182.0	-0.002674
1184.0	-0.005834
1186.0	-0.00632
1188.0	-0.007049
1190.0	-0.004861
1192.0	-0.010938
1194.0	-0.011667
1196.0	-0.009966
1198.0	-0.002188
1200.0	-0.010209
1202.0	-0.009479
1204.0	-0.000972
1206.0	-0.00632
1208.0	-0.000729
1210.0	-0.007049
1212.0	-0.002674
1214.0	0.0
1216.0	-0.008507
1218.0	-0.018473
1220.0	-0.015313
1222.0	-0.002917
1224.0	-0.008021
1226.0	-0.013368
1228.0	-0.007535
1230.0	-0.00316
1232.0	-0.00316
1234.0	-0.01191
1236.0	-0.016528
1238.0	-0.01507
1240.0	-0.02698
1242.0	-0.018959
1244.0	-0.013855
1246.0	-0.013855
1248.0	-0.009236
1250.0	-0.009236
1252.0	-0.001458
1254.0	0.00875
1256.0	0.001701
1258.0	-0.008993
1260.0	-0.007535
1262.0	-0.000243
1264.0	-0.002188
1266.0	-0.007049
1268.0	-0.007778
1270.0	-0.004132
1272.0	-0.00559
1274.0	-0.002917
1276.0	-0.005104
1278.0	-0.001458
1280.0	-0.004132
1282.0	-0.001458
1284.0	-0.002917
1286.0	0.001701
1288.0	0.004618
1290.0	0.002431
1292.0	-0.002188
1294.0	0.00559
1296.0	0.009479
1298.0	0.005104
1300.0	0.002674
1302.0	-0.000729
1304.0	0.002674
1306.0	0.004132
1308.0	-0.001701
1310.0	0.006563
1312.0	0.004618
1314.0	0.004861
1316.0	0.010938
1318.0	0.010695
1320.0	-0.002431
1322.0	-0.008993
1324.0	-0.013612
1326.0	-0.011424
1328.0	-0.007049
1330.0	-0.003646
1332.0	-0.000243
1334.0	0.008021
1336.0	0.012639
1338.0	0.009723
1340.0	0.008264
1342.0	0.00316
1344.0	0.006563
1346.0	0.010209
1348.0	0.001701
1350.0	-0.00316
1352.0	-0.017744
1354.0	-0.023091
1356.0	-0.017744
1358.0	-0.02066
1360.0	-0.010452
1362.0	-0.019931
1364.0	-0.008021
1366.0	0.001701
1368.0	0.006806
1370.0	0.006077
1372.0	-0.004132
1374.0	0.007535
1376.0	0.019931
1378.0	0.017257
1380.0	0.011424
1382.0	0.00875
1384.0	0.004861
1386.0	0.001701
1388.0	-0.011181
1390.0	-0.005104
1392.0	-0.010695
1394.0	-0.017257
1396.0	-0.006563
1398.0	-0.000729
1400.0	0.001945
1402.0	0.001701
1404.0	-0.007292
1406.0	0.004375
1408.0	0.009236
1410.0	-0.007292
1412.0	-0.00875
1414.0	-0.017501
1416.0	-0.013612
1418.0	-0.003646
1420.0	-0.012396
1422.0	-0.000243
1424.0	0.013612
1426.0	0.002674
1428.0	0.000243
1430.0	0.009966
1432.0	-0.000486
1434.0	0.000486
1436.0	-0.001458
1438.0	-0.00875
1440.0	-0.007778
1442.0	0.000486
1444.0	0.007778
1446.0	0.014584
1448.0	0.015556
1450.0	0.019688
1452.0	0.023091
1454.0	0.019931
1456.0	0.012153
1458.0	0.007049
1460.0	0.010209
1462.0	0.000729
1464.0	-0.004132
1466.0	-0.00559
1468.0	-0.00632
1470.0	0.000486
1472.0	0.001215
1474.0	0.005104
1476.0	0.001215
1478.0	0.013368
1480.0	0.018473
1482.0	0.023334
1484.0	0.012396
1486.0	0.008993
1488.0	0.001701
1490.0	0.007049
1492.0	-0.001701
1494.0	0.000972
1496.0	0.0
1498.0	0.006077
1500.0	0.006077
1502.0	0.000486
1504.0	-0.007778
1506.0	-0.008264
1508.0	-0.000972
1510.0	-0.000243
1512.0	0.001458
1514.0	0.001458
1516.0	0.001458
1518.0	-0.002674
1520.0	0.008264

&

2.0	0.000303
4.0	0.000512
6.0	0.000814
8.0	0.000989
10.0	0.001268
12.0	0.001268
14.0	0.001315
16.0	0.001792
18.0	0.001908
20.0	0.002199
22.0	0.002141
24.0	0.00178
26.0	0.001792
28.0	0.001966
30.0	0.002187
32.0	0.002315
34.0	0.002164
36.0	0.001908
38.0	0.002211
40.0	0.002397
42.0	0.002595
44.0	0.002979
46.0	0.002921
48.0	0.003223
50.0	0.003398
52.0	0.003572
54.0	0.003619
56.0	0.00356
58.0	0.003235
60.0	0.003712
62.0	0.003165
64.0	0.002839
66.0	0.002723
68.0	0.002595
70.0	0.00313
72.0	0.00313
74.0	0.003235
76.0	0.00306
78.0	0.003107
80.0	0.002955
82.0	0.002921
84.0	0.002897
86.0	0.003316
88.0	0.003409
90.0	0.003444
92.0	0.003758
94.0	0.003793
96.0	0.003572
98.0	0.003642
100.0	0.003619
102.0	0.00377
104.0	0.003537
106.0	0.0032
108.0	0.003211
110.0	0.003165
112.0	0.002921
114.0	0.002816
116.0	0.002921
118.0	0.003048
120.0	0.002921
122.0	0.002921
124.0	0.003246
126.0	0.003235
128.0	0.00356
130.0	0.003374
132.0	0.003316
134.0	0.003782
136.0	0.003584
138.0	0.003293
140.0	0.002944
142.0	0.002548
144.0	0.002187
146.0	0.002281
148.0	0.00178
150.0	0.00192
152.0	0.002001
154.0	0.001885
156.0	0.002199
158.0	0.001978
160.0	0.001431
162.0	0.001582
164.0	0.002164
166.0	0.002269
168.0	0.001966
170.0	0.001769
172.0	0.002106
174.0	0.002467
176.0	0.002281
178.0	0.002269
180.0	0.002269
182.0	0.002397
184.0	0.002525
186.0	0.002281
188.0	0.00192
190.0	0.002257
192.0	0.002257
194.0	0.002339
196.0	0.002187
198.0	0.002385
200.0	0.002281
202.0	0.002257
204.0	0.002315
206.0	0.002362
208.0	0.002793
210.0	0.003142
212.0	0.001978
214.0	0.00185
216.0	0.00192
218.0	0.002129
220.0	0.002385
222.0	0.00242
224.0	0.002641
226.0	0.002467
228.0	0.002246
230.0	0.002723
232.0	0.002874
234.0	0.002769
236.0	0.002909
238.0	0.002595
240.0	0.002292
242.0	0.002234
244.0	0.002688
246.0	0.002711
248.0	0.002897
250.0	0.003118
252.0	0.003188
254.0	0.003304
256.0	0.00299
258.0	0.003281
260.0	0.002955
262.0	0.00313
264.0	0.003176
266.0	0.003153
268.0	0.003165
270.0	0.002397
272.0	0.00249
274.0	0.002606
276.0	0.002595
278.0	0.002909
280.0	0.003037
282.0	0.002839
284.0	0.002839
286.0	0.002932
288.0	0.003107
290.0	0.003072
292.0	0.002944
294.0	0.003014
296.0	0.003223
298.0	0.00263
300.0	0.002385
302.0	0.00256
304.0	0.002827
306.0	0.002385
308.0	0.002641
310.0	0.002606
312.0	0.002292
314.0	0.002327
316.0	0.001838
318.0	0.002129
320.0	0.001757
322.0	0.002048
324.0	0.002129
326.0	0.002129
328.0	0.002304
330.0	0.00199
332.0	0.00171
334.0	0.001769
336.0	0.001722
338.0	0.001931
340.0	0.002025
342.0	0.002001
344.0	0.002153
346.0	0.002478
348.0	0.003002
350.0	0.002827
352.0	0.002793
354.0	0.002827
356.0	0.003258
358.0	0.003037
360.0	0.002583
362.0	0.002699
364.0	0.002851
366.0	0.002746
368.0	0.003002
370.0	0.003048
372.0	0.003363
374.0	0.002688
376.0	0.00192
378.0	0.002036
380.0	0.002548
382.0	0.002944
384.0	0.002979
386.0	0.002327
388.0	0.002327
390.0	0.002362
392.0	0.002257
394.0	0.002583
396.0	0.002606
398.0	0.002944
400.0	0.00327
402.0	0.002921
404.0	0.002862
406.0	0.003153
408.0	0.003258
410.0	0.003165
412.0	0.0032
414.0	0.003107
416.0	0.002781
418.0	0.003002
420.0	0.002979
422.0	0.002839
424.0	0.003002
426.0	0.003048
428.0	0.003188
430.0	0.002932
432.0	0.002513
434.0	0.002711
436.0	0.002979
438.0	0.002862
440.0	0.003037
442.0	0.002851
444.0	0.002793
446.0	0.002513
448.0	0.002699
450.0	0.00256
452.0	0.002537
454.0	0.00263
456.0	0.002979
458.0	0.002862
460.0	0.002839
462.0	0.00242
464.0	0.002618
466.0	0.002315
468.0	0.002502
470.0	0.002537
472.0	0.002432
474.0	0.002548
476.0	0.00235
478.0	0.00256
480.0	0.002537
482.0	0.00242
484.0	0.002199
486.0	0.00235
488.0	0.002548
490.0	0.002804
492.0	0.00306
494.0	0.003246
496.0	0.003363
498.0	0.003619
500.0	0.00327
502.0	0.003339
504.0	0.003456
506.0	0.003153
508.0	0.003153
510.0	0.002688
512.0	0.002839
514.0	0.002909
516.0	0.003118
518.0	0.002897
520.0	0.002874
522.0	0.003246
524.0	0.00327
526.0	0.003246
528.0	0.003246
530.0	0.003339
532.0	0.003188
534.0	0.003316
536.0	0.003246
538.0	0.00327
540.0	0.003223
542.0	0.003968
544.0	0.004061
546.0	0.003758
548.0	0.003072
550.0	0.003107
552.0	0.002746
554.0	0.002932
556.0	0.002781
558.0	0.002816
560.0	0.002734
562.0	0.003095
564.0	0.003235
566.0	0.003118
568.0	0.003293
570.0	0.003235
572.0	0.003456
574.0	0.003409
576.0	0.002979
578.0	0.003025
580.0	0.003223
582.0	0.002781
584.0	0.002734
586.0	0.002874
588.0	0.002769
590.0	0.002443
592.0	0.002688
594.0	0.002793
596.0	0.002793
598.0	0.002793
600.0	0.00299
602.0	0.003037
604.0	0.003491
606.0	0.003491
608.0	0.003619
610.0	0.003816
612.0	0.003979
614.0	0.004142
616.0	0.004433
618.0	0.004072
620.0	0.003886
622.0	0.003654
624.0	0.003363
626.0	0.003572
628.0	0.003526
630.0	0.003723
632.0	0.003723
634.0	0.003665
636.0	0.00377
638.0	0.003805
640.0	0.0037
642.0	0.002979
644.0	0.002932
646.0	0.002909
648.0	0.003014
650.0	0.003014
652.0	0.00313
654.0	0.003223
656.0	0.003176
658.0	0.003165
660.0	0.002094
662.0	0.001827
664.0	0.002048
666.0	0.002187
668.0	0.002048
670.0	0.001769
672.0	0.002071
674.0	0.002641
676.0	0.00235
678.0	0.002688
680.0	0.002688
682.0	0.002443
684.0	0.00249
686.0	0.002513
688.0	0.002525
690.0	0.002083
692.0	0.002129
694.0	0.002211
696.0	0.002211
698.0	0.002257
700.0	0.002257
702.0	0.002269
704.0	0.002176
706.0	0.002862
708.0	0.002665
710.0	0.002665
712.0	0.003037
714.0	0.002804
716.0	0.002793
718.0	0.00263
720.0	0.002746
722.0	0.002862
724.0	0.002711
726.0	0.002781
728.0	0.002921
730.0	0.002688
732.0	0.002409
734.0	0.002525
736.0	0.00249
738.0	0.002711
740.0	0.002362
742.0	0.00235
744.0	0.00263
746.0	0.002548
748.0	0.003153
750.0	0.003293
752.0	0.003398
754.0	0.003456
756.0	0.003456
758.0	0.003735
760.0	0.003293
762.0	0.003351
764.0	0.003304
766.0	0.003316
768.0	0.003398
770.0	0.002874
772.0	0.00263
774.0	0.002699
776.0	0.002688
778.0	0.002618
780.0	0.00256
782.0	0.002827
784.0	0.002409
786.0	0.002409
788.0	0.002315
790.0	0.002234
792.0	0.002257
794.0	0.002374
796.0	0.002455
798.0	0.002665
800.0	0.002234
802.0	0.002025
804.0	0.001897
806.0	0.001955
808.0	0.001862
810.0	0.002036
812.0	0.002036
814.0	0.002374
816.0	0.00263
818.0	0.002455
820.0	0.003142
822.0	0.003281
824.0	0.003165
826.0	0.002839
828.0	0.002595
830.0	0.002653
832.0	0.002734
834.0	0.002641
836.0	0.00256
838.0	0.001908
840.0	0.001722
842.0	0.001803
844.0	0.00171
846.0	0.001885
848.0	0.002199
850.0	0.002094
852.0	0.001803
854.0	0.001478
856.0	0.001326
858.0	0.000989
860.0	0.001094
862.0	0.001198
864.0	0.001338
866.0	0.001164
868.0	0.001268
870.0	0.001687
872.0	0.001931
874.0	0.001931
876.0	0.002025
878.0	0.002083
880.0	0.00178
882.0	0.002071
884.0	0.002153
886.0	0.001815
888.0	0.001966
890.0	0.002281
892.0	0.002269
894.0	0.001745
896.0	0.001792
898.0	0.001862
900.0	0.001873
902.0	0.002036
904.0	0.002269
906.0	0.002525
908.0	0.002758
910.0	0.002676
912.0	0.003165
914.0	0.003374
916.0	0.003514
918.0	0.002723
920.0	0.002851
922.0	0.002723
924.0	0.002804
926.0	0.003083
928.0	0.003048
930.0	0.003246
932.0	0.003014
934.0	0.00263
936.0	0.002944
938.0	0.003246
940.0	0.003072
942.0	0.003048
944.0	0.002851
946.0	0.002723
948.0	0.002583
950.0	0.002222
952.0	0.002164
954.0	0.002129
956.0	0.002036
958.0	0.001931
960.0	0.001978
962.0	0.001803
964.0	0.002013
966.0	0.002292
968.0	0.00235
970.0	0.002804
972.0	0.002478
974.0	0.002281
976.0	0.002874
978.0	0.002921
980.0	0.002641
982.0	0.002595
984.0	0.003002
986.0	0.002886
988.0	0.002944
990.0	0.002979
992.0	0.003386
994.0	0.00363
996.0	0.003654
998.0	0.003677
1000.0	0.003363
1002.0	0.003281
1004.0	0.002769
1006.0	0.003025
1008.0	0.002897
1010.0	0.002944
1012.0	0.002793
1014.0	0.002583
1016.0	0.002793
1018.0	0.003025
1020.0	0.003037
1022.0	0.003398
1024.0	0.003607
1026.0	0.003386
1028.0	0.003584
1030.0	0.003688
1032.0	0.00363
1034.0	0.00377
1036.0	0.003758
1038.0	0.003758
1040.0	0.00356
1042.0	0.002979
1044.0	0.002851
1046.0	0.002897
1048.0	0.003037
1050.0	0.002781
1052.0	0.002955
1054.0	0.002781
1056.0	0.00256
1058.0	0.002653
1060.0	0.003107
1062.0	0.003223
1064.0	0.00327
1066.0	0.002827
1068.0	0.002455
1070.0	0.002455
1072.0	0.002944
1074.0	0.002676
1076.0	0.002525
1078.0	0.002455
1080.0	0.002513
1082.0	0.002409
1084.0	0.002537
1086.0	0.002537
1088.0	0.002502
1090.0	0.002665
1092.0	0.002362
1094.0	0.002606
1096.0	0.00242
1098.0	0.002327
1100.0	0.002211
1102.0	0.002339
1104.0	0.002443
1106.0	0.002909
1108.0	0.003246
1110.0	0.003398
1112.0	0.003118
1114.0	0.003153
1116.0	0.003002
1118.0	0.003165
1120.0	0.003107
1122.0	0.003014
1124.0	0.003025
1126.0	0.002874
1128.0	0.002816
1130.0	0.003037
1132.0	0.003002
1134.0	0.00306
1136.0	0.002967
1138.0	0.003072
1140.0	0.003316
1142.0	0.003584
1144.0	0.003339
1146.0	0.003549
1148.0	0.003444
1150.0	0.003386
1152.0	0.003095
1154.0	0.003246
1156.0	0.003165
1158.0	0.002688
1160.0	0.002455
1162.0	0.002257
1164.0	0.002537
1166.0	0.002374
1168.0	0.002606
1170.0	0.002886
1172.0	0.003118
1174.0	0.002886
1176.0	0.002257
1178.0	0.00256
1180.0	0.002653
1182.0	0.002676
1184.0	0.002734
1186.0	0.002385
1188.0	0.00199
1190.0	0.00235
1192.0	0.002164
1194.0	0.00242
1196.0	0.002362
1198.0	0.002583
1200.0	0.002676
1202.0	0.002595
1204.0	0.00249
1206.0	0.002699
1208.0	0.003037
1210.0	0.002711
1212.0	0.00256
1214.0	0.002665
1216.0	0.002979
1218.0	0.002955
1220.0	0.002804
1222.0	0.002688
1224.0	0.002455
1226.0	0.002269
1228.0	0.002665
1230.0	0.002641
1232.0	0.002513
1234.0	0.002711
1236.0	0.002839
1238.0	0.002734
1240.0	0.002874
1242.0	0.002606
1244.0	0.002443
1246.0	0.002641
1248.0	0.002769
1250.0	0.002769
1252.0	0.002734
1254.0	0.002327
1256.0	0.001897
1258.0	0.002059
1260.0	0.002315
1262.0	0.002048
1264.0	0.001978
1266.0	0.002211
1268.0	0.001838
1270.0	0.001815
1272.0	0.002211
1274.0	0.002118
1276.0	0.002141
1278.0	0.002304
1280.0	0.00235
1282.0	0.002385
1284.0	0.00263
1286.0	0.002769
1288.0	0.002746
1290.0	0.003188
1292.0	0.003526
1294.0	0.004003
1296.0	0.003863
1298.0	0.004049
1300.0	0.00391
1302.0	0.003479
1304.0	0.0037
1306.0	0.003723
1308.0	0.003805
1310.0	0.003665
1312.0	0.00356
1314.0	0.003223
1316.0	0.003421
1318.0	0.003572
1320.0	0.003828
1322.0	0.00391
1324.0	0.004235
1326.0	0.003747
1328.0	0.003339
1330.0	0.003688
1332.0	0.003747
1334.0	0.004003
1336.0	0.003851
1338.0	0.003723
1340.0	0.0032
1342.0	0.002665
1344.0	0.002525
1346.0	0.002583
1348.0	0.002478
1350.0	0.00249
1352.0	0.00256
1354.0	0.003188
1356.0	0.003095
1358.0	0.003432
1360.0	0.003584
1362.0	0.003467
1364.0	0.003665
1366.0	0.003409
1368.0	0.003118
1370.0	0.003456
1372.0	0.003607
1374.0	0.003421
1376.0	0.003037
1378.0	0.002932
1380.0	0.00242
1382.0	0.002525
1384.0	0.002571
1386.0	0.002513
1388.0	0.002362
1390.0	0.002246
1392.0	0.002397
1394.0	0.002734
1396.0	0.003072
1398.0	0.003386
1400.0	0.003572
1402.0	0.003456
1404.0	0.003456
1406.0	0.003479
1408.0	0.003665
1410.0	0.003921
1412.0	0.003944
1414.0	0.004177
1416.0	0.004398
1418.0	0.004561
1420.0	0.004817
1422.0	0.004596
1424.0	0.0042
1426.0	0.004072
1428.0	0.004433
1430.0	0.0042
1432.0	0.003665
1434.0	0.00391
1436.0	0.003886
1438.0	0.004003
1440.0	0.003665
1442.0	0.003293
1444.0	0.003072
1446.0	0.003048
1448.0	0.003002
1450.0	0.002851
1452.0	0.002734
1454.0	0.002979
1456.0	0.002257
1458.0	0.002246
1460.0	0.00235
1462.0	0.002548
1464.0	0.00249
1466.0	0.002374
1468.0	0.002513
1470.0	0.002804
1472.0	0.002897
1474.0	0.002955
1476.0	0.002886
1478.0	0.003328
1480.0	0.003281
1482.0	0.003886
1484.0	0.004538
1486.0	0.004619
1488.0	0.003677
1490.0	0.003153
1492.0	0.003165
1494.0	0.002653
1496.0	0.003095
1498.0	0.002758
1500.0	0.002502
1502.0	0.002839
1504.0	0.002711
1506.0	0.002699
1508.0	0.002525
1510.0	0.002793
1512.0	0.002944
1514.0	0.002758
1516.0	0.002769
1518.0	0.002874
1520.0	0.002537

&

