0.2	-0.000729
0.4	0.002674
0.6	-0.006077
0.8	-0.006077
1.0	-0.000729
1.2	0.004132
1.4	0.006077
1.6	0.009966
1.8	0.003889
2.0	0.004861
2.2	0.007778
2.4	0.003646
2.6	0.012882
2.8	0.011181
3.0	0.032327
3.2	0.025522
3.4	0.019688
3.6	0.003646
3.8	0.004861
4.0	0.009966
4.2	0.014827
4.4	0.016042
4.6	0.023334
4.8	0.021876
5.0	0.017987
5.2	0.01507
5.4	0.000972
5.6	0.008021
5.8	0.000243
6.0	0.00559
6.2	0.010938
6.4	0.007292
6.6	0.001458
6.8	0.001945
7.0	0.001701
7.2	0.003646
7.4	0.002917
7.6	0.020903
7.8	0.001215
8.0	0.000243
8.2	-0.011181
8.4	-0.007778
8.6	0.001458
8.8	-0.006806
9.0	-0.020174
9.2	-0.02066
9.4	-0.016042
9.6	-0.007292
9.8	-0.007535
10.0	-0.008264
10.2	-0.016528
10.4	-0.017501
10.6	-0.006806
10.8	-0.002674
11.0	0.0
11.2	0.002188
11.4	0.016771
11.6	0.00632
11.8	0.010209
12.0	0.004132
12.2	0.006077
12.4	0.013855
12.6	0.013612
12.8	0.016771
13.0	0.011667
13.2	0.011424
13.4	0.001945
13.6	0.001215
13.8	-0.001701
14.0	-0.004375
14.2	0.002674
14.4	0.004375
14.6	-0.000243
14.8	-0.004861
15.0	0.0
15.2	0.005104
15.4	0.009966
15.6	0.006563
15.8	0.002188
16.0	-0.005104
16.2	-0.002431
16.4	0.000243
16.6	-0.00632
16.8	-0.009966
17.0	-0.010938
17.2	-0.007535
17.4	-0.00632
17.6	-0.008264
17.8	-0.005347
18.0	0.004132
18.2	0.009966
18.4	0.004375
18.6	0.005347
18.8	-0.000486
19.0	0.008021
19.2	0.013612
19.4	0.016528
19.6	0.017744
19.8	0.012639
20.0	0.003889
20.2	0.003889
20.4	0.007292
20.6	0.013855
20.8	-0.002431
21.0	0.004618
21.2	0.002431
21.4	0.000486
21.6	-0.004861
21.8	-0.016771
22.0	-0.012882
22.2	-0.029411
22.4	-0.019445
22.6	-0.026251
22.8	-0.029411
23.0	-0.019202
23.2	-0.019445
23.4	-0.017014
23.6	-0.012396
23.8	-0.011424
24.0	-0.006077
24.2	-0.002674
24.4	-0.004375
24.6	-0.011667
24.8	-0.01191
25.0	-0.002674
25.2	0.008507
25.4	0.012153
25.6	0.00632
25.8	0.008021
26.0	0.002188
26.2	0.004618
26.4	0.016285
26.6	0.013612
26.8	0.016042
27.0	0.006077
27.2	0.005834
27.4	0.008993
27.6	0.009966
27.8	0.00632
28.0	0.008507
28.2	-0.004132
28.4	-0.008264
28.6	-0.017257
28.8	-0.022605
29.0	-0.012153
29.2	-0.002431
29.4	-0.011667
29.6	-0.010209
29.8	-0.017987
30.0	-0.009479
30.2	0.001945
30.4	0.000486
30.6	-0.00559
30.8	-0.00875
31.0	-0.004861
31.2	-0.001945
31.4	0.004375
31.6	0.01823
31.8	0.012153
32.0	0.008993
32.2	0.015313
32.4	0.009723
32.6	0.010452
32.8	0.004132
33.0	0.000972
33.2	-0.00316
33.4	-0.008993
33.6	-0.002188
33.8	-0.004861
34.0	-0.003646
34.2	-0.004618
34.4	-0.00316
34.6	-0.00875
34.8	-0.008264
35.0	-0.010695
35.2	-0.015313
35.4	-0.010209
35.6	-0.00875
35.8	-0.002917
36.0	0.004132
36.2	0.005347
36.4	0.010209
36.6	0.00875
36.8	-0.000972
37.0	-0.000243
37.2	-0.000729
37.4	-0.009723
37.6	-0.008993
37.8	-0.003403
38.0	0.021876
38.2	0.027466
38.4	0.012396
38.6	0.013125
38.8	0.020174
39.0	0.017987
39.2	0.019931
39.4	0.011181
39.6	0.009966
39.8	-0.00316
40.0	0.002917
40.2	-0.006563
40.4	0.002188
40.6	0.007292
40.8	0.004618
41.0	0.0
41.2	0.006806
41.4	0.010695
41.6	0.007535
41.8	0.000972
42.0	-0.000243
42.2	0.000729
42.4	0.004618
42.6	0.00316
42.8	-0.003646
43.0	-0.009966
43.2	0.004375
43.4	-0.000729
43.6	0.001458
43.8	0.003889
44.0	-0.002917
44.2	0.003403
44.4	0.007535
44.6	0.00875
44.8	0.007292
45.0	0.017014
45.2	-0.003646
45.4	0.000486
45.6	0.009723
45.8	0.004375
46.0	0.00316
46.2	-0.006077
46.4	-0.008507
46.6	0.00316
46.8	0.00316
47.0	0.004618
47.2	0.00559
47.4	-0.007535
47.6	0.006806
47.8	0.004861
48.0	0.00632
48.2	0.014827
48.4	0.012882
48.6	0.013855
48.8	-0.001945
49.0	0.0
49.2	-0.000729
49.4	0.004861
49.6	-0.008993
49.8	-0.002674
50.0	-0.002674
50.2	0.003403
50.4	0.004618
50.6	0.018473
50.8	0.016042
51.0	0.015313
51.2	0.015313
51.4	0.011181
51.6	0.013125
51.8	0.014341
52.0	0.014584
52.2	0.020417
52.4	0.01823
52.6	0.019445
52.8	0.016528
53.0	0.013368
53.2	0.015556
53.4	0.008264
53.6	0.011424
53.8	0.005347
54.0	0.016771
54.2	0.023577
54.4	0.007778
54.6	0.003889
54.8	-0.001945
55.0	-0.004132
55.2	-0.012396
55.4	0.000486
55.6	0.004861
55.8	0.001215
56.0	0.001701
56.2	-0.014341
56.4	-0.002431
56.6	-0.006563
56.8	-0.010938
57.0	-0.012639
57.2	-0.00316
57.4	-0.000972
57.6	0.001945
57.8	0.002917
58.0	0.001215
58.2	-0.00875
58.4	-0.013125
58.6	-0.005347
58.8	0.002917
59.0	0.004132
59.2	-0.000486
59.4	-0.012882
59.6	-0.011667
59.8	-0.000972
60.0	0.000486
60.2	0.0
60.4	0.007049
60.6	0.004375
60.8	-0.000486
61.0	0.000972
61.2	0.001458
61.4	-0.006806
61.6	-0.005104
61.8	-0.005834
62.0	0.002674
62.2	0.00559
62.4	0.016042
62.6	0.013855
62.8	0.014098
63.0	0.016285
63.2	0.017257
63.4	0.017987
63.6	0.004618
63.8	-0.006077
64.0	-0.015799
64.2	-0.012882
64.4	-0.017987
64.6	-0.015556
64.8	-0.016771
65.0	-0.012639
65.2	-0.009966
65.4	-0.017501
65.6	-0.015799
65.8	-0.012639
66.0	0.003403
66.2	-0.004132
66.4	0.0
66.6	0.002674
66.8	0.010452
67.0	-0.001215
67.2	0.004375
67.4	-0.000486
67.6	-0.009723
67.8	-0.016042
68.0	-0.015799
68.2	-0.000972
68.4	0.009236
68.6	0.000243
68.8	-0.009479
69.0	-0.022605
69.2	-0.011424
69.4	-0.010209
69.6	-0.001701
69.8	0.007778
70.0	-0.009479
70.2	-0.006806
70.4	0.000729
70.6	0.013855
70.8	0.010452
71.0	0.01191
71.2	-0.001215
71.4	0.002674
71.6	-0.002188
71.8	0.015313
72.0	0.018473
72.2	0.014341
72.4	0.016528
72.6	0.009479
72.8	0.024306
73.0	0.010452
73.2	-0.004375
73.4	-0.008264
73.6	-0.012396
73.8	-0.007292
74.0	-0.008021
74.2	-0.001945
74.4	-0.009479
74.6	-0.000486
74.8	-0.002674
75.0	-0.002431
75.2	0.009479
75.4	0.009479
75.6	0.010452
75.8	0.009723
76.0	0.007535
76.2	-0.001215
76.4	0.002674
76.6	0.004861
76.8	-0.002188
77.0	-0.011667
77.2	-0.007778
77.4	-0.01191
77.6	0.006077
77.8	0.009479
78.0	0.00316
78.2	0.007049
78.4	0.009966
78.6	0.015556
78.8	0.01507
79.0	0.011181
79.2	-0.001215
79.4	-0.004375
79.6	-0.000486
79.8	-0.005347
80.0	-0.016285
80.2	-0.016285
80.4	0.000243
80.6	-0.00632
80.8	-0.02382
81.0	-0.018473
81.2	-0.013368
81.4	-0.007049
81.6	-0.001215
81.8	-0.001458
82.0	0.006806
82.2	-0.005104
82.4	-0.004861
82.6	0.003403
82.8	-0.011181
83.0	-0.01507
83.2	-0.012396
83.4	-0.008993
83.6	0.001945
83.8	0.006077
84.0	-0.000243
84.2	0.005834
84.4	0.012153
84.6	0.008264
84.8	0.013368
85.0	0.011424
85.2	0.008507
85.4	0.015313
85.6	0.01191
85.8	0.005104
86.0	0.0
86.2	-0.005347
86.4	-0.013612
86.6	-0.010938
86.8	-0.00316
87.0	-0.002188
87.2	-0.013612
87.4	-0.009236
87.6	-0.014584
87.8	-0.006806
88.0	-0.011181
88.2	-0.00316
88.4	-0.013368
88.6	-0.005834
88.8	0.004618
89.0	0.004375
89.2	-0.00632
89.4	0.003646
89.6	0.011667
89.8	0.001945
90.0	0.002917
90.2	0.006563
90.4	0.004375
90.6	0.007049
90.8	0.013368
91.0	0.014341
91.2	0.011424
91.4	0.010695
91.6	0.007535
91.8	0.003889
92.0	-0.008993
92.2	-0.023091
92.4	-0.017014
92.6	-0.014098
92.8	-0.002917
93.0	0.009966
93.2	0.02382
93.4	0.024306
93.6	0.017744
93.8	0.01823
94.0	0.016042
94.2	0.017744
94.4	0.014098
94.6	0.010209
94.8	0.009236
95.0	0.009236
95.2	0.000729
95.4	0.002674
95.6	0.003646
95.8	0.001458
96.0	0.005834
96.2	0.00316
96.4	0.008021
96.6	0.012153
96.8	0.011424
97.0	0.002188
97.2	0.008021
97.4	0.003646
97.6	0.007292
97.8	0.005104
98.0	0.004375
98.2	0.007535
98.4	0.005347
98.6	-0.00559
98.8	-0.001701
99.0	-0.004375
99.2	-0.012153
99.4	-0.00559
99.6	-0.006077
99.8	-0.010938
100.0	-0.006563
100.2	-0.010209
100.4	-0.015313
100.6	-0.002431
100.8	-0.003403
101.0	-0.008993
101.2	-0.009723
101.4	-0.016528
101.6	-0.013368
101.8	-0.002431
102.0	-0.004375
102.2	-0.00316
102.4	0.010938
102.6	0.00316
102.8	-0.006563
103.0	0.0
103.2	-0.006563
103.4	-0.014341
103.6	-0.001701
103.8	-0.005834
104.0	0.001945
104.2	-0.000486
104.4	0.008507
104.6	0.007292
104.8	0.007292
105.0	0.005834
105.2	0.009236
105.4	0.001215
105.6	0.004861
105.8	0.006077
106.0	0.01507
106.2	0.021633
106.4	0.006806
106.6	0.001458
106.8	0.008264
107.0	0.011424
107.2	0.01191
107.4	0.016771
107.6	0.009236
107.8	0.006077
108.0	0.008264
108.2	0.002188
108.4	0.01507
108.6	0.010938
108.8	0.003889
109.0	0.002674
109.2	0.010209
109.4	0.012882
109.6	0.013612
109.8	0.015556
110.0	0.01507
110.2	0.010209
110.4	0.006077
110.6	0.009236
110.8	0.002188
111.0	0.000243
111.2	0.004618
111.4	0.007292
111.6	-0.001458
111.8	0.001458
112.0	0.001458
112.2	0.001945
112.4	-0.006806
112.6	-0.008021
112.8	-0.005347
113.0	-0.000729
113.2	-0.003889
113.4	-0.007049
113.6	0.00316
113.8	-0.009479
114.0	0.000486
114.2	0.000729
114.4	-0.002188
114.6	0.006563
114.8	0.011424
115.0	0.002674
115.2	-0.001215
115.4	-0.000243
115.6	0.002674
115.8	0.005104
116.0	0.002917
116.2	-0.002917
116.4	-0.000972
116.6	0.000729
116.8	-0.003646
117.0	-0.001945
117.2	0.00632
117.4	0.012639
117.6	0.006077
117.8	0.016285
118.0	0.017744
118.2	0.012882
118.4	0.007778
118.6	0.007535
118.8	0.010209
119.0	0.009966
119.2	-0.004132
119.4	0.001458
119.6	-0.002188
119.8	-0.006563
120.0	-0.005104
120.2	-0.006563
120.4	-0.004618
120.6	-0.010209
120.8	-0.001215
121.0	0.006563
121.2	0.007535
121.4	-0.00632
121.6	-0.004375
121.8	-0.00875
122.0	-0.014098
122.2	-0.005834
122.4	-0.00559
122.6	-0.003889
122.8	0.001701
123.0	-0.00632
123.2	-0.00875
123.4	-0.003889
123.6	0.000729
123.8	0.002674
124.0	0.006563
124.2	0.005104
124.4	-0.001945
124.6	-0.001215
124.8	-0.008264
125.0	-0.010695
125.2	-0.019931
125.4	-0.024549
125.6	-0.021147
125.8	-0.018473
126.0	-0.009966
126.2	0.001458
126.4	0.000729
126.6	-0.000486
126.8	0.000486
127.0	-0.006806
127.2	0.001701
127.4	-0.003646
127.6	0.009236
127.8	0.009479
128.0	-0.000729
128.2	0.008021
128.4	-0.001701
128.6	-0.004861
128.8	-0.001701
129.0	0.010938
129.2	0.009479
129.4	0.008021
129.6	-0.000243
129.8	-0.004618
130.0	-0.000972
130.2	-0.010938
130.4	-0.011181
130.6	-0.015313
130.8	-0.015313
131.0	0.007778
131.2	0.000486
131.4	0.002917
131.6	0.0
131.8	0.003403
132.0	0.011424
132.2	0.021633
132.4	0.021633
132.6	0.021147
132.8	-0.015799
133.0	-0.024063
133.2	-0.007778
133.4	-0.013855
133.6	-0.010938
133.8	-0.011181
134.0	-0.001945
134.2	0.000729
134.4	0.001215
134.6	0.000972
134.8	0.000972
135.0	-0.00316
135.2	-0.001701
135.4	-0.006563
135.6	-0.009236
135.8	-0.019202
136.0	-0.018716
136.2	-0.012882
136.4	-0.012396
136.6	-0.014098
136.8	-0.021876
137.0	-0.022605
137.2	-0.027709
137.4	-0.021633
137.6	-0.014827
137.8	-0.004861
138.0	-0.002188
138.2	-0.00316
138.4	0.001458
138.6	-0.00316
138.8	-0.003646
139.0	-0.004861
139.2	-0.005834
139.4	0.001945
139.6	0.004861
139.8	-0.003403
140.0	-0.011667
140.2	-0.006563
140.4	-0.009966
140.6	-0.004861
140.8	0.001701
141.0	-0.013612
141.2	-0.018473
141.4	-0.010695
141.6	-0.009479
141.8	-0.007535
142.0	-0.012882
142.2	-0.013125
142.4	-0.010695
142.6	-0.012396
142.8	-0.009236
143.0	-0.010452
143.2	-0.004618
143.4	0.000972
143.6	0.000972
143.8	-0.011181
144.0	-0.007778
144.2	-0.008507
144.4	-0.011181
144.6	-0.008264
144.8	-0.000972
145.0	0.000972
145.2	-0.001215
145.4	-0.002188
145.6	-0.004132
145.8	-0.000729
146.0	-0.000729
146.2	-0.005347
146.4	-0.004618
146.6	-0.008264
146.8	-0.000486
147.0	-0.000243
147.2	0.0
147.4	-0.003889
147.6	-0.005104
147.8	0.000729
148.0	0.008264
148.2	0.003889
148.4	0.000972
148.6	-0.004132
148.8	-0.005104
149.0	0.0
149.2	0.007292
149.4	0.00632
149.6	0.001458
149.8	-0.001701
150.0	-0.00316
150.2	-0.001945
150.4	0.000243
150.6	-0.010938
150.8	-0.010938
151.0	-0.010452
151.2	-0.003403
151.4	-0.008021
151.6	-0.001945
151.8	-0.016042
152.0	-0.012882
152.2	-0.011667
152.4	-0.01191
152.6	-0.00316
152.8	0.006806
153.0	0.017987
153.2	0.002674
153.4	-0.014584
153.6	-0.011667
153.8	-0.006563
154.0	-0.012639
154.2	-0.017257
154.4	-0.012882
154.6	-0.002917
154.8	-0.002431
155.0	-0.005347
155.2	-0.002917
155.4	-0.00559
155.6	-0.016285
155.8	-0.015799
156.0	-0.013612
156.2	-0.014827
156.4	-0.01823
156.6	-0.009236
156.8	-0.008264
157.0	-0.009966
157.2	-0.005104
157.4	-0.007535
157.6	0.001945
157.8	-0.002917
158.0	-0.01507
158.2	-0.017257
158.4	-0.00875
158.6	-0.000972
158.8	-0.007535
159.0	-0.000729
159.2	0.008507
159.4	0.001458
159.6	-0.007535
159.8	0.001458
160.0	0.003403
160.2	-0.007292
160.4	-0.003889
160.6	0.013368
160.8	0.014098
161.0	0.017744
161.2	0.015799
161.4	0.018959
161.6	0.013855
161.8	0.012882
162.0	0.016285
162.2	0.018959
162.4	0.013125
162.6	0.014098
162.8	0.004861
163.0	0.003403
163.2	0.007778
163.4	0.014098
163.6	0.013612
163.8	0.015556
164.0	0.016042
164.2	0.011667
164.4	0.016285
164.6	0.008507
164.8	0.008021
165.0	0.002431
165.2	0.010695
165.4	0.000486
165.6	0.000729
165.8	-0.000972
166.0	-0.001215
166.2	0.008507
166.4	0.006563
166.6	0.008021
166.8	0.011181
167.0	0.003889
167.2	-0.000486
167.4	-0.009966
167.6	-0.007292
167.8	-0.009966
168.0	-0.000486
168.2	-0.002917
168.4	0.012882
168.6	0.009479
168.8	0.016285
169.0	0.021876
169.2	0.020174
169.4	0.015556
169.6	0.008507
169.8	-0.000486
170.0	0.003646
170.2	0.00875
170.4	0.007778
170.6	0.005834
170.8	-0.000243
171.0	-0.010452
171.2	0.002188
171.4	0.000729
171.6	0.005834
171.8	-0.000972
172.0	-0.007292
172.2	-0.007292
172.4	-0.012639
172.6	-0.016528
172.8	-0.022848
173.0	-0.005104
173.2	-0.004132
173.4	-0.005834
173.6	-0.013368
173.8	-0.009479
174.0	-0.004375
174.2	-0.009723
174.4	-0.001945
174.6	0.000486
174.8	0.013125
175.0	0.022848
175.2	0.01191
175.4	0.004132
175.6	-0.000729
175.8	-0.001458
176.0	0.005834
176.2	0.01191
176.4	0.015313
176.6	0.015799
176.8	0.017014
177.0	0.025279
177.2	0.014584
177.4	0.017257
177.6	-0.006563
177.8	-0.011181
178.0	-0.010695
178.2	-0.012882
178.4	-0.007049
178.6	-0.000486
178.8	-0.000972
179.0	0.000972
179.2	0.00632
179.4	0.0
179.6	-0.002431
179.8	-0.004618
180.0	-0.010452
180.2	-0.009479
180.4	0.006077
180.6	0.000972
180.8	-0.005347
181.0	-0.00875
181.2	-0.016042
181.4	-0.011424
181.6	0.009236
181.8	0.00875
182.0	0.004618
182.2	0.005104
182.4	0.000243
182.6	-0.001945
182.8	-0.005834
183.0	-0.005347
183.2	0.003646
183.4	0.009236
183.6	0.010209
183.8	0.021876
184.0	0.014098
184.2	0.018959
184.4	0.007292
184.6	0.004861
184.8	0.004375
185.0	0.02139
185.2	0.016771
185.4	0.028925
185.6	0.025765
185.8	0.017744
186.0	0.009479
186.2	0.003889
186.4	0.006077
186.6	-0.004618
186.8	-0.001701
187.0	0.013855
187.2	0.013855
187.4	0.017744
187.6	0.011181
187.8	-0.000972
188.0	-0.003403
188.2	-0.010938
188.4	-0.009723
188.6	0.000972
188.8	0.009966
189.0	0.005834
189.2	0.001458
189.4	-0.006077
189.6	-0.008264
189.8	-0.009723
190.0	-0.013368
190.2	-0.014341
190.4	-0.006077
190.6	0.0
190.8	0.006563
191.0	0.000972
191.2	-0.001458
191.4	-0.004861
191.6	-0.006806
191.8	-0.000729
192.0	-0.008507
192.2	0.004618
192.4	0.005834
192.6	-0.000486
192.8	-0.003889
193.0	-0.005347
193.2	-0.005104
193.4	0.006077
193.6	0.002917
193.8	0.00316
194.0	0.006077
194.2	0.0
194.4	0.000243
194.6	0.013368
194.8	0.007535
195.0	0.016285
195.2	0.017014
195.4	0.017257
195.6	0.013125
195.8	0.019445
196.0	0.016042
196.2	0.026494
196.4	0.012639
196.6	0.012639
196.8	0.01823
197.0	0.018959
197.2	0.019688
197.4	0.018716
197.6	0.021876
197.8	0.01823
198.0	0.019445
198.2	0.013368
198.4	0.017257
198.6	0.008264
198.8	0.010695
199.0	0.001215
199.2	0.00559
199.4	-0.004132
199.6	-0.013368
199.8	-0.010695
200.0	-0.010452
200.2	-0.009723
200.4	-0.005104
200.6	-0.001458
200.8	-0.001701
201.0	0.003889
201.2	0.015799
201.4	0.013612
201.6	0.010938
201.8	0.016771
202.0	0.030383
202.2	0.020174
202.4	0.016042
202.6	0.016528
202.8	0.013612
203.0	0.008021
203.2	0.006806
203.4	0.003646
203.6	0.012882
203.8	0.012639
204.0	-0.002188
204.2	-0.004132
204.4	-0.007049
204.6	-0.01191
204.8	-0.004618
205.0	-0.005834
205.2	-0.003889
205.4	-0.007778
205.6	-0.012396
205.8	-0.011424
206.0	-0.014584
206.2	-0.006077
206.4	-0.005104
206.6	-0.007292
206.8	-0.005834
207.0	0.000243
207.2	-0.001945
207.4	0.001458
207.6	0.003646
207.8	0.003889
208.0	0.004375
208.2	0.02139
208.4	0.028925
208.6	0.013855
208.8	0.018716
209.0	0.018959
209.2	0.017501
209.4	0.019202
209.6	0.02066
209.8	0.011424
210.0	0.017744
210.2	0.014827
210.4	0.010695
210.6	0.009723
210.8	-0.002674
211.0	0.003889
211.2	0.003889
211.4	-0.001215
211.6	0.002431
211.8	0.004132
212.0	0.00316
212.2	-0.007778
212.4	-0.010209
212.6	-0.008993
212.8	-0.008264
213.0	-0.003403
213.2	-0.015313
213.4	-0.008993
213.6	-0.004618
213.8	-0.00559
214.0	0.001215
214.2	-0.004618
214.4	-0.002917
214.6	0.012882
214.8	0.009236
215.0	0.000486
215.2	0.009966
215.4	-0.001215
215.6	-0.00316
215.8	-0.006563
216.0	0.000972
216.2	0.008264
216.4	0.005347
216.6	0.002917
216.8	-0.001458
217.0	0.002188
217.2	0.008264
217.4	0.002917
217.6	0.001701
217.8	-0.003889
218.0	-0.001458
218.2	-0.001945
218.4	0.003403
218.6	-0.002188
218.8	-0.011424
219.0	-0.012396
219.2	-0.011181
219.4	-0.009236
219.6	-0.004861
219.8	-0.001215
220.0	0.006077
220.2	-0.001458
220.4	-0.00316
220.6	-0.007535
220.8	-0.004375
221.0	-0.000486
221.2	-0.003403
221.4	-0.006077
221.6	0.007535
221.8	0.008264
222.0	0.00632
222.2	0.003403
222.4	0.011667
222.6	-0.000486
222.8	-0.01191
223.0	-0.015556
223.2	-0.013125
223.4	-0.012153
223.6	-0.009966
223.8	-0.007292
224.0	0.003646
224.2	-0.005834
224.4	-0.007778
224.6	-0.002674
224.8	-0.006806
225.0	-0.00559
225.2	-0.007292
225.4	-0.003889
225.6	-0.003889
225.8	0.00316
226.0	0.004132
226.2	-0.008993
226.4	-0.003646
226.6	-0.007535
226.8	-0.001945
227.0	-0.002188
227.2	0.008507
227.4	0.007292
227.6	0.018473
227.8	0.017257
228.0	0.011424
228.2	0.014827
228.4	-0.002188
228.6	0.000243
228.8	0.008264
229.0	0.007292
229.2	0.004132
229.4	0.004618
229.6	0.002188
229.8	0.00559
230.0	-0.002431
230.2	-0.012396
230.4	-0.012396
230.6	-0.013368
230.8	-0.011667
231.0	-0.000972
231.2	-0.007049
231.4	-0.010695
231.6	0.000243
231.8	-0.008264
232.0	0.000972
232.2	-0.005347
232.4	-0.016042
232.6	-0.006563
232.8	0.012396
233.0	0.014827
233.2	0.006806
233.4	0.01507
233.6	0.00632
233.8	0.002674
234.0	0.000243
234.2	0.001458
234.4	0.005104
234.6	-0.000972
234.8	-0.01191
235.0	-0.009966
235.2	0.002188
235.4	-0.007292
235.6	-0.006077
235.8	-0.012396
236.0	-0.000972
236.2	0.008264
236.4	0.013368
236.6	0.017501
236.8	0.019931
237.0	0.01507
237.2	0.018716
237.4	0.017501
237.6	0.018959
237.8	0.018959
238.0	0.000972
238.2	0.006563
238.4	0.000243
238.6	0.002674
238.8	0.005347
239.0	0.013125
239.2	0.020903
239.4	0.006563
239.6	0.014584
239.8	0.013612
240.0	0.014341
240.2	0.017257
240.4	0.018959
240.6	0.007049
240.8	0.014341
241.0	0.013612
241.2	0.019202
241.4	0.011424
241.6	0.001701
241.8	-0.00875
242.0	0.000729
242.2	0.00632
242.4	-0.002431
242.6	0.010452
242.8	0.014098
243.0	0.010209
243.2	0.015556
243.4	0.021633
243.6	0.017744
243.8	0.017987
244.0	0.011181
244.2	0.001945
244.4	0.007049
244.6	0.00559
244.8	0.00632
245.0	-0.002674
245.2	0.011181
245.4	0.015556
245.6	0.013125
245.8	0.016528
246.0	0.020417
246.2	0.012396
246.4	0.012396
246.6	0.014584
246.8	0.009479
247.0	-0.004132
247.2	0.003646
247.4	-0.001945
247.6	0.00632
247.8	-0.008507
248.0	-0.004375
248.2	-0.008507
248.4	-0.010695
248.6	-0.004618
248.8	-0.014584
249.0	-0.019931
249.2	-0.017014
249.4	-0.004132
249.6	0.005104
249.8	0.008507
250.0	0.012396
250.2	0.009966
250.4	0.009723
250.6	0.009479
250.8	0.012396
251.0	0.014098
251.2	0.00875
251.4	0.010452
251.6	0.008021
251.8	-0.001215
252.0	0.013855
252.2	0.015556
252.4	0.022362
252.6	0.022362
252.8	0.011424
253.0	0.014341
253.2	0.00875
253.4	-0.002917
253.6	-0.001945
253.8	-0.012639
254.0	-0.010695
254.2	-0.008507
254.4	-0.011181
254.6	-0.00632
254.8	-0.006077
255.0	-0.00559
255.2	0.000243
255.4	0.006077
255.6	0.000486
255.8	0.007049
256.0	0.000729
256.2	-0.005347
256.4	-0.007778
256.6	-0.00632
256.8	-0.00316
257.0	0.004375
257.2	-0.000243
257.4	0.005104
257.6	0.004375
257.8	-0.002188
258.0	-0.002188
258.2	-0.006563
258.4	-0.009479
258.6	0.008507
258.8	0.010695
259.0	0.015313
259.2	0.009236
259.4	0.003646
259.6	0.005834
259.8	0.004861
260.0	0.001945
260.2	0.0
260.4	-0.009723
260.6	-0.013855
260.8	0.0
261.0	-0.002917
261.2	-0.002188
261.4	0.005104
261.6	0.005104
261.8	0.014341
262.0	0.013368
262.2	-0.001215
262.4	0.00632
262.6	0.005834
262.8	-0.008021
263.0	-0.011667
263.2	-0.003889
263.4	0.003646
263.6	-0.009236
263.8	-0.008993
264.0	-0.005834
264.2	-0.004375
264.4	-0.004375
264.6	-0.001215
264.8	-0.008264
265.0	0.001458
265.2	-0.00316
265.4	0.000729
265.6	-0.002188
265.8	0.002917
266.0	-0.008507
266.2	0.000486
266.4	-0.018959
266.6	-0.014341
266.8	0.005104
267.0	-0.000243
267.2	0.005347
267.4	-0.001945
267.6	0.009479
267.8	0.001458
268.0	0.002917
268.2	0.003403
268.4	0.009479
268.6	0.012882
268.8	0.007778
269.0	-0.001945
269.2	-0.00559
269.4	-0.002674
269.6	-0.008507
269.8	0.008021
270.0	0.008507
270.2	0.004618
270.4	0.00316
270.6	-0.005834
270.8	-0.007778
271.0	-0.010695
271.2	0.001215
271.4	0.003889
271.6	0.0
271.8	0.004861
272.0	0.01823
272.2	0.01507
272.4	0.023577
272.6	0.020417
272.8	0.013368
273.0	0.030869
273.2	0.023334
273.4	0.020903
273.6	0.019445
273.8	0.012153
274.0	0.00559
274.2	0.00316
274.4	0.019202
274.6	0.006563
274.8	0.013368
275.0	0.014584
275.2	0.015313
275.4	0.016285
275.6	0.011181
275.8	0.014341
276.0	0.030383
276.2	0.026008
276.4	0.012153
276.6	0.018473
276.8	0.012882
277.0	0.004375
277.2	0.001701
277.4	0.002431
277.6	0.014827
277.8	0.015799
278.0	0.004618
278.2	-0.012639
278.4	-0.020417
278.6	-0.013125
278.8	-0.000729
279.0	-0.009723
279.2	-0.010938
279.4	-0.004618
279.6	-0.012396
279.8	-0.017987
280.0	-0.011181
280.2	-0.013368
280.4	-0.007778
280.6	-0.00875
280.8	0.005834
281.0	0.007049
281.2	-0.005347
281.4	-0.003646
281.6	0.001215
281.8	0.000243
282.0	0.006077
282.2	-0.004132
282.4	0.000486
282.6	-0.002188
282.8	0.009966
283.0	-0.005834
283.2	-0.009479
283.4	-0.013612
283.6	-0.014098
283.8	-0.006806
284.0	0.002188
284.2	-0.00559
284.4	-0.011424
284.6	-0.010695
284.8	-0.010209
285.0	-0.010209
285.2	-0.010695
285.4	-0.017257
285.6	-0.017987
285.8	-0.014341
286.0	-0.00632
286.2	0.002188
286.4	0.006077
286.6	0.004618
286.8	0.006806
287.0	0.001945
287.2	-0.005347
287.4	0.000486
287.6	0.004375
287.8	-0.002917
288.0	0.001701
288.2	0.004618
288.4	-0.006077
288.6	0.001701
288.8	-0.003889
289.0	-0.000486
289.2	-0.007292
289.4	-0.001945
289.6	0.000486
289.8	-0.004618
290.0	0.0
290.2	0.001215
290.4	-0.001701
290.6	-0.004132
290.8	-0.005834
291.0	0.004618
291.2	0.013855
291.4	0.001458
291.6	-0.000486
291.8	0.002674
292.0	0.008507
292.2	0.004861
292.4	0.005104
292.6	0.009966
292.8	0.000729
293.0	-0.004861
293.2	0.002431
293.4	0.00559
293.6	-0.001701
293.8	-0.004375
294.0	-0.001215
294.2	0.003889
294.4	0.00632
294.6	0.0
294.8	0.007292
295.0	0.011667
295.2	0.002674
295.4	-0.00316
295.6	0.001701
295.8	-0.004618
296.0	-0.013125
296.2	-0.017744
296.4	-0.008507
296.6	-0.002431
296.8	0.004861
297.0	0.019688
297.2	0.017987
297.4	0.016771
297.6	0.004618
297.8	0.011667
298.0	0.011424
298.2	0.015799
298.4	0.012639
298.6	0.006077
298.8	0.002188
299.0	0.001215
299.2	-0.006563
299.4	-0.008021
299.6	-0.002674
299.8	-0.000486
300.0	0.002431
300.2	-0.003646
300.4	-0.00559
300.6	-0.012153
300.8	-0.010938
301.0	-0.013855
301.2	-0.021876
301.4	-0.02382
301.6	-0.015556
301.8	-0.012153
302.0	-0.006563
302.2	-0.001701
302.4	0.008264
302.6	0.006806
302.8	0.01191
303.0	0.011181
303.2	0.015799
303.4	0.016528
303.6	0.017257
303.8	0.026494
304.0	0.016042
304.2	0.018959
304.4	0.019445
304.6	0.018716
304.8	0.008264
305.0	0.007292
305.2	0.001458
305.4	0.009236
305.6	0.010938
305.8	0.010695
306.0	-0.001701
306.2	-0.004861
306.4	0.000486
306.6	-0.000243
306.8	0.008021
307.0	0.010452
307.2	0.019688
307.4	0.02139
307.6	0.022119
307.8	0.013125
308.0	0.014827
308.2	0.008507
308.4	0.015799
308.6	0.008264
308.8	0.005104
309.0	-0.002674
309.2	-0.004861
309.4	-0.008264
309.6	-0.007535
309.8	0.002917
310.0	0.0
310.2	0.001215
310.4	-0.002674
310.6	-0.004375
310.8	-0.007049
311.0	-0.009479
311.2	-0.000729
311.4	-0.004132
311.6	0.004861
311.8	-0.00316
312.0	-0.007292
312.2	-0.013855
312.4	-0.010452
312.6	-0.010209
312.8	-0.009236
313.0	-0.008993
313.2	-0.014341
313.4	-0.00559
313.6	-0.019202
313.8	-0.013368
314.0	-0.009479
314.2	-0.012396
314.4	0.014584
314.6	0.002674
314.8	0.010209
315.0	0.004132
315.2	0.00559
315.4	0.013368
315.6	0.01191
315.8	0.008993
316.0	0.010938
316.2	0.000729
316.4	0.001945
316.6	-0.001945
316.8	0.003646
317.0	0.006563
317.2	0.000243
317.4	0.007535
317.6	0.006077
317.8	0.000486
318.0	-0.003889
318.2	0.002917
318.4	-0.009966
318.6	-0.002188
318.8	0.001701
319.0	-0.011424
319.2	-0.016285
319.4	-0.016771
319.6	-0.012153
319.8	-0.014827
320.0	-0.023334
320.2	-0.016042
320.4	-0.015313
320.6	-0.018716
320.8	-0.011667
321.0	0.002431
321.2	0.002431
321.4	-0.002188
321.6	0.004375

&

0.2	-0.002188
0.4	0.005347
0.6	0.009236
0.8	0.009236
1.0	-0.001215
1.2	0.002917
1.4	0.004132
1.6	0.00316
1.8	0.000729
2.0	0.000243
2.2	0.002917
2.4	-0.001458
2.6	-0.00316
2.8	-0.009236
3.0	-0.013368
3.2	-0.019202
3.4	-0.018959
3.6	-0.020903
3.8	-0.018473
4.0	-0.008264
4.2	-0.010938
4.4	0.002674
4.6	-0.005347
4.8	-0.002674
5.0	0.001458
5.2	0.000243
5.4	-0.001945
5.6	0.000486
5.8	0.001945
6.0	0.00632
6.2	0.004375
6.4	-0.001458
6.6	-0.005347
6.8	0.012396
7.0	0.010209
7.2	0.011667
7.4	0.016285
7.6	-0.004132
7.8	0.002674
8.0	0.002674
8.2	0.00559
8.4	0.000243
8.6	-0.006077
8.8	-0.011181
9.0	-0.002917
9.2	0.0
9.4	0.001945
9.6	0.005104
9.8	0.006563
10.0	0.00316
10.2	-0.005347
10.4	-0.011424
10.6	-0.016528
10.8	-0.01191
11.0	-0.009966
11.2	-0.019931
11.4	-0.007049
11.6	-0.002674
11.8	-0.009723
12.0	-0.008993
12.2	-0.00632
12.4	0.001458
12.6	-0.013855
12.8	-0.012396
13.0	-0.004618
13.2	0.004132
13.4	0.009723
13.6	0.012882
13.8	0.004861
14.0	0.010695
14.2	0.003403
14.4	0.001945
14.6	0.001945
14.8	0.0
15.0	0.000972
15.2	-0.006806
15.4	-0.013612
15.6	-0.023577
15.8	-0.016042
16.0	-0.017501
16.2	-0.004618
16.4	-0.001701
16.6	-0.014584
16.8	-0.004618
17.0	-0.003403
17.2	-0.002917
17.4	-0.009966
17.6	0.002431
17.8	0.004132
18.0	0.000729
18.2	0.000972
18.4	0.0
18.6	-0.002188
18.8	-0.005834
19.0	-0.004618
19.2	-0.012639
19.4	-0.00632
19.6	-0.008993
19.8	-0.005104
20.0	-0.004375
20.2	-0.000243
20.4	-0.011181
20.6	-0.014341
20.8	-0.012396
21.0	-0.003403
21.2	-0.008021
21.4	-0.010209
21.6	-0.00875
21.8	-0.013612
22.0	-0.027223
22.2	-0.014584
22.4	-0.014584
22.6	-0.019931
22.8	-0.017987
23.0	-0.025522
23.2	-0.027709
23.4	-0.017987
23.6	-0.008021
23.8	-0.007778
24.0	-0.00875
24.2	-0.013855
24.4	-0.009479
24.6	-0.00632
24.8	-0.013612
25.0	0.009966
25.2	0.01507
25.4	0.009966
25.6	0.008993
25.8	0.023577
26.0	0.021876
26.2	0.013612
26.4	0.009236
26.6	0.00875
26.8	0.007292
27.0	0.00632
27.2	0.010209
27.4	0.001458
27.6	0.010938
27.8	0.010938
28.0	0.017744
28.2	0.005347
28.4	-0.000486
28.6	-0.001215
28.8	-0.00632
29.0	-0.00559
29.2	-0.001701
29.4	0.007292
29.6	0.000729
29.8	0.009479
30.0	0.016528
30.2	0.007292
30.4	0.004618
30.6	0.010452
30.8	0.009236
31.0	-0.001701
31.2	-0.001701
31.4	0.008264
31.6	0.005347
31.8	0.000729
32.0	0.00632
32.2	0.015799
32.4	0.009236
32.6	0.009723
32.8	0.011667
33.0	0.006806
33.2	0.002674
33.4	0.00875
33.6	0.013612
33.8	0.014584
34.0	0.019445
34.2	0.017014
34.4	0.000972
34.6	-0.000486
34.8	-0.000486
35.0	0.004132
35.2	0.016528
35.4	0.00632
35.6	-0.000729
35.8	0.007778
36.0	0.013612
36.2	0.016285
36.4	0.010938
36.6	0.006077
36.8	0.001945
37.0	0.0
37.2	0.000972
37.4	0.017257
37.6	0.019931
37.8	0.012396
38.0	0.001701
38.2	0.000972
38.4	0.003403
38.6	0.015313
38.8	0.011667
39.0	0.007535
39.2	0.009236
39.4	0.007049
39.6	0.000729
39.8	-0.003646
40.0	0.000486
40.2	0.003889
40.4	0.012396
40.6	0.008993
40.8	-0.004618
41.0	-0.003646
41.2	-0.004375
41.4	-0.004375
41.6	-0.007778
41.8	-0.005104
42.0	-0.010209
42.2	-0.00632
42.4	-0.000972
42.6	-0.007049
42.8	-0.013125
43.0	-0.013855
43.2	-0.01191
43.4	0.001215
43.6	-0.000243
43.8	-0.000729
44.0	-0.004861
44.2	-0.001701
44.4	-0.009236
44.6	-0.003889
44.8	-0.001215
45.0	0.006563
45.2	0.009479
45.4	0.013125
45.6	-0.00559
45.8	0.002917
46.0	-0.00559
46.2	-0.008507
46.4	0.010938
46.6	0.00559
46.8	0.013368
47.0	0.005834
47.2	0.008993
47.4	0.003403
47.6	0.005834
47.8	0.007292
48.0	0.0
48.2	0.006806
48.4	0.010209
48.6	-0.001945
48.8	0.008507
49.0	-0.000243
49.2	-0.007778
49.4	-0.012396
49.6	-0.016528
49.8	-0.014584
50.0	-0.005347
50.2	-0.000486
50.4	-0.001458
50.6	-0.002917
50.8	0.001945
51.0	0.003403
51.2	-0.005347
51.4	-0.012882
51.6	-0.008993
51.8	-0.007292
52.0	0.012396
52.2	-0.000729
52.4	-0.000972
52.6	-0.001945
52.8	-0.008264
53.0	-0.024792
53.2	-0.011424
53.4	-0.010452
53.6	-0.003403
53.8	-0.01507
54.0	0.000729
54.2	0.008264
54.4	0.003403
54.6	0.016528
54.8	0.01823
55.0	0.028925
55.2	0.004375
55.4	-0.006563
55.6	0.008993
55.8	0.000729
56.0	-0.002917
56.2	0.007535
56.4	-0.003403
56.6	0.00316
56.8	-0.008264
57.0	-0.00316
57.2	-0.008021
57.4	-0.005104
57.6	-0.009966
57.8	-0.009236
58.0	-0.007292
58.2	-0.014098
58.4	-0.015799
58.6	-0.009479
58.8	-0.016771
59.0	-0.011667
59.2	-0.014584
59.4	-0.014341
59.6	-0.017014
59.8	-0.024063
60.0	-0.016528
60.2	-0.033786
60.4	-0.022119
60.6	-0.014584
60.8	-0.009723
61.0	-0.009723
61.2	-0.014341
61.4	-0.006806
61.6	0.0
61.8	-0.001215
62.0	-0.001701
62.2	-0.000486
62.4	-0.009723
62.6	-0.010695
62.8	-0.011667
63.0	0.002188
63.2	0.00316
63.4	0.008264
63.6	0.006563
63.8	0.002431
64.0	-0.003889
64.2	-0.010209
64.4	-0.012153
64.6	-0.020903
64.8	-0.007778
65.0	-0.017014
65.2	-0.007778
65.4	0.005104
65.6	0.003889
65.8	0.005834
66.0	-0.004861
66.2	-0.00316
66.4	0.003646
66.6	-0.003403
66.8	-0.00632
67.0	-0.008993
67.2	-0.009966
67.4	-0.010938
67.6	-0.018716
67.8	-0.022848
68.0	-0.024549
68.2	-0.014584
68.4	-0.001215
68.6	-0.006806
68.8	-0.004375
69.0	-0.006563
69.2	-0.005347
69.4	-0.002674
69.6	-0.013125
69.8	-0.01823
70.0	-0.014827
70.2	-0.003403
70.4	0.008264
70.6	0.004375
70.8	0.002674
71.0	0.003646
71.2	0.008993
71.4	0.001701
71.6	0.006806
71.8	0.010452
72.0	0.015313
72.2	0.016285
72.4	0.025522
72.6	0.021876
72.8	0.011181
73.0	0.012153
73.2	0.005104
73.4	-0.001701
73.6	-0.003403
73.8	-0.012396
74.0	-0.016528
74.2	-0.011667
74.4	-0.008264
74.6	-0.002188
74.8	-0.000243
75.0	0.004861
75.2	0.007535
75.4	0.008507
75.6	0.013368
75.8	0.009479
76.0	0.006806
76.2	-0.000486
76.4	-0.007292
76.6	-0.008507
76.8	-0.009966
77.0	0.00316
77.2	0.003403
77.4	-0.005347
77.6	-0.009236
77.8	-0.003646
78.0	0.007535
78.2	0.007778
78.4	0.008993
78.6	-0.00559
78.8	-0.000486
79.0	0.001215
79.2	-0.000972
79.4	0.008507
79.6	0.014341
79.8	0.010938
80.0	0.007292
80.2	0.004375
80.4	0.003889
80.6	-0.001215
80.8	-0.007292
81.0	-0.012153
81.2	-0.01823
81.4	-0.003403
81.6	-0.014584
81.8	-0.017257
82.0	0.001945
82.2	0.008507
82.4	0.013612
82.6	0.006077
82.8	0.00316
83.0	0.002431
83.2	-0.011424
83.4	-0.00559
83.6	-0.000972
83.8	0.001945
84.0	-0.00559
84.2	0.00316
84.4	-0.004861
84.6	0.0
84.8	-0.007292
85.0	-0.009236
85.2	-0.010452
85.4	-0.008021
85.6	0.004132
85.8	-0.004132
86.0	-0.00316
86.2	-0.001945
86.4	-0.014098
86.6	-0.014827
86.8	-0.025279
87.0	-0.017987
87.2	-0.014341
87.4	-0.004132
87.6	0.000729
87.8	0.006077
88.0	0.007292
88.2	0.00875
88.4	0.000729
88.6	0.005104
88.8	0.000486
89.0	0.001945
89.2	0.009966
89.4	0.014827
89.6	0.009723
89.8	0.01507
90.0	0.012882
90.2	0.007535
90.4	0.011667
90.6	0.010695
90.8	0.019931
91.0	0.021633
91.2	0.012639
91.4	0.005834
91.6	0.000729
91.8	0.002431
92.0	0.013125
92.2	-0.000729
92.4	-0.002674
92.6	-0.013368
92.8	0.000243
93.0	0.01191
93.2	0.014584
93.4	0.014341
93.6	0.009966
93.8	0.009479
94.0	0.006806
94.2	-0.001215
94.4	0.010938
94.6	0.016528
94.8	0.019931
95.0	0.019931
95.2	0.003403
95.4	0.010938
95.6	0.001945
95.8	0.012396
96.0	0.014098
96.2	0.014098
96.4	0.00632
96.6	0.002917
96.8	0.003403
97.0	0.000243
97.2	-0.009966
97.4	-0.001701
97.6	0.005104
97.8	0.015799
98.0	0.030383
98.2	0.013368
98.4	0.00632
98.6	0.003646
98.8	0.0
99.0	-0.009479
99.2	-0.013368
99.4	-0.012396
99.6	-0.008507
99.8	-0.01823
100.0	-0.011181
100.2	-0.01191
100.4	-0.004375
100.6	-0.010695
100.8	-0.008264
101.0	-0.00316
101.2	-0.012882
101.4	-0.028195
101.6	-0.010938
101.8	-0.010695
102.0	-0.014827
102.2	-0.010695
102.4	-0.014098
102.6	-0.013125
102.8	-0.008993
103.0	-0.013125
103.2	-0.017014
103.4	-0.00316
103.6	-0.007535
103.8	-0.011424
104.0	-0.012882
104.2	-0.008507
104.4	-0.004375
104.6	-0.018959
104.8	-0.019688
105.0	-0.015556
105.2	-0.024792
105.4	-0.022119
105.6	-0.021876
105.8	-0.029654
106.0	-0.031112
106.2	-0.022605
106.4	-0.019931
106.6	-0.028925
106.8	-0.00875
107.0	-0.014584
107.2	-0.021633
107.4	-0.013612
107.6	-0.005834
107.8	0.0
108.0	0.000486
108.2	-0.00316
108.4	0.011181
108.6	0.002674
108.8	-0.000243
109.0	-0.001945
109.2	0.007049
109.4	0.000972
109.6	0.006806
109.8	0.016285
110.0	0.012882
110.2	0.004375
110.4	0.006077
110.6	0.002917
110.8	0.002917
111.0	0.001458
111.2	0.014827
111.4	0.006806
111.6	0.003889
111.8	0.005104
112.0	0.005104
112.2	-0.002431
112.4	-0.002188
112.6	0.004132
112.8	0.013125
113.0	0.013125
113.2	0.008264
113.4	0.019445
113.6	0.027952
113.8	0.021633
114.0	0.014827
114.2	0.009723
114.4	0.010209
114.6	0.000486
114.8	0.004861
115.0	0.015556
115.2	0.013125
115.4	0.007292
115.6	0.007049
115.8	0.002188
116.0	0.005834
116.2	-0.002431
116.4	0.002674
116.6	-0.005834
116.8	0.003646
117.0	0.005104
117.2	0.002674
117.4	0.008993
117.6	0.010695
117.8	0.014098
118.0	0.019931
118.2	0.018716
118.4	0.020417
118.6	0.014584
118.8	0.018716
119.0	0.016285
119.2	0.007535
119.4	0.006806
119.6	0.00559
119.8	-0.004861
120.0	-0.002917
120.2	0.000243
120.4	-0.006806
120.6	-0.013125
120.8	-0.001701
121.0	-0.00632
121.2	-0.001215
121.4	-0.00316
121.6	0.001215
121.8	-0.001215
122.0	-0.004861
122.2	0.005834
122.4	0.014584
122.6	0.012396
122.8	0.015556
123.0	0.001458
123.2	-0.00559
123.4	-0.007535
123.6	-0.003646
123.8	-0.007535
124.0	0.004861
124.2	0.006563
124.4	0.007778
124.6	-0.010209
124.8	-0.003403
125.0	-0.003889
125.2	-0.005347
125.4	0.004861
125.6	-0.005834
125.8	-0.008264
126.0	-0.01507
126.2	-0.006806
126.4	-0.003646
126.6	-0.001945
126.8	0.012882
127.0	0.003403
127.2	0.00316
127.4	0.007292
127.6	0.008021
127.8	0.003889
128.0	0.00632
128.2	0.002431
128.4	-0.002917
128.6	-0.000972
128.8	0.011181
129.0	0.008021
129.2	-0.005834
129.4	-0.006806
129.6	-0.00559
129.8	0.004861
130.0	-0.007049
130.2	-0.014584
130.4	-0.019445
130.6	-0.01823
130.8	-0.011181
131.0	-0.009479
131.2	-0.017014
131.4	-0.012396
131.6	-0.008264
131.8	0.000729
132.0	0.001701
132.2	-0.002917
132.4	-0.002917
132.6	0.005347
132.8	0.00632
133.0	0.005347
133.2	0.004132
133.4	0.013855
133.6	0.000486
133.8	0.010209
134.0	0.011667
134.2	0.013855
134.4	0.014098
134.6	0.019688
134.8	0.008021
135.0	0.004375
135.2	0.001945
135.4	-0.000972
135.6	0.004861
135.8	0.002674
136.0	0.008507
136.2	0.00875
136.4	0.007535
136.6	0.013612
136.8	0.014341
137.0	0.003403
137.2	0.008507
137.4	0.022119
137.6	0.015313
137.8	0.017014
138.0	0.010695
138.2	0.008507
138.4	0.016528
138.6	-0.00559
138.8	-0.004861
139.0	-0.011181
139.2	-0.019931
139.4	-0.022119
139.6	-0.023091
139.8	-0.024549
140.0	-0.024792
140.2	-0.025765
140.4	-0.017501
140.6	-0.011181
140.8	-0.007049
141.0	-0.005834
141.2	-0.005347
141.4	-0.004618
141.6	-0.00559
141.8	0.000486
142.0	0.007049
142.2	0.010209
142.4	0.002917
142.6	-0.001945
142.8	-0.004375
143.0	-0.008264
143.2	-0.011424
143.4	-0.010695
143.6	-0.009966
143.8	-0.015313
144.0	-0.001701
144.2	0.00316
144.4	-0.007292
144.6	-0.003403
144.8	0.003403
145.0	0.001945
145.2	0.001215
145.4	0.002674
145.6	0.003889
145.8	0.004618
146.0	0.014098
146.2	0.013368
146.4	0.014584
146.6	0.004861
146.8	0.007049
147.0	0.010452
147.2	0.005347
147.4	0.013855
147.6	0.012396
147.8	0.02698
148.0	0.02382
148.2	0.016528
148.4	0.012639
148.6	0.001701
148.8	-0.002431
149.0	-0.00559
149.2	-0.011667
149.4	0.005104
149.6	-0.002917
149.8	0.00316
150.0	0.008021
150.2	0.020417
150.4	0.020903
150.6	0.022119
150.8	0.002674
151.0	0.013368
151.2	0.001458
151.4	-0.007049
151.6	-0.006077
151.8	0.002917
152.0	0.00875
152.2	0.00875
152.4	0.006077
152.6	0.002674
152.8	0.00316
153.0	0.004618
153.2	-0.009236
153.4	0.000729
153.6	-0.000972
153.8	0.008507
154.0	0.002431
154.2	0.010938
154.4	0.008507
154.6	0.005347
154.8	0.006806
155.0	0.005834
155.2	0.006563
155.4	0.000729
155.6	0.001458
155.8	-0.00559
156.0	0.001215
156.2	0.003646
156.4	0.011181
156.6	-0.002431
156.8	0.000486
157.0	0.005104
157.2	0.014827
157.4	0.012639
157.6	0.02066
157.8	0.013855
158.0	0.01507
158.2	0.009966
158.4	0.025522
158.6	0.016771
158.8	0.00875
159.0	0.001215
159.2	-0.007049
159.4	-0.008993
159.6	-0.001701
159.8	0.004132
160.0	0.011424
160.2	0.010938
160.4	0.010452
160.6	-0.005347
160.8	-0.007535
161.0	-0.002917
161.2	-0.011424
161.4	-0.017987
161.6	-0.014827
161.8	-0.020174
162.0	-0.016042
162.2	-0.017257
162.4	-0.014584
162.6	0.001701
162.8	0.002431
163.0	-0.002188
163.2	-0.000486
163.4	0.000729
163.6	-0.006077
163.8	0.001701
164.0	-0.005347
164.2	-0.010209
164.4	-0.002188
164.6	-0.000486
164.8	0.001458
165.0	0.000972
165.2	0.007292
165.4	0.004618
165.6	0.003403
165.8	-0.000729
166.0	-0.009479
166.2	-0.003889
166.4	-0.014098
166.6	-0.01191
166.8	-0.008021
167.0	-0.001215
167.2	0.000243
167.4	-0.000486
167.6	-0.007778
167.8	-0.011424
168.0	-0.008507
168.2	-0.012153
168.4	-0.016528
168.6	-0.011181
168.8	-0.005834
169.0	-0.001945
169.2	-0.010209
169.4	-0.006806
169.6	-0.001215
169.8	-0.006077
170.0	-0.008264
170.2	-0.022362
170.4	0.00316
170.6	0.011181
170.8	0.004861
171.0	0.00316
171.2	0.004861
171.4	0.00316
171.6	0.008021
171.8	0.02698
172.0	0.026737
172.2	0.026737
172.4	0.018959
172.6	0.007535
172.8	0.000243
173.0	-0.002917
173.2	0.001215
173.4	0.000243
173.6	0.008021
173.8	-0.002917
174.0	-0.000729
174.2	-0.000729
174.4	0.013612
174.6	-0.000972
174.8	0.005834
175.0	0.02382
175.2	0.016771
175.4	0.022119
175.6	0.014827
175.8	-0.001945
176.0	-0.001458
176.2	-0.000729
176.4	0.002188
176.6	0.004861
176.8	0.0
177.0	-0.009966
177.2	-0.012153
177.4	-0.01507
177.6	-0.007049
177.8	-0.007049
178.0	-0.00875
178.2	-0.006077
178.4	0.005104
178.6	0.00559
178.8	0.001701
179.0	-0.007535
179.2	-0.002431
179.4	-0.005104
179.6	-0.003403
179.8	0.00559
180.0	0.001458
180.2	-0.004375
180.4	-0.011424
180.6	-0.017744
180.8	-0.005104
181.0	-0.011424
181.2	-0.006077
181.4	-0.009479
181.6	-0.006806
181.8	-0.000972
182.0	-0.004375
182.2	0.001701
182.4	-0.000972
182.6	0.004375
182.8	0.015556
183.0	0.005104
183.2	0.000729
183.4	-0.001215
183.6	-0.004132
183.8	-0.018959
184.0	-0.012153
184.2	-0.014098
184.4	-0.002674
184.6	0.006806
184.8	0.002431
185.0	0.004375
185.2	-0.008264
185.4	0.002674
185.6	0.002674
185.8	-0.006806
186.0	0.005347
186.2	0.004861
186.4	-0.007049
186.6	-0.00632
186.8	0.003646
187.0	0.00559
187.2	0.017744
187.4	0.006077
187.6	0.003646
187.8	0.001945
188.0	-0.002917
188.2	-0.001701
188.4	0.00559
188.6	0.007778
188.8	0.002431
189.0	-0.001701
189.2	-0.007049
189.4	-0.00875
189.6	-0.008507
189.8	-0.014341
190.0	-0.004375
190.2	-0.004861
190.4	-0.000972
190.6	-0.006563
190.8	0.004861
191.0	0.010938
191.2	0.00559
191.4	0.011424
191.6	0.003403
191.8	0.005834
192.0	0.013368
192.2	0.000729
192.4	-0.001215
192.6	0.005104
192.8	0.001701
193.0	-0.005104
193.2	-0.008993
193.4	-0.004132
193.6	-0.004861
193.8	-0.006806
194.0	0.001701
194.2	0.01507
194.4	0.010452
194.6	0.00875
194.8	0.010695
195.0	0.013368
195.2	0.001458
195.4	0.000729
195.6	-0.009479
195.8	-0.005834
196.0	-0.002917
196.2	0.002431
196.4	0.000486
196.6	0.007535
196.8	0.008021
197.0	0.007535
197.2	0.008507
197.4	0.00316
197.6	-0.002188
197.8	0.000729
198.0	0.002917
198.2	0.002917
198.4	0.014341
198.6	0.017744
198.8	0.012153
199.0	0.012882
199.2	0.003403
199.4	-0.001701
199.6	0.000972
199.8	0.011667
200.0	0.008264
200.2	0.009723
200.4	0.009479
200.6	0.005104
200.8	0.004861
201.0	0.006563
201.2	0.00559
201.4	0.003646
201.6	-0.000243
201.8	-0.007778
202.0	-0.003403
202.2	-0.004132
202.4	-0.003889
202.6	0.002431
202.8	0.007778
203.0	-0.00316
203.2	0.008507
203.4	0.010938
203.6	0.003646
203.8	0.001458
204.0	0.002431
204.2	0.0
204.4	0.011181
204.6	0.010209
204.8	0.001458
205.0	0.000486
205.2	0.003889
205.4	0.002431
205.6	-0.015556
205.8	-0.016528
206.0	-0.013612
206.2	-0.021633
206.4	-0.018473
206.6	-0.000972
206.8	-0.00316
207.0	0.002431
207.2	0.006806
207.4	0.007292
207.6	0.003889
207.8	0.013855
208.0	0.005104
208.2	0.010209
208.4	0.008021
208.6	0.002917
208.8	0.001458
209.0	-0.004375
209.2	-0.002917
209.4	-0.00559
209.6	0.001215
209.8	-0.002431
210.0	-0.004132
210.2	0.004132
210.4	-0.007049
210.6	-0.002431
210.8	0.005834
211.0	-0.00316
211.2	-0.00559
211.4	-0.005834
211.6	0.003889
211.8	0.008264
212.0	0.012153
212.2	0.000486
212.4	-0.003889
212.6	-0.00316
212.8	-0.013855
213.0	-0.017257
213.2	-0.015799
213.4	-0.008993
213.6	-0.00875
213.8	-0.008507
214.0	-0.007292
214.2	-0.002431
214.4	-0.007292
214.6	0.00316
214.8	0.013125
215.0	0.012882
215.2	0.016285
215.4	0.014098
215.6	0.02382
215.8	0.016042
216.0	0.017987
216.2	0.010452
216.4	0.000972
216.6	0.015799
216.8	0.013368
217.0	0.020903
217.2	0.014827
217.4	0.012396
217.6	0.008993
217.8	0.019931
218.0	0.021876
218.2	0.014827
218.4	0.01191
218.6	0.009723
218.8	0.005347
219.0	0.018959
219.2	0.010452
219.4	0.004618
219.6	0.010452
219.8	0.014098
220.0	0.005347
220.2	0.003403
220.4	0.0
220.6	-0.009236
220.8	-0.004618
221.0	-0.01191
221.2	0.003889
221.4	0.000729
221.6	0.005834
221.8	0.000243
222.0	0.0
222.2	0.000486
222.4	-0.002917
222.6	-0.00632
222.8	0.00875
223.0	0.004375
223.2	-0.009723
223.4	-0.007292
223.6	-0.007049
223.8	-0.001701
224.0	0.007535
224.2	-0.007049
224.4	-0.001701
224.6	-0.005347
224.8	-0.008993
225.0	-0.007778
225.2	-0.017501
225.4	-0.007778
225.6	-0.009479
225.8	-0.017744
226.0	-0.023577
226.2	-0.011667
226.4	-0.022362
226.6	-0.028681
226.8	-0.025522
227.0	-0.02066
227.2	-0.024549
227.4	-0.011667
227.6	-0.015313
227.8	0.010452
228.0	0.013125
228.2	0.021633
228.4	0.010209
228.6	0.004861
228.8	0.002431
229.0	-0.000972
229.2	0.008507
229.4	0.003646
229.6	0.003403
229.8	0.008993
230.0	0.011424
230.2	0.018716
230.4	0.018716
230.6	0.019202
230.8	0.013855
231.0	0.007778
231.2	-0.001701
231.4	0.000243
231.6	0.000729
231.8	0.002188
232.0	0.000486
232.2	-0.002431
232.4	-0.012153
232.6	-0.007535
232.8	-0.018716
233.0	-0.016042
233.2	-0.017744
233.4	-0.024306
233.6	-0.020417
233.8	-0.007049
234.0	-0.006806
234.2	0.002431
234.4	0.00632
234.6	0.002674
234.8	-0.001215
235.0	0.000972
235.2	-0.008507
235.4	-0.014827
235.6	-0.012639
235.8	-0.004861
236.0	0.00875
236.2	0.009966
236.4	0.01507
236.6	0.007778
236.8	0.007049
237.0	0.005347
237.2	0.001215
237.4	-0.009723
237.6	-0.010695
237.8	-0.001215
238.0	-0.007535
238.2	-0.013855
238.4	-0.00875
238.6	-0.013368
238.8	0.0
239.0	-0.013855
239.2	-0.007049
239.4	-0.012396
239.6	-0.011181
239.8	-0.011424
240.0	-0.012153
240.2	-0.011667
240.4	-0.008993
240.6	-0.006806
240.8	-0.007049
241.0	-0.007292
241.2	-0.011424
241.4	-0.000243
241.6	-0.001945
241.8	0.006563
242.0	0.002431
242.2	-0.002431
242.4	-0.013368
242.6	-0.00632
242.8	-0.014827
243.0	-0.011667
243.2	-0.001458
243.4	-0.004618
243.6	-0.007292
243.8	-0.005104
244.0	-0.001458
244.2	0.008264
244.4	0.004375
244.6	-0.007778
244.8	-0.008507
245.0	-0.012882
245.2	-0.007292
245.4	-0.008264
245.6	-0.000243
245.8	-0.001458
246.0	0.002917
246.2	0.004861
246.4	0.000243
246.6	0.0
246.8	-0.002674
247.0	0.001945
247.2	0.003403
247.4	0.009479
247.6	-0.003646
247.8	-0.00632
248.0	0.010209
248.2	0.010452
248.4	-0.004861
248.6	-0.010938
248.8	-0.011181
249.0	-0.007292
249.2	-0.006806
249.4	-0.006563
249.6	-0.023091
249.8	-0.012153
250.0	-0.013612
250.2	-0.006806
250.4	-0.007049
250.6	-0.010209
250.8	-0.008021
251.0	-0.00316
251.2	0.00559
251.4	0.006077
251.6	0.021147
251.8	0.003889
252.0	-0.002431
252.2	0.008507
252.4	-0.00316
252.6	-0.00316
252.8	-0.002188
253.0	0.004132
253.2	0.001945
253.4	0.003889
253.6	0.006077
253.8	0.002431
254.0	0.011424
254.2	0.011181
254.4	0.003403
254.6	0.00632
254.8	0.012882
255.0	0.010938
255.2	0.003889
255.4	0.005347
255.6	0.017257
255.8	0.016528
256.0	0.00875
256.2	0.007049
256.4	-0.013855
256.6	-0.008021
256.8	0.002431
257.0	0.017014
257.2	0.015799
257.4	0.008993
257.6	-0.001458
257.8	-0.014341
258.0	-0.01507
258.2	-0.008021
258.4	-0.006563
258.6	-0.004375
258.8	-0.002917
259.0	-0.002917
259.2	-0.005347
259.4	-0.015799
259.6	-0.017501
259.8	-0.016285
260.0	-0.012882
260.2	-0.005104
260.4	0.006077
260.6	0.006077
260.8	-0.003889
261.0	0.006806
261.2	0.000243
261.4	0.012639
261.6	0.015799
261.8	0.01507
262.0	-0.010209
262.2	0.001701
262.4	0.000972
262.6	0.005834
262.8	-0.010938
263.0	-0.014341
263.2	-0.015799
263.4	-0.013368
263.6	-0.004375
263.8	-0.008264
264.0	0.007049
264.2	-0.000243
264.4	-0.001945
264.6	-0.004861
264.8	-0.007535
265.0	-0.004375
265.2	0.006806
265.4	0.015799
265.6	0.021147
265.8	0.02139
266.0	0.016042
266.2	0.014827
266.4	0.021876
266.6	0.008993
266.8	0.011181
267.0	0.01191
267.2	0.007535
267.4	0.019202
267.6	0.010209
267.8	0.007535
268.0	0.01507
268.2	0.010452
268.4	0.011424
268.6	0.013125
268.8	0.016285
269.0	-0.004132
269.2	0.002917
269.4	0.007292
269.6	-0.000972
269.8	-0.003646
270.0	-0.016042
270.2	0.000729
270.4	-0.004618
270.6	-0.000729
270.8	-0.006563
271.0	-0.004375
271.2	-0.010452
271.4	-0.013125
271.6	-0.012639
271.8	-0.007535
272.0	-0.010452
272.2	-0.001701
272.4	-0.004375
272.6	-0.00632
272.8	-0.009723
273.0	-0.015313
273.2	-0.008507
273.4	-0.002431
273.6	-0.001945
273.8	-0.000243
274.0	-0.003646
274.2	0.002188
274.4	-0.000243
274.6	0.002431
274.8	0.0
275.0	-0.000486
275.2	-0.010452
275.4	-0.014098
275.6	-0.013855
275.8	-0.00632
276.0	-0.010938
276.2	-0.005104
276.4	-0.006806
276.6	-0.007535
276.8	-0.006563
277.0	0.002917
277.2	-0.000972
277.4	-0.00316
277.6	-0.007535
277.8	-0.013125
278.0	-0.008507
278.2	-0.013125
278.4	0.002431
278.6	0.008507
278.8	0.012639
279.0	0.007292
279.2	0.001945
279.4	0.000486
279.6	-0.007535
279.8	-0.010209
280.0	-0.009236
280.2	-0.011667
280.4	-0.002674
280.6	-0.002188
280.8	-0.01191
281.0	-0.011181
281.2	-0.013368
281.4	-0.009966
281.6	0.002188
281.8	0.002674
282.0	0.008993
282.2	-0.000486
282.4	0.003403
282.6	0.005834
282.8	-0.009723
283.0	-0.005347
283.2	-0.004861
283.4	-0.006806
283.6	-0.020417
283.8	-0.017987
284.0	-0.016285
284.2	-0.014827
284.4	-0.012396
284.6	-0.00559
284.8	-0.007049
285.0	-0.007049
285.2	0.000486
285.4	-0.004375
285.6	0.000486
285.8	-0.006563
286.0	-0.006077
286.2	-0.008021
286.4	-0.014341
286.6	-0.019445
286.8	-0.013125
287.0	-0.011424
287.2	-0.002188
287.4	-0.001701
287.6	0.002674
287.8	0.006806
288.0	0.009479
288.2	0.003403
288.4	-0.005834
288.6	-0.008993
288.8	-0.009236
289.0	-0.000729
289.2	-0.001458
289.4	0.001701
289.6	-0.001215
289.8	-0.006563
290.0	-0.008507
290.2	-0.002674
290.4	0.010938
290.6	0.000243
290.8	0.000729
291.0	-0.012882
291.2	-0.001701
291.4	-0.014584
291.6	-0.017987
291.8	-0.021147
292.0	-0.013855
292.2	-0.009723
292.4	-0.010452
292.6	-0.018473
292.8	-0.014584
293.0	-0.007292
293.2	-0.008021
293.4	-0.011424
293.6	-0.009723
293.8	-0.009966
294.0	-0.013368
294.2	-0.002188
294.4	-0.002431
294.6	-0.003646
294.8	-0.001458
295.0	-0.002917
295.2	0.001458
295.4	0.00632
295.6	0.010209
295.8	0.0
296.0	0.007778
296.2	0.010695
296.4	0.012639
296.6	0.00316
296.8	-0.001945
297.0	-0.007292
297.2	-0.010938
297.4	-0.016285
297.6	-0.02066
297.8	-0.014827
298.0	-0.016771
298.2	-0.012639
298.4	-0.010209
298.6	-0.011424
298.8	0.001458
299.0	0.000486
299.2	0.001458
299.4	0.007778
299.6	-0.001945
299.8	0.021633
300.0	0.01823
300.2	0.006563
300.4	0.002431
300.6	0.012882
300.8	0.006563
301.0	0.016771
301.2	0.003889
301.4	-0.002431
301.6	0.0
301.8	0.002431
302.0	0.00632
302.2	0.000972
302.4	-0.006077
302.6	-0.004861
302.8	-0.003646
303.0	0.011667
303.2	0.005347
303.4	-0.000486
303.6	-0.002917
303.8	-0.002917
304.0	0.0
304.2	0.004861
304.4	0.005834
304.6	0.008264
304.8	-0.002674
305.0	0.004132
305.2	0.009966
305.4	0.014584
305.6	0.022848
305.8	0.017257
306.0	0.014341
306.2	0.01191
306.4	0.004861
306.6	0.008264
306.8	0.015799
307.0	0.00559
307.2	-0.000729
307.4	-0.012396
307.6	-0.007535
307.8	-0.007049
308.0	0.001458
308.2	-0.004618
308.4	-0.006077
308.6	-0.012882
308.8	-0.007292
309.0	-0.014098
309.2	-0.000972
309.4	-0.003889
309.6	-0.00559
309.8	0.00559
310.0	0.006563
310.2	0.008507
310.4	0.012882
310.6	0.009236
310.8	0.007049
311.0	-0.001701
311.2	-0.004375
311.4	0.006806
311.6	0.011667
311.8	0.015313
312.0	0.020903
312.2	0.00875
312.4	0.00632
312.6	0.00559
312.8	0.007292
313.0	0.017501
313.2	0.020903
313.4	0.012882
313.6	0.017987
313.8	0.02139
314.0	-0.00632
314.2	0.001945
314.4	0.005104
314.6	-0.000486
314.8	0.009966
315.0	0.011667
315.2	0.004375
315.4	0.003646
315.6	-0.008507
315.8	-0.014827
316.0	-0.014584
316.2	-0.010452
316.4	-0.002431
316.6	-0.010938
316.8	-0.001215
317.0	-0.010209
317.2	-0.011181
317.4	-0.002188
317.6	-0.01191
317.8	0.000243
318.0	0.000486
318.2	0.001945
318.4	-0.00632
318.6	-0.005834
318.8	-0.00559
319.0	0.005347
319.2	0.004618
319.4	0.008264
319.6	0.008507
319.8	0.006806
320.0	0.006806
320.2	-0.00632
320.4	-0.012639
320.6	-0.015556
320.8	0.009236
321.0	0.011424
321.2	0.004375
321.4	0.014584
321.6	0.013125

&

0.2	7e-05
0.4	0.000337
0.6	0.000617
0.8	0.000617
1.0	0.000768
1.2	0.000873
1.4	0.00114
1.6	0.00114
1.8	0.001454
2.0	0.001641
2.2	0.001815
2.4	0.001757
2.6	0.002094
2.8	0.002374
3.0	0.002583
3.2	0.003025
3.4	0.00327
3.6	0.00299
3.8	0.003188
4.0	0.003363
4.2	0.003235
4.4	0.003502
4.6	0.003351
4.8	0.003665
5.0	0.003723
5.2	0.003502
5.4	0.003398
5.6	0.003479
5.8	0.003735
6.0	0.003619
6.2	0.003851
6.4	0.004049
6.6	0.004003
6.8	0.00448
7.0	0.004177
7.2	0.003944
7.4	0.003735
7.6	0.00327
7.8	0.003188
8.0	0.003281
8.2	0.003479
8.4	0.003432
8.6	0.003642
8.8	0.00391
9.0	0.00299
9.2	0.00299
9.4	0.002979
9.6	0.002688
9.8	0.002839
10.0	0.0032
10.2	0.003537
10.4	0.003526
10.6	0.003514
10.8	0.003514
11.0	0.003223
11.2	0.00313
11.4	0.002723
11.6	0.002758
11.8	0.002443
12.0	0.002653
12.2	0.002827
12.4	0.002804
12.6	0.002781
12.8	0.002281
13.0	0.002409
13.2	0.002723
13.4	0.002723
13.6	0.002583
13.8	0.002455
14.0	0.002094
14.2	0.002153
14.4	0.002094
14.6	0.002106
14.8	0.002094
15.0	0.00249
15.2	0.002315
15.4	0.002315
15.6	0.002583
15.8	0.002478
16.0	0.002339
16.2	0.002478
16.4	0.002467
16.6	0.002816
16.8	0.00256
17.0	0.002897
17.2	0.003153
17.4	0.003153
17.6	0.003025
17.8	0.00299
18.0	0.002932
18.2	0.002804
18.4	0.003374
18.6	0.003456
18.8	0.003467
19.0	0.003816
19.2	0.004096
19.4	0.004445
19.6	0.004515
19.8	0.004526
20.0	0.004724
20.2	0.004503
20.4	0.004235
20.6	0.004259
20.8	0.003968
21.0	0.004224
21.2	0.004131
21.4	0.004235
21.6	0.004072
21.8	0.003991
22.0	0.003502
22.2	0.003805
22.4	0.00377
22.6	0.002537
22.8	0.002548
23.0	0.002281
23.2	0.002118
23.4	0.001885
23.6	0.001955
23.8	0.002083
24.0	0.002129
24.2	0.002327
24.4	0.002222
24.6	0.002141
24.8	0.002199
25.0	0.00235
25.2	0.002734
25.4	0.002595
25.6	0.002269
25.8	0.002374
26.0	0.002502
26.2	0.002781
26.4	0.002967
26.6	0.002932
26.8	0.002583
27.0	0.002246
27.2	0.002211
27.4	0.002478
27.6	0.002187
27.8	0.002036
28.0	0.001862
28.2	0.00178
28.4	0.002071
28.6	0.002234
28.8	0.002641
29.0	0.003293
29.2	0.004014
29.4	0.004189
29.6	0.004526
29.8	0.004456
30.0	0.003572
30.2	0.002723
30.4	0.002385
30.6	0.002839
30.8	0.002723
31.0	0.002851
31.2	0.002525
31.4	0.002699
31.6	0.002944
31.8	0.003176
32.0	0.003479
32.2	0.00363
32.4	0.002839
32.6	0.002967
32.8	0.003014
33.0	0.002839
33.2	0.002886
33.4	0.002944
33.6	0.002851
33.8	0.002746
34.0	0.002688
34.2	0.002595
34.4	0.002734
34.6	0.002746
34.8	0.002769
35.0	0.002921
35.2	0.00327
35.4	0.003235
35.6	0.002781
35.8	0.003142
36.0	0.002944
36.2	0.002292
36.4	0.002525
36.6	0.002851
36.8	0.002839
37.0	0.002641
37.2	0.002758
37.4	0.002548
37.6	0.002688
37.8	0.002711
38.0	0.002921
38.2	0.002921
38.4	0.002525
38.6	0.002665
38.8	0.002827
39.0	0.00299
39.2	0.002769
39.4	0.002921
39.6	0.002816
39.8	0.002606
40.0	0.002653
40.2	0.002688
40.4	0.003328
40.6	0.003363
40.8	0.003002
41.0	0.0032
41.2	0.003304
41.4	0.002909
41.6	0.002827
41.8	0.002944
42.0	0.002618
42.2	0.002199
42.4	0.002199
42.6	0.001908
42.8	0.002362
43.0	0.002187
43.2	0.002339
43.4	0.002979
43.6	0.002595
43.8	0.002967
44.0	0.002606
44.2	0.002571
44.4	0.00299
44.6	0.002746
44.8	0.002827
45.0	0.002897
45.2	0.002304
45.4	0.002187
45.6	0.001943
45.8	0.002141
46.0	0.002304
46.2	0.002467
46.4	0.002862
46.6	0.003165
46.8	0.002909
47.0	0.002944
47.2	0.003025
47.4	0.00299
47.6	0.003048
47.8	0.003304
48.0	0.003793
48.2	0.003619
48.4	0.003479
48.6	0.003479
48.8	0.003339
49.0	0.003386
49.2	0.003083
49.4	0.003479
49.6	0.003875
49.8	0.003665
50.0	0.003526
50.2	0.003304
50.4	0.002967
50.6	0.003304
50.8	0.003211
51.0	0.003526
51.2	0.003316
51.4	0.002967
51.6	0.002851
51.8	0.002897
52.0	0.002874
52.2	0.002967
52.4	0.003037
52.6	0.003211
52.8	0.003258
53.0	0.00313
53.2	0.003153
53.4	0.003386
53.6	0.003712
53.8	0.003886
54.0	0.002932
54.2	0.002851
54.4	0.003444
54.6	0.003235
54.8	0.003316
55.0	0.00363
55.2	0.004061
55.4	0.003619
55.6	0.003502
55.8	0.003351
56.0	0.003014
56.2	0.00263
56.4	0.002699
56.6	0.002769
56.8	0.002758
57.0	0.002804
57.2	0.003002
57.4	0.002595
57.6	0.002571
57.8	0.00263
58.0	0.002711
58.2	0.002443
58.4	0.002734
58.6	0.002571
58.8	0.002618
59.0	0.002944
59.2	0.003607
59.4	0.003607
59.6	0.003351
59.8	0.003502
60.0	0.003002
60.2	0.003083
60.4	0.003048
60.6	0.003072
60.8	0.002909
61.0	0.002699
61.2	0.002478
61.4	0.002746
61.6	0.002409
61.8	0.002246
62.0	0.002467
62.2	0.002269
62.4	0.002443
62.6	0.002455
62.8	0.002606
63.0	0.00256
63.2	0.002955
63.4	0.00384
63.6	0.003747
63.8	0.003665
64.0	0.003921
64.2	0.003851
64.4	0.003607
64.6	0.003886
64.8	0.004712
65.0	0.004445
65.2	0.004387
65.4	0.004061
65.6	0.003944
65.8	0.004165
66.0	0.004026
66.2	0.003514
66.4	0.003991
66.6	0.003688
66.8	0.003409
67.0	0.002699
67.2	0.002827
67.4	0.002758
67.6	0.002292
67.8	0.002327
68.0	0.002537
68.2	0.002699
68.4	0.002758
68.6	0.002246
68.8	0.002688
69.0	0.003048
69.2	0.002781
69.4	0.002525
69.6	0.002478
69.8	0.002665
70.0	0.002886
70.2	0.003048
70.4	0.003037
70.6	0.002758
70.8	0.002862
71.0	0.002909
71.2	0.002932
71.4	0.002746
71.6	0.00299
71.8	0.002955
72.0	0.003316
72.2	0.003211
72.4	0.003456
72.6	0.003805
72.8	0.003956
73.0	0.003665
73.2	0.003176
73.4	0.0032
73.6	0.003339
73.8	0.003409
74.0	0.003758
74.2	0.004003
74.4	0.003688
74.6	0.003735
74.8	0.003863
75.0	0.004375
75.2	0.003956
75.4	0.003933
75.6	0.003816
75.8	0.003898
76.0	0.003735
76.2	0.004084
76.4	0.00427
76.6	0.004107
76.8	0.004049
77.0	0.003828
77.2	0.004026
77.4	0.003828
77.6	0.00448
77.8	0.004352
78.0	0.004212
78.2	0.004247
78.4	0.004072
78.6	0.004456
78.8	0.003398
79.0	0.003293
79.2	0.00306
79.4	0.003223
79.6	0.003386
79.8	0.003246
80.0	0.003386
80.2	0.003549
80.4	0.003223
80.6	0.003432
80.8	0.00356
81.0	0.003537
81.2	0.003467
81.4	0.003479
81.6	0.003293
81.8	0.003363
82.0	0.003607
82.2	0.003723
82.4	0.002979
82.6	0.002758
82.8	0.002641
83.0	0.002932
83.2	0.003188
83.4	0.003118
83.6	0.003048
83.8	0.003014
84.0	0.00256
84.2	0.002711
84.4	0.002909
84.6	0.002699
84.8	0.002897
85.0	0.002897
85.2	0.002862
85.4	0.002327
85.6	0.002653
85.8	0.002886
86.0	0.002339
86.2	0.002164
86.4	0.001652
86.6	0.001722
86.8	0.002083
87.0	0.002129
87.2	0.002246
87.4	0.002315
87.6	0.002315
87.8	0.002315
88.0	0.002467
88.2	0.002758
88.4	0.002769
88.6	0.003037
88.8	0.003386
89.0	0.003956
89.2	0.003851
89.4	0.003933
89.6	0.0037
89.8	0.003654
90.0	0.003549
90.2	0.003886
90.4	0.004049
90.6	0.003432
90.8	0.003363
91.0	0.003328
91.2	0.003316
91.4	0.003211
91.6	0.003281
91.8	0.003374
92.0	0.003432
92.2	0.003351
92.4	0.003805
92.6	0.003968
92.8	0.003712
93.0	0.003677
93.2	0.003025
93.4	0.003014
93.6	0.003374
93.8	0.00363
94.0	0.00356
94.2	0.003723
94.4	0.003735
94.6	0.003514
94.8	0.003886
95.0	0.003886
95.2	0.003549
95.4	0.003607
95.6	0.003572
95.8	0.003619
96.0	0.003328
96.2	0.003246
96.4	0.003316
96.6	0.003188
96.8	0.002967
97.0	0.003165
97.2	0.003235
97.4	0.003118
97.6	0.002804
97.8	0.00263
98.0	0.002641
98.2	0.002955
98.4	0.002513
98.6	0.003304
98.8	0.003572
99.0	0.003875
99.2	0.004526
99.4	0.004165
99.6	0.003863
99.8	0.004305
100.0	0.004456
100.2	0.004619
100.4	0.004363
100.6	0.003886
100.8	0.003956
101.0	0.004468
101.2	0.004433
101.4	0.004212
101.6	0.004631
101.8	0.004654
102.0	0.004131
102.2	0.004526
102.4	0.004503
102.6	0.003898
102.8	0.003654
103.0	0.003514
103.2	0.003456
103.4	0.003025
103.6	0.002886
103.8	0.002781
104.0	0.002409
104.2	0.002804
104.4	0.003176
104.6	0.002932
104.8	0.003246
105.0	0.002723
105.2	0.002723
105.4	0.00263
105.6	0.002699
105.8	0.003176
106.0	0.003165
106.2	0.003304
106.4	0.003142
106.6	0.003339
106.8	0.002979
107.0	0.002595
107.2	0.00256
107.4	0.002665
107.6	0.002025
107.8	0.001873
108.0	0.001978
108.2	0.002048
108.4	0.001838
108.6	0.001885
108.8	0.001757
109.0	0.001897
109.2	0.002129
109.4	0.001897
109.6	0.002094
109.8	0.002106
110.0	0.002269
110.2	0.001978
110.4	0.001955
110.6	0.001769
110.8	0.001641
111.0	0.001873
111.2	0.002443
111.4	0.001908
111.6	0.001955
111.8	0.002083
112.0	0.002083
112.2	0.001931
112.4	0.001664
112.6	0.001629
112.8	0.001931
113.0	0.002036
113.2	0.002467
113.4	0.002665
113.6	0.002723
113.8	0.002909
114.0	0.002734
114.2	0.002827
114.4	0.003363
114.6	0.002944
114.8	0.0032
115.0	0.003735
115.2	0.003432
115.4	0.003339
115.6	0.002979
115.8	0.002746
116.0	0.002816
116.2	0.002839
116.4	0.002641
116.6	0.002781
116.8	0.00242
117.0	0.002525
117.2	0.002734
117.4	0.002711
117.6	0.002595
117.8	0.002874
118.0	0.002641
118.2	0.001931
118.4	0.002094
118.6	0.002525
118.8	0.002315
119.0	0.002374
119.2	0.002211
119.4	0.002094
119.6	0.002118
119.8	0.002409
120.0	0.002688
120.2	0.00256
120.4	0.002176
120.6	0.002816
120.8	0.002793
121.0	0.002618
121.2	0.002816
121.4	0.002641
121.6	0.00306
121.8	0.002827
122.0	0.003025
122.2	0.002583
122.4	0.003037
122.6	0.002897
122.8	0.00299
123.0	0.002769
123.2	0.002548
123.4	0.00299
123.6	0.002746
123.8	0.003048
124.0	0.003014
124.2	0.002839
124.4	0.002955
124.6	0.00306
124.8	0.003095
125.0	0.002699
125.2	0.003235
125.4	0.0032
125.6	0.003316
125.8	0.003537
126.0	0.003828
126.2	0.003793
126.4	0.003863
126.6	0.004119
126.8	0.004154
127.0	0.004003
127.2	0.003514
127.4	0.003363
127.6	0.003432
127.8	0.003014
128.0	0.003107
128.2	0.002921
128.4	0.002688
128.6	0.002257
128.8	0.002385
129.0	0.00263
129.2	0.002432
129.4	0.002362
129.6	0.002443
129.8	0.002409
130.0	0.002013
130.2	0.002409
130.4	0.00256
130.6	0.002467
130.8	0.002478
131.0	0.002339
131.2	0.002118
131.4	0.002269
131.6	0.00249
131.8	0.002409
132.0	0.00249
132.2	0.002432
132.4	0.002432
132.6	0.002758
132.8	0.002153
133.0	0.002339
133.2	0.002595
133.4	0.002676
133.6	0.002595
133.8	0.00249
134.0	0.002374
134.2	0.002467
134.4	0.002478
134.6	0.002571
134.8	0.00327
135.0	0.00313
135.2	0.00313
135.4	0.003246
135.6	0.003211
135.8	0.003211
136.0	0.002979
136.2	0.002944
136.4	0.00256
136.6	0.00263
136.8	0.002641
137.0	0.002665
137.2	0.002548
137.4	0.002653
137.6	0.002723
137.8	0.002234
138.0	0.002199
138.2	0.002537
138.4	0.002327
138.6	0.002304
138.8	0.002478
139.0	0.002839
139.2	0.002932
139.4	0.002711
139.6	0.002781
139.8	0.002641
140.0	0.003025
140.2	0.002665
140.4	0.002432
140.6	0.001699
140.8	0.001722
141.0	0.001536
141.2	0.001629
141.4	0.002059
141.6	0.001862
141.8	0.002199
142.0	0.002281
142.2	0.002025
142.4	0.001931
142.6	0.002339
142.8	0.002397
143.0	0.002455
143.2	0.002304
143.4	0.002281
143.6	0.002059
143.8	0.002129
144.0	0.002665
144.2	0.003072
144.4	0.003281
144.6	0.003072
144.8	0.002955
145.0	0.002769
145.2	0.002932
145.4	0.002955
145.6	0.002571
145.8	0.002374
146.0	0.002571
146.2	0.00192
146.4	0.002083
146.6	0.002094
146.8	0.002339
147.0	0.002583
147.2	0.00263
147.4	0.002711
147.6	0.002979
147.8	0.0037
148.0	0.003654
148.2	0.003444
148.4	0.002955
148.6	0.002699
148.8	0.0032
149.0	0.003014
149.2	0.003118
149.4	0.003526
149.6	0.003654
149.8	0.003607
150.0	0.003421
150.2	0.003793
150.4	0.003409
150.6	0.00384
150.8	0.003444
151.0	0.003491
151.2	0.003584
151.4	0.003328
151.6	0.003083
151.8	0.002816
152.0	0.002758
152.2	0.002513
152.4	0.002094
152.6	0.002187
152.8	0.002339
153.0	0.002409
153.2	0.002851
153.4	0.002385
153.6	0.00235
153.8	0.002001
154.0	0.002071
154.2	0.001931
154.4	0.002118
154.6	0.002304
154.8	0.002304
155.0	0.00235
155.2	0.002315
155.4	0.001908
155.6	0.002083
155.8	0.002327
156.0	0.002315
156.2	0.002304
156.4	0.002269
156.6	0.002467
156.8	0.002769
157.0	0.003281
157.2	0.003095
157.4	0.003153
157.6	0.0032
157.8	0.002851
158.0	0.002955
158.2	0.002676
158.4	0.002804
158.6	0.003014
158.8	0.002292
159.0	0.002234
159.2	0.002537
159.4	0.002246
159.6	0.002187
159.8	0.001943
160.0	0.001827
160.2	0.002083
160.4	0.002129
160.6	0.002525
160.8	0.002618
161.0	0.00299
161.2	0.002769
161.4	0.002839
161.6	0.002793
161.8	0.002606
162.0	0.002665
162.2	0.002967
162.4	0.003188
162.6	0.002711
162.8	0.002676
163.0	0.002525
163.2	0.002467
163.4	0.002478
163.6	0.002502
163.8	0.002548
164.0	0.002537
164.2	0.002537
164.4	0.002327
164.6	0.002106
164.8	0.002269
165.0	0.00263
165.2	0.002676
165.4	0.002781
165.6	0.003014
165.8	0.0032
166.0	0.003537
166.2	0.003595
166.4	0.003409
166.6	0.003142
166.8	0.002874
167.0	0.002595
167.2	0.002571
167.4	0.002688
167.6	0.002467
167.8	0.002467
168.0	0.002432
168.2	0.002443
168.4	0.002455
168.6	0.002641
168.8	0.002967
169.0	0.003048
169.2	0.00313
169.4	0.003421
169.6	0.003328
169.8	0.003758
170.0	0.003921
170.2	0.003933
170.4	0.003921
170.6	0.003863
170.8	0.003502
171.0	0.003537
171.2	0.003293
171.4	0.003304
171.6	0.003572
171.8	0.00306
172.0	0.002816
172.2	0.002816
172.4	0.003002
172.6	0.003107
172.8	0.003479
173.0	0.003409
173.2	0.00356
173.4	0.003572
173.6	0.00363
173.8	0.003386
174.0	0.003642
174.2	0.003176
174.4	0.003095
174.6	0.003095
174.8	0.003025
175.0	0.003165
175.2	0.00363
175.4	0.003514
175.6	0.003537
175.8	0.003886
176.0	0.003816
176.2	0.003421
176.4	0.003584
176.6	0.003432
176.8	0.003607
177.0	0.003549
177.2	0.003211
177.4	0.0032
177.6	0.002653
177.8	0.002665
178.0	0.002653
178.2	0.002746
178.4	0.002932
178.6	0.002734
178.8	0.002525
179.0	0.002502
179.2	0.002467
179.4	0.002525
179.6	0.002583
179.8	0.002862
180.0	0.002711
180.2	0.002734
180.4	0.003072
180.6	0.002222
180.8	0.002106
181.0	0.002641
181.2	0.002129
181.4	0.002397
181.6	0.002443
181.8	0.002374
182.0	0.002641
182.2	0.002606
182.4	0.002525
182.6	0.002909
182.8	0.003072
183.0	0.002944
183.2	0.002979
183.4	0.002944
183.6	0.003037
183.8	0.002769
184.0	0.002397
184.2	0.00249
184.4	0.002036
184.6	0.002118
184.8	0.002583
185.0	0.002606
185.2	0.002618
185.4	0.003025
185.6	0.003176
185.8	0.003223
186.0	0.002339
186.2	0.00249
186.4	0.002886
186.6	0.003293
186.8	0.003444
187.0	0.003398
187.2	0.003025
187.4	0.003188
187.6	0.003642
187.8	0.003816
188.0	0.003933
188.2	0.004026
188.4	0.003851
188.6	0.003723
188.8	0.003456
189.0	0.003176
189.2	0.00299
189.4	0.003339
189.6	0.002967
189.8	0.002967
190.0	0.003223
190.2	0.003363
190.4	0.003014
190.6	0.003246
190.8	0.003409
191.0	0.003363
191.2	0.00327
191.4	0.00306
191.6	0.003444
191.8	0.003758
192.0	0.00363
192.2	0.003491
192.4	0.003386
192.6	0.003549
192.8	0.003642
193.0	0.003851
193.2	0.003747
193.4	0.003816
193.6	0.00363
193.8	0.003456
194.0	0.003095
194.2	0.002816
194.4	0.003118
194.6	0.003037
194.8	0.003223
195.0	0.00256
195.2	0.00249
195.4	0.002327
195.6	0.001897
195.8	0.001676
196.0	0.001955
196.2	0.001966
196.4	0.002164
196.6	0.002409
196.8	0.002164
197.0	0.002409
197.2	0.00256
197.4	0.002606
197.6	0.002409
197.8	0.002467
198.0	0.00242
198.2	0.002455
198.4	0.002676
198.6	0.002711
198.8	0.002583
199.0	0.00235
199.2	0.00199
199.4	0.002118
199.6	0.002106
199.8	0.001582
200.0	0.001664
200.2	0.001815
200.4	0.001699
200.6	0.002153
200.8	0.001757
201.0	0.00185
201.2	0.001862
201.4	0.001617
201.6	0.002001
201.8	0.002176
202.0	0.002502
202.2	0.002164
202.4	0.00242
202.6	0.002606
202.8	0.00263
203.0	0.002816
203.2	0.002944
203.4	0.002955
203.6	0.003165
203.8	0.003444
204.0	0.003479
204.2	0.003549
204.4	0.003409
204.6	0.003246
204.8	0.00327
205.0	0.002769
205.2	0.002909
205.4	0.003374
205.6	0.003526
205.8	0.003595
206.0	0.003258
206.2	0.003351
206.4	0.00299
206.6	0.003095
206.8	0.002758
207.0	0.00299
207.2	0.003025
207.4	0.003142
207.6	0.003246
207.8	0.003014
208.0	0.002827
208.2	0.003142
208.4	0.002746
208.6	0.002199
208.8	0.002106
209.0	0.002025
209.2	0.002327
209.4	0.002537
209.6	0.002583
209.8	0.002758
210.0	0.002816
210.2	0.003188
210.4	0.002525
210.6	0.002327
210.8	0.002478
211.0	0.002478
211.2	0.002222
211.4	0.002641
211.6	0.002793
211.8	0.002665
212.0	0.002409
212.2	0.002257
212.4	0.00249
212.6	0.002537
212.8	0.002921
213.0	0.003153
213.2	0.003491
213.4	0.003607
213.6	0.00327
213.8	0.002932
214.0	0.002688
214.2	0.002967
214.4	0.003188
214.6	0.003188
214.8	0.003188
215.0	0.003409
215.2	0.003118
215.4	0.002874
215.6	0.00306
215.8	0.002874
216.0	0.003118
216.2	0.00299
216.4	0.002839
216.6	0.002921
216.8	0.003037
217.0	0.002897
217.2	0.002711
217.4	0.002781
217.6	0.002676
217.8	0.002723
218.0	0.002397
218.2	0.002432
218.4	0.002548
218.6	0.002292
218.8	0.002502
219.0	0.002781
219.2	0.002665
219.4	0.002781
219.6	0.002455
219.8	0.002618
220.0	0.002548
220.2	0.00263
220.4	0.002525
220.6	0.002571
220.8	0.002409
221.0	0.002502
221.2	0.00249
221.4	0.002653
221.6	0.002781
221.8	0.003526
222.0	0.003374
222.2	0.003444
222.4	0.003328
222.6	0.003374
222.8	0.003386
223.0	0.003514
223.2	0.003514
223.4	0.00377
223.6	0.00377
223.8	0.003665
224.0	0.00363
224.2	0.003526
224.4	0.003688
224.6	0.0032
224.8	0.003339
225.0	0.002967
225.2	0.003142
225.4	0.003444
225.6	0.003549
225.8	0.003467
226.0	0.003467
226.2	0.003246
226.4	0.003782
226.6	0.003502
226.8	0.003851
227.0	0.003654
227.2	0.003211
227.4	0.003467
227.6	0.003386
227.8	0.002583
228.0	0.002129
228.2	0.002676
228.4	0.002688
228.6	0.002339
228.8	0.002443
229.0	0.002467
229.2	0.002071
229.4	0.002001
229.6	0.002269
229.8	0.00242
230.0	0.002665
230.2	0.00235
230.4	0.00235
230.6	0.002653
230.8	0.002571
231.0	0.00256
231.2	0.002886
231.4	0.002781
231.6	0.002676
231.8	0.002781
232.0	0.002769
232.2	0.00242
232.4	0.002467
232.6	0.002699
232.8	0.003188
233.0	0.003153
233.2	0.003293
233.4	0.003118
233.6	0.003165
233.8	0.003281
234.0	0.002921
234.2	0.003258
234.4	0.002711
234.6	0.00299
234.8	0.003118
235.0	0.003223
235.2	0.003002
235.4	0.002548
235.6	0.002921
235.8	0.002781
236.0	0.003142
236.2	0.003363
236.4	0.003688
236.6	0.0037
236.8	0.003712
237.0	0.004072
237.2	0.00384
237.4	0.004375
237.6	0.004515
237.8	0.004596
238.0	0.004247
238.2	0.003886
238.4	0.004131
238.6	0.004352
238.8	0.004096
239.0	0.003619
239.2	0.003363
239.4	0.003351
239.6	0.003444
239.8	0.003293
240.0	0.002967
240.2	0.002641
240.4	0.002758
240.6	0.003037
240.8	0.003165
241.0	0.003188
241.2	0.003258
241.4	0.003584
241.6	0.003898
241.8	0.003432
242.0	0.003456
242.2	0.003374
242.4	0.002711
242.6	0.002618
242.8	0.002595
243.0	0.002746
243.2	0.002746
243.4	0.002909
243.6	0.002804
243.8	0.002688
244.0	0.00256
244.2	0.002723
244.4	0.002571
244.6	0.002734
244.8	0.002688
245.0	0.002513
245.2	0.002932
245.4	0.002955
245.6	0.003339
245.8	0.003072
246.0	0.003374
246.2	0.003083
246.4	0.002932
246.6	0.002862
246.8	0.002397
247.0	0.002199
247.2	0.00178
247.4	0.002083
247.6	0.002083
247.8	0.002292
248.0	0.001722
248.2	0.002048
248.4	0.001862
248.6	0.002234
248.8	0.002281
249.0	0.002443
249.2	0.002397
249.4	0.002653
249.6	0.002443
249.8	0.002595
250.0	0.002595
250.2	0.002525
250.4	0.002548
250.6	0.002595
250.8	0.002467
251.0	0.002502
251.2	0.002827
251.4	0.002537
251.6	0.002723
251.8	0.002688
252.0	0.002758
252.2	0.002758
252.4	0.003014
252.6	0.003014
252.8	0.002769
253.0	0.003072
253.2	0.003095
253.4	0.002886
253.6	0.00306
253.8	0.003304
254.0	0.00306
254.2	0.002688
254.4	0.00263
254.6	0.002909
254.8	0.002723
255.0	0.002537
255.2	0.002921
255.4	0.002851
255.6	0.002781
255.8	0.002897
256.0	0.002921
256.2	0.003293
256.4	0.003665
256.6	0.004038
256.8	0.003619
257.0	0.003211
257.2	0.003398
257.4	0.003514
257.6	0.003421
257.8	0.003188
258.0	0.003549
258.2	0.003188
258.4	0.003095
258.6	0.003246
258.8	0.002979
259.0	0.002641
259.2	0.002187
259.4	0.002164
259.6	0.002304
259.8	0.002339
260.0	0.002734
260.2	0.002921
260.4	0.003316
260.6	0.00356
260.8	0.003723
261.0	0.003793
261.2	0.003607
261.4	0.003502
261.6	0.003421
261.8	0.003246
262.0	0.003014
262.2	0.003374
262.4	0.002862
262.6	0.002862
262.8	0.002909
263.0	0.002758
263.2	0.003083
263.4	0.003072
263.6	0.002979
263.8	0.00327
264.0	0.002711
264.2	0.002595
264.4	0.002699
264.6	0.002641
264.8	0.002478
265.0	0.00263
265.2	0.003014
265.4	0.002862
265.6	0.003421
265.8	0.003491
266.0	0.003549
266.2	0.003386
266.4	0.00377
266.6	0.003584
266.8	0.003246
267.0	0.003142
267.2	0.003293
267.4	0.00327
267.6	0.003316
267.8	0.002967
268.0	0.002676
268.2	0.002571
268.4	0.00256
268.6	0.002525
268.8	0.002665
269.0	0.002478
269.2	0.002641
269.4	0.002525
269.6	0.002432
269.8	0.002699
270.0	0.002851
270.2	0.002793
270.4	0.003002
270.6	0.002665
270.8	0.002548
271.0	0.002746
271.2	0.002234
271.4	0.00242
271.6	0.002723
271.8	0.002176
272.0	0.00256
272.2	0.002339
272.4	0.002246
272.6	0.002164
272.8	0.002222
273.0	0.002746
273.2	0.002502
273.4	0.002746
273.6	0.002955
273.8	0.002921
274.0	0.002699
274.2	0.002211
274.4	0.002281
274.6	0.002921
274.8	0.002595
275.0	0.002653
275.2	0.001955
275.4	0.002199
275.6	0.002502
275.8	0.002478
276.0	0.002467
276.2	0.002606
276.4	0.002932
276.6	0.002944
276.8	0.00256
277.0	0.002281
277.2	0.002385
277.4	0.001897
277.6	0.001838
277.8	0.001757
278.0	0.002257
278.2	0.002327
278.4	0.002281
278.6	0.002083
278.8	0.001943
279.0	0.002257
279.2	0.002269
279.4	0.002455
279.6	0.002304
279.8	0.00242
280.0	0.002443
280.2	0.002711
280.4	0.00327
280.6	0.002897
280.8	0.002781
281.0	0.002641
281.2	0.003409
281.4	0.003235
281.6	0.003095
281.8	0.003304
282.0	0.003374
282.2	0.003316
282.4	0.003514
282.6	0.002781
282.8	0.002176
283.0	0.002048
283.2	0.001943
283.4	0.002071
283.6	0.002676
283.8	0.00242
284.0	0.002118
284.2	0.002211
284.4	0.002025
284.6	0.00192
284.8	0.002129
285.0	0.002129
285.2	0.002048
285.4	0.002199
285.6	0.002071
285.8	0.002025
286.0	0.002106
286.2	0.002164
286.4	0.002327
286.6	0.002665
286.8	0.003118
287.0	0.003153
287.2	0.002967
287.4	0.002851
287.6	0.002595
287.8	0.00263
288.0	0.002513
288.2	0.002455
288.4	0.002502
288.6	0.002769
288.8	0.002187
289.0	0.002385
289.2	0.002071
289.4	0.002083
289.6	0.002106
289.8	0.002118
290.0	0.002083
290.2	0.001955
290.4	0.001955
290.6	0.001862
290.8	0.00192
291.0	0.002141
291.2	0.002211
291.4	0.002118
291.6	0.001978
291.8	0.001745
292.0	0.001815
292.2	0.001722
292.4	0.001745
292.6	0.001827
292.8	0.001873
293.0	0.002257
293.2	0.002618
293.4	0.00256
293.6	0.002711
293.8	0.002455
294.0	0.00249
294.2	0.002618
294.4	0.002723
294.6	0.002921
294.8	0.003258
295.0	0.003142
295.2	0.002967
295.4	0.002851
295.6	0.002711
295.8	0.002525
296.0	0.002443
296.2	0.00299
296.4	0.002618
296.6	0.002967
296.8	0.003025
297.0	0.0032
297.2	0.003176
297.4	0.003118
297.6	0.002769
297.8	0.002641
298.0	0.002723
298.2	0.002781
298.4	0.002723
298.6	0.00235
298.8	0.002525
299.0	0.002851
299.2	0.002897
299.4	0.003107
299.6	0.003107
299.8	0.003246
300.0	0.002944
300.2	0.003328
300.4	0.003805
300.6	0.003688
300.8	0.003467
301.0	0.0037
301.2	0.003421
301.4	0.003491
301.6	0.003095
301.8	0.002746
302.0	0.00299
302.2	0.003037
302.4	0.003037
302.6	0.003025
302.8	0.003072
303.0	0.002653
303.2	0.002362
303.4	0.002048
303.6	0.002222
303.8	0.002013
304.0	0.002304
304.2	0.002071
304.4	0.002187
304.6	0.002339
304.8	0.001943
305.0	0.002129
305.2	0.002315
305.4	0.002513
305.6	0.002804
305.8	0.002827
306.0	0.003351
306.2	0.003246
306.4	0.00377
306.6	0.003944
306.8	0.00356
307.0	0.003607
307.2	0.002769
307.4	0.003223
307.6	0.003444
307.8	0.004014
308.0	0.00448
308.2	0.004608
308.4	0.004608
308.6	0.004224
308.8	0.004084
309.0	0.003363
309.2	0.003258
309.4	0.003444
309.6	0.003304
309.8	0.003363
310.0	0.003642
310.2	0.0037
310.4	0.003444
310.6	0.003444
310.8	0.003607
311.0	0.003491
311.2	0.0032
311.4	0.003083
311.6	0.002955
311.8	0.003118
312.0	0.003211
312.2	0.002827
312.4	0.00306
312.6	0.003014
312.8	0.003072
313.0	0.0032
313.2	0.003014
313.4	0.002886
313.6	0.002711
313.8	0.002921
314.0	0.003363
314.2	0.002827
314.4	0.003246
314.6	0.003293
314.8	0.002921
315.0	0.002897
315.2	0.002688
315.4	0.002909
315.6	0.002513
315.8	0.00256
316.0	0.002734
316.2	0.003118
316.4	0.003281
316.6	0.003526
316.8	0.003421
317.0	0.003595
317.2	0.002874
317.4	0.002909
317.6	0.003095
317.8	0.00299
318.0	0.002653
318.2	0.002816
318.4	0.003363
318.6	0.003223
318.8	0.003118
319.0	0.003107
319.2	0.003304
319.4	0.003037
319.6	0.00313
319.8	0.003153
320.0	0.003328
320.2	0.003258
320.4	0.003502
320.6	0.003642
320.8	0.00356
321.0	0.002967
321.2	0.003188
321.4	0.0032
321.6	0.003467

&

