2.0	0.00632
4.0	0.012396
6.0	0.014341
8.0	0.017501
10.0	0.018473
12.0	0.016042
14.0	0.013368
16.0	0.009723
18.0	0.005834
20.0	0.000486
22.0	-0.003646
24.0	0.0
26.0	-0.000486
28.0	-0.004861
30.0	-0.009479
32.0	0.007535
34.0	0.017257
36.0	0.012396
38.0	0.016528
40.0	0.014584
42.0	0.012882
44.0	0.003646
46.0	-0.003889
48.0	0.020174
50.0	0.012153
52.0	0.014584
54.0	0.01507
56.0	0.004861
58.0	-0.001945
60.0	0.003403
62.0	0.019202
64.0	0.005347
66.0	0.004375
68.0	0.004132
70.0	-0.001458
72.0	0.00316
74.0	-0.002674
76.0	-0.003403
78.0	-0.00559
80.0	0.000729
82.0	-0.009479
84.0	-0.00632
86.0	-0.010209
88.0	-0.008993
90.0	-0.023091
92.0	-0.01823
94.0	-0.00875
96.0	-0.01507
98.0	-0.020903
100.0	-0.018959
102.0	-0.014584
104.0	-0.017987
106.0	-0.012153
108.0	-0.022119
110.0	-0.013125
112.0	-0.012396
114.0	-0.016771
116.0	-0.010209
118.0	-0.005347
120.0	-0.011667
122.0	-0.010938
124.0	-0.020417
126.0	-0.016528
128.0	-0.015313
130.0	-0.01823
132.0	-0.016528
134.0	-0.013612
136.0	-0.000972
138.0	0.001215
140.0	-0.001945
142.0	0.010938
144.0	0.011667
146.0	0.009966
148.0	0.003646
150.0	0.010452
152.0	0.002917
154.0	0.005104
156.0	-0.005347
158.0	-0.002917
160.0	-0.015799
162.0	-0.019931
164.0	-0.027709
166.0	-0.019931
168.0	-0.00875
170.0	-0.010452
172.0	-0.004132
174.0	-0.001701
176.0	0.012153
178.0	0.004618
180.0	0.005834
182.0	0.002674
184.0	-0.003646
186.0	-0.00559
188.0	0.001458
190.0	0.010695
192.0	0.008264
194.0	0.010452
196.0	0.003646
198.0	-0.000972
200.0	-0.002674
202.0	-0.003646
204.0	0.005834
206.0	0.023091
208.0	0.026008
210.0	0.019688
212.0	0.007778
214.0	0.008264
216.0	0.002431
218.0	-0.000729
220.0	0.0
222.0	0.003889
224.0	0.009236
226.0	0.003889
228.0	0.01823
230.0	0.017257
232.0	0.012639
234.0	0.00632
236.0	0.000729
238.0	-0.002674
240.0	0.009236
242.0	0.002917
244.0	0.013855
246.0	0.016042
248.0	0.017744
250.0	0.008021
252.0	0.007049
254.0	0.017501
256.0	0.012153
258.0	0.002917
260.0	0.00875
262.0	0.01191
264.0	0.007778
266.0	0.01823
268.0	0.019931
270.0	0.008021
272.0	0.023091
274.0	0.000243
276.0	-0.00559
278.0	-0.017501
280.0	-0.010209
282.0	-0.001701
284.0	-0.000243
286.0	-0.004618
288.0	-0.008264
290.0	-0.007778
292.0	0.000972
294.0	0.004861
296.0	0.005104
298.0	0.002674
300.0	-0.002917
302.0	-0.008507
304.0	0.000972
306.0	0.016771
308.0	0.010938
310.0	0.020903
312.0	0.019445
314.0	0.025522
316.0	0.010695
318.0	0.012153
320.0	0.007049
322.0	0.010209
324.0	0.001701
326.0	-0.003403
328.0	-0.005104
330.0	-0.006563
332.0	-0.008021
334.0	-0.008021
336.0	0.001945
338.0	0.001945
340.0	-0.006077
342.0	-0.008993
344.0	-0.000972
346.0	-0.005834
348.0	-0.008264
350.0	-0.005834
352.0	-0.000243
354.0	-0.001458
356.0	0.003646
358.0	0.001215
360.0	0.01507
362.0	0.009966
364.0	0.017014
366.0	0.012153
368.0	-0.001215
370.0	0.010695
372.0	0.007535
374.0	0.020417
376.0	0.014584
378.0	0.009479
380.0	0.002188
382.0	-0.017014
384.0	-0.00559
386.0	-0.007049
388.0	-0.009236
390.0	-0.001701
392.0	-0.004618
394.0	0.003403
396.0	0.007535
398.0	-0.009966
400.0	-0.006563
402.0	-0.006563
404.0	0.007292
406.0	0.011424
408.0	0.014098
410.0	0.003646
412.0	0.00316
414.0	0.000243
416.0	0.010695
418.0	0.003403
420.0	0.008021
422.0	-0.001945
424.0	-0.003403
426.0	0.002188
428.0	-0.012639
430.0	-0.012396
432.0	-0.003403
434.0	-0.009723
436.0	-0.019445
438.0	-0.011667
440.0	-0.006077
442.0	0.004618
444.0	0.004132
446.0	0.000729
448.0	0.005104
450.0	-0.004375
452.0	0.000729
454.0	0.002188
456.0	-0.004618
458.0	0.008507
460.0	0.021147
462.0	0.01507
464.0	0.000486
466.0	0.00559
468.0	0.009479
470.0	0.000729
472.0	0.00316
474.0	-0.003889
476.0	-0.002917
478.0	0.004861
480.0	0.011424
482.0	-0.004861
484.0	-0.004132
486.0	-0.011424
488.0	-0.024792
490.0	-0.026494
492.0	-0.026494
494.0	-0.022362
496.0	-0.017501
498.0	-0.023577
500.0	-0.02698
502.0	-0.013125
504.0	-0.02066
506.0	-0.017744
508.0	-0.021147
510.0	-0.016528
512.0	-0.013125
514.0	-0.009236
516.0	0.002674
518.0	0.000486
520.0	0.001701
522.0	0.013855
524.0	0.010695
526.0	0.001945
528.0	0.000729
530.0	0.011181
532.0	0.007535
534.0	0.009236
536.0	0.017257
538.0	0.019931
540.0	-0.002188
542.0	-0.006806
544.0	-0.016285
546.0	-0.008993
548.0	-0.013125
550.0	-0.016285
552.0	-0.01823
554.0	-0.020174
556.0	-0.027466
558.0	-0.020417
560.0	-0.009479
562.0	-0.017501
564.0	-0.02139
566.0	-0.018473
568.0	-0.011181
570.0	0.000486
572.0	-0.001458
574.0	0.0
576.0	-0.002917
578.0	-0.025279
580.0	-0.015799
582.0	0.001701
584.0	0.001701
586.0	0.004861
588.0	-0.015313
590.0	-0.009479
592.0	-0.006563
594.0	-0.001701
596.0	-0.007535
598.0	-0.010938
600.0	0.000972
602.0	0.002674
604.0	-0.003889
606.0	0.006077
608.0	-0.001701
610.0	0.001945
612.0	-0.002674
614.0	-0.006077
616.0	-0.017014
618.0	-0.019445
620.0	-0.021876
622.0	-0.004861
624.0	0.007778
626.0	0.004861
628.0	0.012882
630.0	0.012396
632.0	0.011181
634.0	0.019688
636.0	0.034515
638.0	0.029654
640.0	0.028438
642.0	0.024792
644.0	0.02139
646.0	0.013612
648.0	0.009966
650.0	0.013612
652.0	0.005347
654.0	0.018716
656.0	0.00559
658.0	0.000486
660.0	0.007778
662.0	0.009236
664.0	0.002674
666.0	0.001945
668.0	0.008507
670.0	0.010452
672.0	0.001215
674.0	-0.00316
676.0	-0.012882
678.0	-0.006563
680.0	-0.013368
682.0	-0.022605
684.0	-0.015799
686.0	-0.017257
688.0	-0.005834
690.0	0.006806
692.0	0.005104
694.0	0.005104
696.0	0.001945
698.0	-0.009236
700.0	-0.005834
702.0	-0.014827
704.0	-0.016771
706.0	-0.001701
708.0	0.000729
710.0	-0.00632
712.0	0.011181
714.0	0.009966
716.0	-0.004618
718.0	-0.000486
720.0	-0.001701
722.0	0.002188
724.0	0.002917
726.0	-0.010938
728.0	-0.012396
730.0	-0.017014
732.0	-0.008993
734.0	-0.013125
736.0	0.009479
738.0	0.019931
740.0	0.007049
742.0	0.001215
744.0	-0.000729
746.0	0.005347
748.0	0.010209
750.0	-0.001458
752.0	-0.01191
754.0	-0.030869
756.0	-0.020903
758.0	-0.015313
760.0	-0.009236
762.0	-0.011181
764.0	-0.011181
766.0	-0.00875
768.0	-0.00632
770.0	-0.002188
772.0	-0.002188
774.0	0.0
776.0	-0.008264
778.0	-0.008993
780.0	-0.004618
782.0	-0.020417
784.0	-0.025279
786.0	-0.023091
788.0	-0.031355
790.0	-0.019445
792.0	-0.027466
794.0	-0.009236
796.0	-0.005347
798.0	0.0
800.0	-0.014098
802.0	-0.013612
804.0	-0.013855
806.0	-0.022119
808.0	-0.007535
810.0	-0.009236
812.0	-0.010695
814.0	-0.004618
816.0	0.008993
818.0	0.015799
820.0	0.018716
822.0	0.027952
824.0	0.023091
826.0	0.009479
828.0	0.000486
830.0	0.003889
832.0	0.002917
834.0	0.003646
836.0	0.011181
838.0	0.008993
840.0	0.005347
842.0	0.010695
844.0	0.007778
846.0	0.020903
848.0	0.018716
850.0	0.018959
852.0	0.032327
854.0	0.027223
856.0	0.0333
858.0	0.014827
860.0	0.012153
862.0	0.013368
864.0	0.002917
866.0	0.016771
868.0	0.018959
870.0	0.029411
872.0	0.026251
874.0	0.018473
876.0	0.022605
878.0	0.013368
880.0	0.007049
882.0	0.000486
884.0	-0.00632
886.0	0.001945
888.0	0.010209
890.0	0.013855
892.0	0.030869
894.0	0.029897
896.0	0.016528
898.0	0.019931
900.0	0.001215
902.0	-0.003403
904.0	-0.012153
906.0	-0.010938
908.0	-0.016771
910.0	-0.023334
912.0	-0.009723
914.0	0.000729
916.0	0.003889
918.0	-0.004375
920.0	-0.004861
922.0	0.022362
924.0	0.017501
926.0	0.01507
928.0	0.018716
930.0	0.012882
932.0	0.014827
934.0	-0.001215
936.0	-0.005834
938.0	-0.018473
940.0	-0.003889
942.0	0.014098
944.0	0.024306
946.0	0.021876
948.0	0.022848
950.0	0.019445
952.0	0.007292
954.0	0.012396
956.0	0.001458
958.0	-0.000729
960.0	-0.006077
962.0	-0.002674
964.0	-0.009479
966.0	-0.012639
968.0	-0.017501
970.0	-0.00875
972.0	-0.010209
974.0	-0.007535
976.0	-0.001945
978.0	-0.001945
980.0	0.005104
982.0	0.010695
984.0	0.013125
986.0	0.011424
988.0	0.010695
990.0	0.011424
992.0	0.005347
994.0	0.00875
996.0	0.019202
998.0	0.01191
1000.0	0.002917
1002.0	-0.005104
1004.0	-0.002188
1006.0	-0.021633
1008.0	-0.008507
1010.0	-0.002431
1012.0	-0.003889
1014.0	0.004861
1016.0	0.000729
1018.0	0.009236
1020.0	0.011181
1022.0	0.003889
1024.0	-0.000729
1026.0	0.00632
1028.0	0.004375
1030.0	0.00875
1032.0	0.012882
1034.0	0.013368
1036.0	0.01507
1038.0	0.005347
1040.0	-0.000486
1042.0	0.013368
1044.0	0.013368
1046.0	0.007049
1048.0	0.00632
1050.0	0.007778
1052.0	-0.009966
1054.0	-0.004132
1056.0	-0.008021
1058.0	-0.00559
1060.0	-0.008021
1062.0	-0.014341
1064.0	-0.013612
1066.0	-0.007049
1068.0	0.00559
1070.0	0.006077
1072.0	0.002917
1074.0	0.002674
1076.0	-0.013612
1078.0	-0.016042
1080.0	-0.031355
1082.0	-0.022848
1084.0	-0.01507
1086.0	-0.017744
1088.0	-0.004375
1090.0	-0.000972
1092.0	0.012153
1094.0	0.005104
1096.0	0.023091
1098.0	0.019688
1100.0	0.013855
1102.0	0.004132
1104.0	0.002188
1106.0	0.007778
1108.0	-0.002917
1110.0	0.000729
1112.0	0.005834
1114.0	0.00632
1116.0	0.010695
1118.0	0.002431
1120.0	0.005104
1122.0	0.010209
1124.0	0.011181
1126.0	0.017744
1128.0	0.013855
1130.0	0.002917
1132.0	0.011424
1134.0	0.024549
1136.0	0.013855
1138.0	-0.002674
1140.0	0.014341
1142.0	0.013125
1144.0	0.002431
1146.0	0.00559
1148.0	0.003889
1150.0	-0.004375
1152.0	0.004618
1154.0	0.004618
1156.0	0.004861
1158.0	0.003646
1160.0	0.010938
1162.0	0.016285
1164.0	0.010209
1166.0	0.013125
1168.0	0.004861
1170.0	0.003403
1172.0	0.018473
1174.0	0.004375
1176.0	0.003646
1178.0	0.00632
1180.0	0.004132
1182.0	0.002431
1184.0	-0.008507
1186.0	0.007292
1188.0	0.019688
1190.0	0.010209
1192.0	0.006563
1194.0	0.011181
1196.0	0.03014
1198.0	0.021633
1200.0	0.030383
1202.0	0.031598
1204.0	0.032327
1206.0	0.023091
1208.0	0.009966
1210.0	0.008993
1212.0	0.007292
1214.0	0.004375
1216.0	0.012396
1218.0	0.013855
1220.0	0.014098
1222.0	0.001458
1224.0	-0.007292
1226.0	0.00632
1228.0	-0.000486
1230.0	0.008993
1232.0	0.013368
1234.0	0.007292
1236.0	0.012639
1238.0	0.013125
1240.0	0.020174
1242.0	0.01507
1244.0	0.017014
1246.0	0.023091
1248.0	0.017257
1250.0	0.007778
1252.0	-0.013855
1254.0	-0.011181
1256.0	-0.000729
1258.0	-0.006077
1260.0	-0.009479
1262.0	-0.02139
1264.0	-0.025036
1266.0	-0.009236
1268.0	-0.004375
1270.0	-0.004861
1272.0	-0.005834
1274.0	0.008021
1276.0	-0.000972
1278.0	-0.00559
1280.0	-0.010452
1282.0	-0.013368
1284.0	-0.008507
1286.0	-0.003646
1288.0	0.004132
1290.0	0.008507
1292.0	-0.002188
1294.0	-0.004375
1296.0	-0.006806
1298.0	-0.013368
1300.0	-0.004132
1302.0	-0.005347
1304.0	-0.008507
1306.0	-0.005347
1308.0	-0.015556
1310.0	-0.015313
1312.0	-0.009966
1314.0	0.002674
1316.0	0.003889
1318.0	-0.00316
1320.0	-0.011424
1322.0	0.001701
1324.0	0.000972
1326.0	-0.006806
1328.0	-0.010695
1330.0	-0.011181
1332.0	-0.004375
1334.0	-0.006806
1336.0	-0.003646
1338.0	-0.013612
1340.0	-0.011667
1342.0	-0.009966
1344.0	-0.017257
1346.0	-0.032814
1348.0	-0.027709
1350.0	-0.032327
1352.0	-0.042536
1354.0	-0.043265
1356.0	-0.025036
1358.0	-0.012882
1360.0	-0.010452
1362.0	0.006806
1364.0	0.001458
1366.0	0.008993
1368.0	0.014098
1370.0	0.011667
1372.0	0.010452
1374.0	0.015313
1376.0	0.009723
1378.0	0.009723
1380.0	-0.008507
1382.0	-0.004861
1384.0	-0.001215
1386.0	-0.007535
1388.0	-0.014341
1390.0	-0.00875
1392.0	-0.010452
1394.0	-0.009236
1396.0	-0.009236
1398.0	0.004861
1400.0	0.006077
1402.0	0.012882
1404.0	0.002431
1406.0	-0.002431
1408.0	-0.00316
1410.0	0.003403
1412.0	-0.011181
1414.0	-0.017501
1416.0	0.001701
1418.0	-0.00316
1420.0	-0.002431
1422.0	-0.00559
1424.0	-0.00316
1426.0	-0.001945
1428.0	-0.008021
1430.0	-0.014827
1432.0	-0.012639
1434.0	-0.011181
1436.0	-0.016771
1438.0	-0.01507
1440.0	-0.022848
1442.0	-0.02698
1444.0	-0.024306
1446.0	-0.024063
1448.0	-0.019688
1450.0	-0.004132
1452.0	-0.004132
1454.0	0.01191
1456.0	0.018959
1458.0	0.012639
1460.0	0.008264
1462.0	0.009236
1464.0	0.008264
1466.0	0.009479
1468.0	0.007292
1470.0	0.005834
1472.0	0.019445
1474.0	0.022362
1476.0	0.017257
1478.0	0.028195
1480.0	0.023334
1482.0	0.027952
1484.0	0.013125
1486.0	-0.001215
1488.0	-0.003646
1490.0	0.004375
1492.0	-0.001215
1494.0	-0.024792
1496.0	-0.02698
1498.0	-0.024063
1500.0	-0.01507
1502.0	-0.010695
1504.0	-0.004861
1506.0	-0.004861
1508.0	-0.014827
1510.0	-0.017987
1512.0	-0.00632
1514.0	-0.006563
1516.0	-0.006806
1518.0	-0.000486
1520.0	0.003403
1522.0	0.006806
1524.0	-0.010695
1526.0	0.004375
1528.0	0.002188
1530.0	-0.002917
1532.0	-0.005347
1534.0	0.005347
1536.0	0.012882
1538.0	0.023334
1540.0	0.023091
1542.0	0.008021
1544.0	0.000243
1546.0	0.009966
1548.0	0.0
1550.0	-0.004618
1552.0	-0.008993
1554.0	-0.019202
1556.0	-0.025036
1558.0	-0.022848
1560.0	-0.019202
1562.0	-0.022119
1564.0	-0.009966
1566.0	-0.010209
1568.0	-0.004375
1570.0	-0.013368
1572.0	-0.013612
1574.0	-0.012882
1576.0	-0.011424
1578.0	-0.008507
1580.0	-0.010938
1582.0	-0.005834
1584.0	-0.015313
1586.0	-0.00316
1588.0	-0.010452
1590.0	-0.005104
1592.0	-0.006806
1594.0	0.00316
1596.0	0.004375
1598.0	0.000486
1600.0	-0.00316
1602.0	0.007535
1604.0	-0.001458
1606.0	0.002188
1608.0	0.003403
1610.0	-0.00632
1612.0	-0.008021
1614.0	-0.008507
1616.0	-0.014098
1618.0	-0.014584
1620.0	-0.007049
1622.0	-0.014827
1624.0	-0.008264
1626.0	-0.014341
1628.0	0.000486
1630.0	-0.008021
1632.0	-0.013855
1634.0	-0.015313
1636.0	-0.022848
1638.0	-0.029654
1640.0	-0.020903
1642.0	-0.011181
1644.0	-0.009236
1646.0	-0.000972
1648.0	-0.004618
1650.0	-0.00875
1652.0	-0.007292
1654.0	0.004618
1656.0	0.006077
1658.0	-0.001945
1660.0	0.000972
1662.0	-0.002431
1664.0	0.016042
1666.0	0.019931
1668.0	0.016285
1670.0	0.018716
1672.0	0.002917
1674.0	-0.004861
1676.0	0.007535
1678.0	0.000729
1680.0	0.008507
1682.0	0.013855
1684.0	0.017014
1686.0	0.013125
1688.0	0.026494
1690.0	0.015556
1692.0	0.012153
1694.0	0.002431
1696.0	0.010938
1698.0	0.018716
1700.0	-0.003646
1702.0	-0.011181
1704.0	-0.011181
1706.0	-0.011424
1708.0	-0.010209
1710.0	-0.003889
1712.0	-0.00632
1714.0	0.0
1716.0	-0.004375
1718.0	0.0
1720.0	-0.000972
1722.0	-0.001701
1724.0	-0.001458
1726.0	0.000729
1728.0	0.008264
1730.0	0.001945
1732.0	0.003403
1734.0	-0.000243
1736.0	0.010695
1738.0	0.018959
1740.0	0.013612
1742.0	0.021147
1744.0	0.026737
1746.0	0.01823
1748.0	0.019202
1750.0	0.013855
1752.0	0.011667
1754.0	0.013368
1756.0	0.017257
1758.0	0.014584
1760.0	0.020417
1762.0	0.023577
1764.0	0.02698
1766.0	0.017987
1768.0	0.019931
1770.0	0.012639
1772.0	0.013368
1774.0	0.01191
1776.0	0.002431
1778.0	-0.009966
1780.0	-0.01191
1782.0	-0.00559
1784.0	-0.00316
1786.0	-0.003889
1788.0	0.006806
1790.0	-0.009236
1792.0	0.000729
1794.0	-0.009236
1796.0	-0.004861
1798.0	0.000729
1800.0	-0.013125
1802.0	-0.00316
1804.0	-0.000486
1806.0	-0.017257
1808.0	-0.02066
1810.0	-0.015799
1812.0	-0.009479
1814.0	-0.01191
1816.0	-0.007292
1818.0	-0.006077
1820.0	0.0
1822.0	0.016285
1824.0	0.009723
1826.0	0.012639
1828.0	0.013368
1830.0	0.019931
1832.0	0.011667
1834.0	0.011181
1836.0	0.013368
1838.0	0.017014
1840.0	0.0
1842.0	-0.002674
1844.0	0.000486
1846.0	0.012639
1848.0	0.015313
1850.0	0.008507
1852.0	0.007049
1854.0	0.005834
1856.0	0.015556
1858.0	0.00316
1860.0	-0.014341
1862.0	-0.008993
1864.0	-0.004861
1866.0	0.000486
1868.0	0.006077
1870.0	0.012396
1872.0	0.015799
1874.0	0.019202
1876.0	0.010695
1878.0	0.0
1880.0	0.000486
1882.0	0.003403
1884.0	-0.008264
1886.0	-0.013855
1888.0	-0.004861
1890.0	-0.004375
1892.0	0.003403
1894.0	0.011424
1896.0	0.008507
1898.0	0.00559
1900.0	-0.002431
1902.0	0.003889
1904.0	-0.001215
1906.0	-0.00559
1908.0	-0.000729
1910.0	0.001215
1912.0	-0.001215
1914.0	-0.001945
1916.0	0.001458
1918.0	0.017744
1920.0	0.004861
1922.0	0.009966
1924.0	-0.011424
1926.0	-0.013612
1928.0	-0.009966
1930.0	-0.011424
1932.0	-0.005104
1934.0	0.0
1936.0	-0.008264
1938.0	0.001945
1940.0	0.000972
1942.0	0.004132
1944.0	0.011424
1946.0	0.005834
1948.0	-0.004132
1950.0	-0.022362
1952.0	-0.010938
1954.0	0.002188
1956.0	0.020903
1958.0	0.01507
1960.0	-0.000972
1962.0	-0.007049
1964.0	-0.006806
1966.0	-0.003403
1968.0	0.000729
1970.0	0.006077
1972.0	0.015799
1974.0	0.007292
1976.0	0.000729
1978.0	-0.002431
1980.0	-0.000972
1982.0	-0.013855
1984.0	0.001215
1986.0	-0.001945
1988.0	-0.002188
1990.0	-0.011667
1992.0	0.006563
1994.0	0.016285
1996.0	0.013855
1998.0	0.00632
2000.0	-0.004861
2002.0	-0.000243
2004.0	0.004861
2006.0	0.002188
2008.0	0.000729
2010.0	-0.001701
2012.0	0.001701
2014.0	-0.000729
2016.0	-0.002188
2018.0	-0.007535
2020.0	-0.014341
2022.0	-0.014341
2024.0	-0.009236
2026.0	-0.005834
2028.0	0.002431
2030.0	-0.002188
2032.0	0.007292
2034.0	0.010695
2036.0	0.013612
2038.0	0.002431
2040.0	-0.008993
2042.0	-0.003646
2044.0	0.002188
2046.0	0.001215
2048.0	-0.009236
2050.0	-0.007292
2052.0	0.00632
2054.0	0.009479
2056.0	0.013855
2058.0	0.014341
2060.0	0.025765
2062.0	0.021633
2064.0	0.010452
2066.0	0.006563
2068.0	-0.004132
2070.0	0.000729
2072.0	0.007778
2074.0	0.017987
2076.0	0.011667
2078.0	0.012396
2080.0	0.020903
2082.0	0.020903
2084.0	0.022605
2086.0	0.006563
2088.0	0.007535
2090.0	0.005347
2092.0	-0.001701
2094.0	0.007535
2096.0	0.016771
2098.0	0.01191
2100.0	0.004861
2102.0	-0.005347
2104.0	-0.00632
2106.0	-0.002188
2108.0	-0.010938
2110.0	-0.012882
2112.0	-0.016285
2114.0	-0.009479
2116.0	-0.008021
2118.0	0.007535
2120.0	0.000243
2122.0	-0.019202
2124.0	-0.02066
2126.0	-0.025765
2128.0	-0.009479
2130.0	-0.012396
2132.0	-0.015313
2134.0	-0.017257
2136.0	-0.012639
2138.0	-0.017987
2140.0	-0.009236
2142.0	-0.004132
2144.0	-0.009236
2146.0	-0.010209
2148.0	-0.006563
2150.0	0.006806
2152.0	0.010209
2154.0	0.007049
2156.0	-0.000972
2158.0	0.009236
2160.0	0.003646
2162.0	-0.000243
2164.0	0.00316
2166.0	0.002188
2168.0	-0.006806
2170.0	0.001701
2172.0	0.007292
2174.0	0.000729
2176.0	0.001215
2178.0	0.005834
2180.0	0.000972
2182.0	0.005104
2184.0	0.002917
2186.0	0.002917
2188.0	0.000243
2190.0	-0.00632
2192.0	-0.005104
2194.0	-0.006806
2196.0	-0.007049
2198.0	-0.008993
2200.0	-0.018473
2202.0	-0.01507
2204.0	-0.008993
2206.0	-0.016285
2208.0	-0.013855
2210.0	-0.016042
2212.0	-0.013125
2214.0	-0.002674
2216.0	-0.006077
2218.0	0.001215
2220.0	0.006563
2222.0	0.001215
2224.0	0.006077
2226.0	0.005104
2228.0	0.00316
2230.0	0.0
2232.0	0.011181
2234.0	0.009966
2236.0	0.002188
2238.0	0.002674
2240.0	0.001458
2242.0	0.012153
2244.0	-0.009479
2246.0	-0.006806
2248.0	-0.002917
2250.0	0.000486
2252.0	0.003646
2254.0	-0.001458
2256.0	-0.000972
2258.0	-0.003403
2260.0	0.002431
2262.0	-0.002188
2264.0	0.005104
2266.0	-0.005834
2268.0	0.011181
2270.0	0.003889
2272.0	-0.007778
2274.0	-0.014584
2276.0	-0.005104
2278.0	-0.007778
2280.0	-0.006077
2282.0	-0.007535
2284.0	-0.017014
2286.0	-0.017501
2288.0	-0.036703
2290.0	-0.041078
2292.0	-0.032084
2294.0	-0.020417
2296.0	-0.030626
2298.0	-0.02066
2300.0	-0.006806
2302.0	0.009723
2304.0	-0.001215
2306.0	-0.016285
2308.0	-0.012882
2310.0	-0.003403
2312.0	-0.001458
2314.0	-0.006806
2316.0	-0.003646
2318.0	0.001215
2320.0	0.000972
2322.0	-0.001945
2324.0	-0.006077
2326.0	-0.007049
2328.0	0.000729
2330.0	0.002917
2332.0	-0.00632
2334.0	-0.000486
2336.0	0.021633
2338.0	0.013855
2340.0	0.01191
2342.0	0.01507
2344.0	0.015799
2346.0	-0.00316
2348.0	0.003889
2350.0	0.003889
2352.0	-0.006077
2354.0	-0.007049
2356.0	-0.00632
2358.0	-0.008507
2360.0	-0.001701
2362.0	0.002917
2364.0	0.015313
2366.0	0.011424
2368.0	0.008507
2370.0	0.009723
2372.0	0.005347
2374.0	0.015313
2376.0	0.00875
2378.0	0.012639
2380.0	0.013125
2382.0	0.009966
2384.0	0.012639
2386.0	0.010695
2388.0	0.002431
2390.0	0.009723
2392.0	0.015799
2394.0	-0.010209
2396.0	-0.014584
2398.0	-0.018716
2400.0	-0.016285
2402.0	-0.040349
2404.0	-0.046182
2406.0	-0.047397
2408.0	-0.043022
2410.0	-0.039619
2412.0	-0.031112
2414.0	-0.035244
2416.0	-0.029168
2418.0	-0.026737
2420.0	-0.010452
2422.0	0.005834
2424.0	0.012396
2426.0	0.024306
2428.0	0.01507
2430.0	0.020417
2432.0	0.022362
2434.0	0.010695
2436.0	0.005347
2438.0	0.006563
2440.0	0.000243
2442.0	-0.007778
2444.0	-0.004618
2446.0	0.003646
2448.0	0.000972
2450.0	0.010209
2452.0	0.013612
2454.0	0.020417
2456.0	0.006806
2458.0	-0.001458
2460.0	-0.008507
2462.0	-0.008021
2464.0	-0.004375
2466.0	-0.004861
2468.0	0.000243
2470.0	0.007049
2472.0	-0.000243
2474.0	0.002188
2476.0	-0.004375
2478.0	-0.00632
2480.0	-0.002674
2482.0	-0.000972
2484.0	0.01191
2486.0	0.012153
2488.0	0.005834
2490.0	0.000243
2492.0	0.002188
2494.0	-0.006806
2496.0	-0.009966
2498.0	-0.014827
2500.0	-0.018716
2502.0	-0.006077
2504.0	-0.000972
2506.0	-0.00875
2508.0	0.009236
2510.0	0.001458
2512.0	-0.00559
2514.0	0.002431
2516.0	-0.001945
2518.0	0.001215
2520.0	-0.005834
2522.0	0.001458
2524.0	0.007292
2526.0	0.006077
2528.0	-0.003646
2530.0	-0.005347
2532.0	-0.005834
2534.0	-0.014098
2536.0	-0.004375
2538.0	-0.004618
2540.0	-0.002431
2542.0	0.000972
2544.0	-0.005104
2546.0	0.007535
2548.0	0.00632
2550.0	0.004375
2552.0	0.012396
2554.0	0.00316
2556.0	0.009479
2558.0	0.015799
2560.0	0.015313
2562.0	0.002917
2564.0	0.007049
2566.0	0.01191
2568.0	0.01823
2570.0	0.011181
2572.0	0.007778
2574.0	0.012639
2576.0	0.021147
2578.0	0.004132
2580.0	-0.000729
2582.0	0.002188
2584.0	0.001701
2586.0	-0.00875
2588.0	0.010209
2590.0	0.012882
2592.0	0.01507
2594.0	0.004861
2596.0	0.010452
2598.0	0.001215
2600.0	-0.002431
2602.0	0.003403
2604.0	0.004618
2606.0	0.003646
2608.0	0.002917
2610.0	-0.000486
2612.0	-0.011667
2614.0	-0.010452
2616.0	-0.003889
2618.0	0.001215
2620.0	0.020417
2622.0	0.017014
2624.0	0.008993
2626.0	-0.003403
2628.0	0.001945
2630.0	-0.008021
2632.0	-0.009966
2634.0	-0.003646
2636.0	0.00316
2638.0	0.005104
2640.0	-0.001701
2642.0	0.00559
2644.0	-0.007292
2646.0	-0.011181
2648.0	-0.008993
2650.0	-0.010938
2652.0	-0.018716
2654.0	-0.003646
2656.0	0.007778
2658.0	0.001701
2660.0	-0.00632
2662.0	0.001945
2664.0	-0.002674
2666.0	-0.002674
2668.0	0.014341
2670.0	0.013855
2672.0	0.00632
2674.0	0.021633
2676.0	0.028925
2678.0	0.017744
2680.0	0.020903
2682.0	0.013612
2684.0	0.007049
2686.0	0.010938
2688.0	0.010938
2690.0	0.003889
2692.0	0.010695
2694.0	0.001945
2696.0	0.002674
2698.0	0.000972
2700.0	-0.000243
2702.0	-0.001458
2704.0	-0.000243
2706.0	0.011181
2708.0	0.017744
2710.0	0.009966
2712.0	0.004132
2714.0	-0.006563
2716.0	0.001701
2718.0	-0.004375
2720.0	-0.001458
2722.0	-0.009236
2724.0	-0.012153
2726.0	-0.02066
2728.0	-0.026251
2730.0	-0.006806
2732.0	-0.004375
2734.0	-0.00875
2736.0	-0.003889
2738.0	0.007535
2740.0	0.012396
2742.0	0.012639
2744.0	-0.003889
2746.0	-0.007049
2748.0	-0.000243
2750.0	-0.00316
2752.0	-0.008507
2754.0	-0.007049
2756.0	-0.006806
2758.0	-0.009723
2760.0	-0.011424
2762.0	-0.012639
2764.0	-0.001215
2766.0	-0.001945
2768.0	0.030626
2770.0	0.024792
2772.0	0.034515
2774.0	0.029168
2776.0	0.02382
2778.0	0.012882
2780.0	0.012396
2782.0	0.00632
2784.0	0.008507
2786.0	0.013612
2788.0	0.016771
2790.0	0.016285
2792.0	0.011424
2794.0	0.008264
2796.0	0.023091
2798.0	0.013612
2800.0	-0.006077
2802.0	-0.002674
2804.0	-0.004132
2806.0	0.002431
2808.0	0.004375
2810.0	0.008993
2812.0	0.008993
2814.0	0.007535
2816.0	0.012153
2818.0	0.022362
2820.0	0.017257
2822.0	0.014827
2824.0	0.011424
2826.0	0.00875
2828.0	0.011181
2830.0	0.018959
2832.0	0.013368
2834.0	0.012396
2836.0	0.018959
2838.0	0.010938
2840.0	0.013368
2842.0	0.013612
2844.0	0.017014
2846.0	0.006563
2848.0	-0.002917
2850.0	0.000729
2852.0	0.000243
2854.0	0.003889
2856.0	0.011424
2858.0	0.007292
2860.0	0.006563
2862.0	0.012396
2864.0	0.010938
2866.0	0.013125
2868.0	0.000729
2870.0	0.001701
2872.0	0.011667
2874.0	0.017257
2876.0	0.013368
2878.0	0.022362
2880.0	0.005104
2882.0	0.00632
2884.0	0.003403
2886.0	-0.002917
2888.0	0.017744
2890.0	0.009236
2892.0	0.004132
2894.0	-0.002917
2896.0	0.000972
2898.0	0.005834
2900.0	0.015313
2902.0	0.00559
2904.0	-0.006806
2906.0	0.008264
2908.0	0.016042
2910.0	0.017014
2912.0	0.007778
2914.0	0.012396
2916.0	0.000729
2918.0	-0.000486
2920.0	-0.004132
2922.0	-0.003646
2924.0	-0.002674
2926.0	-0.008993
2928.0	-0.00632
2930.0	-0.000729
2932.0	0.005347
2934.0	0.003646
2936.0	0.005347
2938.0	0.012396
2940.0	0.019445
2942.0	0.014827
2944.0	0.027709
2946.0	0.013368
2948.0	0.008507
2950.0	0.007778
2952.0	0.012396
2954.0	0.018473
2956.0	0.010209
2958.0	0.010695
2960.0	0.005347
2962.0	-0.003646
2964.0	-0.003403
2966.0	-0.00875
2968.0	-0.000729
2970.0	0.004132
2972.0	0.002674
2974.0	-0.002674
2976.0	-0.000486
2978.0	0.005104
2980.0	0.005104
2982.0	0.009966
2984.0	0.007778
2986.0	0.028438
2988.0	0.01507
2990.0	0.016528
2992.0	0.024549
2994.0	-0.008264
2996.0	-0.003646
2998.0	0.008993
3000.0	0.010452
3002.0	0.011667
3004.0	0.002188
3006.0	0.019688
3008.0	-0.000972
3010.0	0.005834
3012.0	0.001701
3014.0	0.016771
3016.0	0.013125
3018.0	0.018473
3020.0	0.00875
3022.0	-0.003403
3024.0	0.00632
3026.0	0.003403
3028.0	-0.010209
3030.0	-0.012882
3032.0	0.001215
3034.0	0.001215
3036.0	-0.005834
3038.0	-0.009236
3040.0	-0.029897
3042.0	-0.028438
3044.0	-0.025036
3046.0	-0.023577
3048.0	-0.014584
3050.0	-0.010938
3052.0	0.008021
3054.0	-0.001945
3056.0	0.000486
3058.0	-0.013612
3060.0	-0.023577
3062.0	-0.014098
3064.0	-0.015799
3066.0	-0.00875
3068.0	-0.013368
3070.0	-0.024549
3072.0	-0.034758
3074.0	-0.02698
3076.0	-0.02698
3078.0	-0.031598
3080.0	-0.021876
3082.0	-0.011181
3084.0	-0.01823
3086.0	-0.004132
3088.0	-0.00316
3090.0	-0.007535
3092.0	-0.015799
3094.0	-0.025036
3096.0	-0.035001
3098.0	-0.031598
3100.0	-0.03257
3102.0	-0.031112
3104.0	-0.017744
3106.0	-0.006563
3108.0	0.003403
3110.0	0.007292
3112.0	0.002674
3114.0	-0.005104
3116.0	-0.014584
3118.0	-0.000729
3120.0	0.012153
3122.0	0.005834
3124.0	0.012153
3126.0	0.024549
3128.0	0.010452
3130.0	0.009723
3132.0	-0.008993
3134.0	0.001458
3136.0	0.003889
3138.0	-0.004132
3140.0	-0.001458
3142.0	0.009723
3144.0	0.008021
3146.0	0.007778
3148.0	0.014584
3150.0	0.001458
3152.0	-0.002674
3154.0	-0.004375
3156.0	0.012882
3158.0	0.01507
3160.0	0.00875
3162.0	0.001215
3164.0	-0.002188
3166.0	-0.006077
3168.0	0.005834
3170.0	0.020903
3172.0	0.006077
3174.0	0.013855
3176.0	0.008993
3178.0	0.008264
3180.0	-0.005104
3182.0	-0.004132
3184.0	0.00632
3186.0	0.004861
3188.0	0.004132
3190.0	-0.000486
3192.0	-0.003403
3194.0	-0.013125
3196.0	-0.010209
3198.0	-0.011424
3200.0	-0.000729
3202.0	-0.012882
3204.0	-0.012882
3206.0	-0.009723
3208.0	0.003889
3210.0	-0.001701
3212.0	-0.010452
3214.0	-0.012882
3216.0	0.000972
3218.0	-0.010452
3220.0	-0.009723
3222.0	0.005347
3224.0	0.002917
3226.0	-0.00632
3228.0	-0.009966
3230.0	-0.003889
3232.0	-0.007049
3234.0	-0.009723
3236.0	0.013855
3238.0	0.010209
3240.0	-0.002188
3242.0	-0.013368
3244.0	-0.001458
3246.0	-0.007778
3248.0	-0.008993
3250.0	-0.009966
3252.0	-0.010452
3254.0	-0.012639
3256.0	0.000729
3258.0	-0.00875
3260.0	-0.013612
3262.0	-0.014827
3264.0	-0.018959
3266.0	-0.004132
3268.0	-0.007292
3270.0	-0.01507
3272.0	-0.015313
3274.0	-0.018716
3276.0	-0.019445
3278.0	-0.022848
3280.0	-0.009966
3282.0	-0.00559
3284.0	-0.001458
3286.0	-0.00559
3288.0	-0.010452
3290.0	-0.003403
3292.0	-0.006563
3294.0	-0.007292
3296.0	-0.003403
3298.0	0.002674
3300.0	0.006077
3302.0	-0.002674
3304.0	-0.005834
3306.0	-0.002917
3308.0	-0.005104
3310.0	-0.00316
3312.0	-0.008993
3314.0	-0.004618
3316.0	0.004618
3318.0	0.01191
3320.0	0.008021
3322.0	0.006077
3324.0	0.015556
3326.0	0.023091
3328.0	0.023577
3330.0	0.019445
3332.0	0.014341
3334.0	0.014584
3336.0	0.014584
3338.0	0.013125
3340.0	0.01507

&

2.0	0.000243
4.0	0.001458
6.0	0.002431
8.0	0.001701
10.0	-0.004618
12.0	-0.005834
14.0	-0.025036
16.0	-0.035973
18.0	-0.031112
20.0	-0.022605
22.0	-0.01507
24.0	-0.018959
26.0	-0.022605
28.0	-0.024549
30.0	-0.008993
32.0	-0.00316
34.0	0.000972
36.0	0.008507
38.0	-0.007535
40.0	-0.008264
42.0	-0.016771
44.0	-0.012639
46.0	-0.018959
48.0	-0.011424
50.0	-0.010938
52.0	-0.004375
54.0	-0.007292
56.0	-0.010452
58.0	0.00875
60.0	0.010938
62.0	0.003403
64.0	0.000972
66.0	0.001945
68.0	0.001945
70.0	0.019688
72.0	0.003403
74.0	0.002188
76.0	0.005347
78.0	0.006563
80.0	0.017501
82.0	0.002188
84.0	0.002917
86.0	0.000972
88.0	-0.010209
90.0	-0.014827
92.0	-0.012639
94.0	-0.013368
96.0	-0.024792
98.0	-0.020417
100.0	-0.014584
102.0	0.005347
104.0	0.010695
106.0	0.007049
108.0	0.015799
110.0	-0.00875
112.0	-0.02139
114.0	-0.017501
116.0	-0.011181
118.0	-0.002188
120.0	-0.002188
122.0	-0.008507
124.0	-0.005347
126.0	-0.005834
128.0	0.000972
130.0	0.001458
132.0	-0.007049
134.0	0.006077
136.0	0.001945
138.0	0.001701
140.0	-0.000243
142.0	-0.020417
144.0	-0.021633
146.0	-0.007535
148.0	-0.005347
150.0	-0.006806
152.0	-0.017501
154.0	-0.009479
156.0	0.000972
158.0	0.00632
160.0	0.007049
162.0	0.002431
164.0	-0.008264
166.0	-0.01191
168.0	-0.006563
170.0	-0.012153
172.0	-0.016771
174.0	-0.014827
176.0	-0.007778
178.0	-0.001458
180.0	-0.00316
182.0	-0.000243
184.0	0.0
186.0	0.012153
188.0	-0.002917
190.0	0.010938
192.0	-0.000729
194.0	-0.007049
196.0	-0.014341
198.0	-0.031841
200.0	-0.022119
202.0	-0.01507
204.0	-0.019931
206.0	-0.017257
208.0	-0.019931
210.0	-0.013855
212.0	-0.002917
214.0	0.002917
216.0	-0.000972
218.0	-0.007778
220.0	-0.015799
222.0	-0.017987
224.0	-0.013855
226.0	-0.008021
228.0	-0.010452
230.0	-0.001701
232.0	0.000972
234.0	0.004132
236.0	0.00316
238.0	-0.010695
240.0	-0.017014
242.0	-0.015799
244.0	-0.011181
246.0	-0.001458
248.0	-0.009479
250.0	-0.018716
252.0	-0.021876
254.0	-0.019688
256.0	-0.017744
258.0	-0.017014
260.0	-0.010938
262.0	-0.012396
264.0	-0.000486
266.0	0.006806
268.0	0.001945
270.0	-0.012882
272.0	-0.011181
274.0	-0.027709
276.0	-0.021633
278.0	-0.022848
280.0	-0.021147
282.0	-0.025765
284.0	-0.020903
286.0	-0.016528
288.0	0.002431
290.0	0.001458
292.0	0.004375
294.0	0.005347
296.0	-0.007778
298.0	0.004861
300.0	-0.000243
302.0	-0.001215
304.0	0.010209
306.0	0.009723
308.0	0.000243
310.0	0.000486
312.0	-0.000243
314.0	-0.006077
316.0	-0.016771
318.0	-0.014098
320.0	-0.002674
322.0	-0.012882
324.0	-0.009966
326.0	-0.006563
328.0	-0.011424
330.0	0.002188
332.0	0.018959
334.0	0.010695
336.0	0.008993
338.0	0.014098
340.0	0.010209
342.0	0.008993
344.0	0.008993
346.0	0.012153
348.0	-0.010938
350.0	0.002431
352.0	0.012396
354.0	0.001458
356.0	0.00559
358.0	0.004618
360.0	0.019688
362.0	0.011181
364.0	0.013855
366.0	0.007049
368.0	-0.000243
370.0	0.00632
372.0	0.022119
374.0	0.023334
376.0	0.014098
378.0	-0.002674
380.0	0.001458
382.0	-0.001458
384.0	-0.011424
386.0	-0.020174
388.0	-0.028438
390.0	-0.025036
392.0	-0.026494
394.0	-0.00559
396.0	-0.012639
398.0	-0.004618
400.0	-0.004618
402.0	-0.008021
404.0	-0.008264
406.0	-0.005834
408.0	-0.012882
410.0	-0.000486
412.0	0.005347
414.0	0.003889
416.0	-0.004132
418.0	-0.007778
420.0	-0.005834
422.0	0.005347
424.0	0.005834
426.0	-0.00316
428.0	-0.004375
430.0	-0.009479
432.0	-0.018716
434.0	-0.018716
436.0	-0.027709
438.0	-0.018959
440.0	-0.026737
442.0	-0.016042
444.0	-0.011181
446.0	-0.006077
448.0	-0.010938
450.0	-0.010209
452.0	-0.005834
454.0	-0.00316
456.0	0.000729
458.0	-0.012153
460.0	0.0
462.0	-0.01507
464.0	0.002431
466.0	0.008021
468.0	0.0
470.0	0.002431
472.0	0.00632
474.0	0.002917
476.0	-0.003403
478.0	-0.002188
480.0	-0.009236
482.0	0.007535
484.0	0.000729
486.0	0.007778
488.0	-0.002917
490.0	-0.001701
492.0	-0.00316
494.0	-0.010695
496.0	-0.017501
498.0	-0.001215
500.0	-0.009966
502.0	-0.000243
504.0	-0.000243
506.0	-0.004132
508.0	-0.013612
510.0	-0.00632
512.0	0.009723
514.0	0.012882
516.0	0.023091
518.0	0.02139
520.0	0.020174
522.0	0.02139
524.0	0.009236
526.0	0.002188
528.0	-0.006077
530.0	-0.009723
532.0	-0.009236
534.0	-0.004618
536.0	-0.012153
538.0	-0.013368
540.0	-0.028681
542.0	-0.014827
544.0	0.000972
546.0	0.002917
548.0	0.000729
550.0	0.002188
552.0	0.014098
554.0	0.00632
556.0	0.004375
558.0	0.002431
560.0	-0.004132
562.0	0.008507
564.0	0.009479
566.0	0.010695
568.0	0.004132
570.0	0.002917
572.0	0.001215
574.0	0.007778
576.0	0.000972
578.0	0.0
580.0	0.0
582.0	-0.002917
584.0	0.008021
586.0	0.00559
588.0	0.010209
590.0	-0.001458
592.0	-0.001945
594.0	-0.009236
596.0	-0.014341
598.0	-0.008993
600.0	-0.024549
602.0	-0.020903
604.0	-0.020417
606.0	-0.017987
608.0	-0.012882
610.0	-0.021633
612.0	-0.011424
614.0	-0.021147
616.0	-0.026008
618.0	-0.020174
620.0	-0.025279
622.0	-0.027223
624.0	-0.017014
626.0	-0.012882
628.0	-0.003403
630.0	-0.003646
632.0	0.005834
634.0	0.003646
636.0	-0.006563
638.0	-0.007778
640.0	-0.001458
642.0	0.000729
644.0	0.004618
646.0	0.014098
648.0	-0.006806
650.0	-0.013368
652.0	-0.007778
654.0	0.006077
656.0	-0.000729
658.0	-0.006077
660.0	0.008021
662.0	0.002431
664.0	0.012639
666.0	0.023577
668.0	0.014584
670.0	-0.000729
672.0	-0.008264
674.0	-0.002674
676.0	-0.002674
678.0	-0.003646
680.0	0.009236
682.0	-0.00559
684.0	-0.001701
686.0	-0.008507
688.0	-0.01191
690.0	-0.009723
692.0	-0.005347
694.0	-0.004375
696.0	-0.000486
698.0	0.013855
700.0	0.024306
702.0	0.019931
704.0	0.016771
706.0	0.032327
708.0	0.01823
710.0	0.018473
712.0	0.017257
714.0	0.017257
716.0	0.018473
718.0	0.016771
720.0	0.024549
722.0	0.021633
724.0	0.016528
726.0	-0.00632
728.0	-0.002917
730.0	-0.000729
732.0	-0.004375
734.0	-0.007292
736.0	-0.008507
738.0	-0.008021
740.0	0.003646
742.0	0.004861
744.0	0.002917
746.0	-0.002674
748.0	-0.003403
750.0	-0.008264
752.0	0.006806
754.0	-0.001945
756.0	-0.01823
758.0	-0.009479
760.0	-0.002917
762.0	0.008507
764.0	0.025279
766.0	0.017744
768.0	0.01191
770.0	0.008021
772.0	0.010452
774.0	-0.002188
776.0	-0.005834
778.0	-0.001701
780.0	-0.001215
782.0	0.001458
784.0	0.014098
786.0	0.01507
788.0	0.017257
790.0	0.014341
792.0	0.010209
794.0	0.018473
796.0	0.01823
798.0	0.016771
800.0	0.001701
802.0	0.006077
804.0	0.000729
806.0	0.010209
808.0	0.02066
810.0	0.003403
812.0	0.012153
814.0	-0.004132
816.0	0.002188
818.0	0.003889
820.0	0.006563
822.0	0.002431
824.0	-0.001458
826.0	0.003403
828.0	0.016285
830.0	0.016771
832.0	0.017501
834.0	0.021147
836.0	0.014827
838.0	0.021876
840.0	0.028681
842.0	0.023334
844.0	0.034758
846.0	0.024792
848.0	0.013368
850.0	0.010938
852.0	0.011424
854.0	0.015313
856.0	0.022605
858.0	0.021876
860.0	0.025036
862.0	0.011181
864.0	0.003889
866.0	-0.001215
868.0	-0.007778
870.0	-0.010209
872.0	-0.006077
874.0	-0.010938
876.0	-0.017014
878.0	-0.014098
880.0	-0.026008
882.0	-0.025765
884.0	-0.008507
886.0	-0.004375
888.0	0.002188
890.0	0.004375
892.0	0.01191
894.0	0.018959
896.0	0.012882
898.0	0.006077
900.0	0.009966
902.0	0.031355
904.0	0.036459
906.0	0.03889
908.0	0.021633
910.0	0.002431
912.0	-0.001701
914.0	0.001458
916.0	0.006077
918.0	-0.004618
920.0	-0.010452
922.0	-0.01507
924.0	-0.017501
926.0	-0.007292
928.0	0.004375
930.0	-0.004132
932.0	0.000729
934.0	0.007535
936.0	0.003646
938.0	0.010938
940.0	-0.004375
942.0	-0.011667
944.0	-0.02066
946.0	-0.028195
948.0	-0.020174
950.0	-0.018959
952.0	-0.026008
954.0	-0.030383
956.0	-0.032084
958.0	-0.025036
960.0	-0.022605
962.0	-0.028681
964.0	-0.014584
966.0	-0.004618
968.0	-0.010695
970.0	-0.001945
972.0	0.009723
974.0	-0.010452
976.0	-0.006077
978.0	-0.008264
980.0	-0.001458
982.0	-0.011424
984.0	0.000486
986.0	0.00559
988.0	0.001701
990.0	0.018473
992.0	0.013368
994.0	0.003646
996.0	0.00632
998.0	0.009966
1000.0	0.001945
1002.0	-0.00632
1004.0	-0.008264
1006.0	-0.013368
1008.0	0.006806
1010.0	0.004618
1012.0	0.014098
1014.0	0.024063
1016.0	0.015799
1018.0	0.014827
1020.0	0.008264
1022.0	0.006806
1024.0	0.010209
1026.0	0.012153
1028.0	0.013612
1030.0	0.024549
1032.0	0.000729
1034.0	0.004861
1036.0	0.004132
1038.0	0.010938
1040.0	0.023577
1042.0	0.005347
1044.0	0.004132
1046.0	-0.004132
1048.0	0.001215
1050.0	0.001458
1052.0	-0.008993
1054.0	-0.014584
1056.0	0.0
1058.0	-0.006563
1060.0	-0.002188
1062.0	-0.002917
1064.0	-0.005104
1066.0	0.002674
1068.0	0.010452
1070.0	0.006563
1072.0	0.001215
1074.0	0.012153
1076.0	0.004132
1078.0	0.00559
1080.0	0.003889
1082.0	0.007049
1084.0	-0.00316
1086.0	-0.004861
1088.0	0.005104
1090.0	0.002188
1092.0	0.009479
1094.0	0.007049
1096.0	-0.005104
1098.0	0.008507
1100.0	0.012639
1102.0	0.013368
1104.0	0.000972
1106.0	0.008264
1108.0	0.011181
1110.0	0.008507
1112.0	0.015313
1114.0	0.016285
1116.0	0.011181
1118.0	0.009723
1120.0	0.007778
1122.0	0.009723
1124.0	0.01823
1126.0	0.017501
1128.0	0.01823
1130.0	0.007292
1132.0	0.006563
1134.0	0.001215
1136.0	0.007535
1138.0	0.000972
1140.0	-0.000972
1142.0	0.007535
1144.0	0.007292
1146.0	-0.00875
1148.0	0.003646
1150.0	-0.008264
1152.0	-0.00632
1154.0	-0.012882
1156.0	-0.015556
1158.0	-0.006077
1160.0	-0.019202
1162.0	-0.002917
1164.0	-0.010209
1166.0	-0.009723
1168.0	-0.02698
1170.0	-0.021147
1172.0	-0.017987
1174.0	-0.011424
1176.0	-0.016285
1178.0	-0.01191
1180.0	-0.014827
1182.0	-0.023334
1184.0	-0.039862
1186.0	-0.026008
1188.0	-0.028925
1190.0	-0.017501
1192.0	-0.021633
1194.0	-0.024306
1196.0	-0.021633
1198.0	-0.010695
1200.0	-0.014584
1202.0	-0.012882
1204.0	-0.006563
1206.0	0.000729
1208.0	0.010209
1210.0	0.02382
1212.0	0.011424
1214.0	0.011181
1216.0	0.009723
1218.0	0.000729
1220.0	-0.000972
1222.0	-0.002431
1224.0	0.003889
1226.0	0.001215
1228.0	-0.003889
1230.0	0.005834
1232.0	-0.004375
1234.0	-0.004861
1236.0	0.003646
1238.0	-0.016528
1240.0	-0.017987
1242.0	-0.003646
1244.0	-0.005104
1246.0	-0.006077
1248.0	-0.000729
1250.0	-0.009966
1252.0	-0.019688
1254.0	-0.027223
1256.0	-0.02382
1258.0	-0.004375
1260.0	-0.014098
1262.0	-0.009479
1264.0	-0.000729
1266.0	0.005834
1268.0	-0.003403
1270.0	-0.001458
1272.0	-0.004861
1274.0	-0.017744
1276.0	-0.016285
1278.0	-0.012396
1280.0	-0.001215
1282.0	-0.00559
1284.0	-0.006806
1286.0	-0.009723
1288.0	-0.010695
1290.0	-0.007049
1292.0	0.015556
1294.0	0.007049
1296.0	0.005834
1298.0	0.013612
1300.0	0.027223
1302.0	0.029897
1304.0	-0.000729
1306.0	-0.004861
1308.0	-0.001701
1310.0	0.000972
1312.0	0.007292
1314.0	0.015556
1316.0	-0.000243
1318.0	0.009723
1320.0	0.003889
1322.0	0.027709
1324.0	0.022119
1326.0	0.028438
1328.0	0.02698
1330.0	0.01823
1332.0	0.009966
1334.0	0.004375
1336.0	0.005834
1338.0	-0.010452
1340.0	-0.013125
1342.0	-0.020417
1344.0	-0.012639
1346.0	-0.014341
1348.0	-0.007049
1350.0	-0.00316
1352.0	0.007049
1354.0	0.005104
1356.0	-0.002431
1358.0	-0.008021
1360.0	-0.017987
1362.0	-0.028925
1364.0	-0.01507
1366.0	-0.006077
1368.0	-0.004132
1370.0	-0.007049
1372.0	-0.012396
1374.0	-0.014827
1376.0	-0.014827
1378.0	-0.000972
1380.0	-0.008021
1382.0	0.00316
1384.0	0.006077
1386.0	0.010209
1388.0	0.008264
1390.0	-0.000972
1392.0	0.010209
1394.0	-0.000729
1396.0	-0.008021
1398.0	-0.008507
1400.0	-0.02139
1402.0	-0.017987
1404.0	-0.010938
1406.0	-0.020417
1408.0	-0.020903
1410.0	-0.029654
1412.0	-0.018473
1414.0	-0.005104
1416.0	-0.003403
1418.0	-0.007292
1420.0	-0.004375
1422.0	-0.004861
1424.0	-0.005834
1426.0	0.003889
1428.0	-0.006077
1430.0	0.008507
1432.0	0.005347
1434.0	0.009236
1436.0	0.009723
1438.0	0.005104
1440.0	0.003403
1442.0	0.002431
1444.0	0.012396
1446.0	0.00559
1448.0	-0.010209
1450.0	-0.003889
1452.0	0.0
1454.0	-0.001945
1456.0	0.001945
1458.0	-0.001215
1460.0	-0.003889
1462.0	-0.002431
1464.0	-0.000243
1466.0	0.00559
1468.0	-0.001945
1470.0	0.00632
1472.0	-0.007535
1474.0	0.0
1476.0	0.010452
1478.0	0.002188
1480.0	0.004132
1482.0	0.001945
1484.0	-0.002188
1486.0	-0.002431
1488.0	-0.004861
1490.0	-0.001458
1492.0	0.004618
1494.0	0.001945
1496.0	0.005834
1498.0	-0.004618
1500.0	0.003646
1502.0	0.011424
1504.0	0.008993
1506.0	0.006563
1508.0	0.002188
1510.0	0.000243
1512.0	0.001215
1514.0	0.010452
1516.0	0.009236
1518.0	0.000486
1520.0	0.004618
1522.0	0.013855
1524.0	0.02066
1526.0	0.009966
1528.0	0.007535
1530.0	-0.004375
1532.0	-0.00559
1534.0	0.002188
1536.0	0.009236
1538.0	0.002917
1540.0	0.005347
1542.0	-0.009966
1544.0	0.00875
1546.0	0.027223
1548.0	0.028681
1550.0	0.025765
1552.0	0.022119
1554.0	0.020174
1556.0	0.008264
1558.0	-0.000243
1560.0	0.001945
1562.0	0.005347
1564.0	-0.003646
1566.0	-0.008507
1568.0	-0.005104
1570.0	-0.012153
1572.0	0.001701
1574.0	0.008993
1576.0	0.006563
1578.0	-0.007049
1580.0	-0.006806
1582.0	-0.014098
1584.0	-0.001701
1586.0	-0.004618
1588.0	-0.003403
1590.0	-0.014584
1592.0	-0.012639
1594.0	-0.017987
1596.0	-0.015799
1598.0	-0.010695
1600.0	-0.012639
1602.0	-0.007535
1604.0	-0.00875
1606.0	-0.00632
1608.0	-0.004375
1610.0	-0.014827
1612.0	-0.004132
1614.0	0.00632
1616.0	0.001215
1618.0	-0.005834
1620.0	0.005347
1622.0	-0.00559
1624.0	-0.007778
1626.0	-0.012396
1628.0	-0.002188
1630.0	-0.011667
1632.0	-0.000729
1634.0	0.003403
1636.0	-0.00316
1638.0	-0.015313
1640.0	-0.012639
1642.0	-0.009236
1644.0	-0.015556
1646.0	-0.012153
1648.0	-0.022119
1650.0	-0.011424
1652.0	-0.014098
1654.0	-0.021876
1656.0	-0.021147
1658.0	-0.027952
1660.0	-0.010938
1662.0	-0.007049
1664.0	0.001701
1666.0	-0.004861
1668.0	-0.007535
1670.0	-0.008993
1672.0	-0.016042
1674.0	-0.002431
1676.0	-0.005347
1678.0	0.001701
1680.0	-0.002188
1682.0	-0.001945
1684.0	-0.016528
1686.0	-0.02139
1688.0	-0.024306
1690.0	-0.026737
1692.0	-0.012882
1694.0	-0.018716
1696.0	-0.038161
1698.0	-0.037675
1700.0	-0.023091
1702.0	-0.018473
1704.0	-0.017501
1706.0	-0.012882
1708.0	-0.005834
1710.0	-0.007292
1712.0	-0.005347
1714.0	0.008021
1716.0	0.008507
1718.0	0.011181
1720.0	-0.004618
1722.0	-0.006077
1724.0	-0.003646
1726.0	0.002431
1728.0	0.000729
1730.0	-0.004861
1732.0	-0.012396
1734.0	0.001215
1736.0	0.018473
1738.0	0.019688
1740.0	0.013125
1742.0	0.017501
1744.0	0.013368
1746.0	0.008993
1748.0	-0.000729
1750.0	-0.002917
1752.0	0.000243
1754.0	0.008021
1756.0	0.003646
1758.0	0.003646
1760.0	-0.007049
1762.0	-0.009723
1764.0	-0.002674
1766.0	-0.017014
1768.0	-0.008264
1770.0	-0.001945
1772.0	0.001215
1774.0	0.001215
1776.0	0.017987
1778.0	0.01507
1780.0	0.014341
1782.0	0.008021
1784.0	0.00316
1786.0	0.01507
1788.0	-0.003403
1790.0	-0.003889
1792.0	-0.00632
1794.0	-0.013125
1796.0	-0.005104
1798.0	-0.014098
1800.0	-0.014098
1802.0	-0.019688
1804.0	-0.014341
1806.0	-0.009236
1808.0	-0.028681
1810.0	-0.027223
1812.0	-0.004375
1814.0	0.008993
1816.0	0.006077
1818.0	0.011667
1820.0	0.028195
1822.0	0.024549
1824.0	0.014584
1826.0	0.011424
1828.0	0.014827
1830.0	0.012153
1832.0	0.009723
1834.0	0.002431
1836.0	-0.009236
1838.0	-0.011181
1840.0	-0.020417
1842.0	-0.02698
1844.0	-0.008021
1846.0	-0.014584
1848.0	-0.016042
1850.0	-0.010209
1852.0	-0.008021
1854.0	0.002917
1856.0	0.002431
1858.0	-0.000972
1860.0	-0.000972
1862.0	0.009966
1864.0	-0.002431
1866.0	0.005347
1868.0	-0.004861
1870.0	-0.001458
1872.0	0.001215
1874.0	-0.001458
1876.0	0.006077
1878.0	0.013612
1880.0	0.001701
1882.0	-0.019688
1884.0	-0.002917
1886.0	-0.002188
1888.0	-0.000243
1890.0	0.006563
1892.0	-0.002431
1894.0	0.007049
1896.0	0.0
1898.0	-0.007049
1900.0	-0.007292
1902.0	-0.010938
1904.0	-0.012396
1906.0	-0.013368
1908.0	-0.010452
1910.0	-0.00875
1912.0	-0.018959
1914.0	-0.023334
1916.0	-0.020417
1918.0	-0.013368
1920.0	-0.005834
1922.0	0.002674
1924.0	0.004132
1926.0	0.007535
1928.0	-0.003403
1930.0	-0.000486
1932.0	0.012396
1934.0	0.019688
1936.0	0.022848
1938.0	0.019445
1940.0	0.00875
1942.0	0.007778
1944.0	0.000972
1946.0	-0.00632
1948.0	-0.007049
1950.0	-0.015799
1952.0	-0.005104
1954.0	-0.009723
1956.0	-0.006806
1958.0	-0.00632
1960.0	-0.009479
1962.0	0.004861
1964.0	0.001215
1966.0	-0.004132
1968.0	0.006563
1970.0	-0.003403
1972.0	-0.00632
1974.0	-0.012639
1976.0	-0.010938
1978.0	-0.010695
1980.0	-0.002674
1982.0	0.002674
1984.0	0.008993
1986.0	0.014584
1988.0	0.015313
1990.0	0.00316
1992.0	0.006806
1994.0	0.007049
1996.0	0.003889
1998.0	0.004618
2000.0	-0.004861
2002.0	0.005104
2004.0	0.00632
2006.0	0.010209
2008.0	0.001701
2010.0	0.008264
2012.0	0.012396
2014.0	0.009236
2016.0	0.00875
2018.0	0.004132
2020.0	0.008507
2022.0	0.007049
2024.0	0.016285
2026.0	0.028438
2028.0	0.019688
2030.0	0.01191
2032.0	0.007292
2034.0	0.013855
2036.0	0.013125
2038.0	0.020417
2040.0	0.01823
2042.0	0.007049
2044.0	-0.013855
2046.0	-0.013125
2048.0	0.004618
2050.0	0.001701
2052.0	-0.004132
2054.0	-0.003403
2056.0	-0.00632
2058.0	-0.009479
2060.0	-0.010695
2062.0	0.002917
2064.0	0.009479
2066.0	-0.01191
2068.0	-0.00632
2070.0	-0.006563
2072.0	-0.011181
2074.0	0.008507
2076.0	0.026008
2078.0	0.030626
2080.0	0.012396
2082.0	0.008264
2084.0	0.005834
2086.0	0.002917
2088.0	0.006806
2090.0	-0.004375
2092.0	0.004375
2094.0	0.012153
2096.0	0.023334
2098.0	0.031598
2100.0	0.023334
2102.0	0.007778
2104.0	-0.001701
2106.0	-0.02066
2108.0	-0.010209
2110.0	-0.011181
2112.0	-0.014827
2114.0	-0.020903
2116.0	-0.002431
2118.0	0.001215
2120.0	-0.009479
2122.0	-0.000243
2124.0	0.010695
2126.0	0.017744
2128.0	0.02382
2130.0	0.016771
2132.0	0.020174
2134.0	0.023334
2136.0	0.014098
2138.0	0.008993
2140.0	0.008993
2142.0	0.002674
2144.0	0.002431
2146.0	-0.004618
2148.0	-0.006806
2150.0	0.009723
2152.0	0.010695
2154.0	0.000729
2156.0	0.000486
2158.0	-0.001945
2160.0	-0.010452
2162.0	-0.011667
2164.0	-0.006563
2166.0	-0.027709
2168.0	-0.021633
2170.0	-0.017987
2172.0	-0.017257
2174.0	-0.021633
2176.0	-0.027466
2178.0	-0.023334
2180.0	-0.025279
2182.0	-0.02382
2184.0	-0.017501
2186.0	-0.020174
2188.0	-0.023091
2190.0	-0.030869
2192.0	-0.017501
2194.0	-0.011181
2196.0	-0.017744
2198.0	-0.021633
2200.0	-0.011667
2202.0	-0.011424
2204.0	-0.004618
2206.0	0.00316
2208.0	-0.002431
2210.0	-0.001215
2212.0	-0.004861
2214.0	-0.000486
2216.0	0.013855
2218.0	0.007292
2220.0	0.012396
2222.0	0.030869
2224.0	0.019202
2226.0	0.017014
2228.0	0.011424
2230.0	0.013368
2232.0	-0.005104
2234.0	-0.005834
2236.0	-0.000729
2238.0	0.004375
2240.0	0.0
2242.0	0.001458
2244.0	-0.002431
2246.0	-0.00559
2248.0	0.004375
2250.0	0.008507
2252.0	0.004618
2254.0	0.000972
2256.0	-0.004132
2258.0	-0.000972
2260.0	0.002917
2262.0	0.003403
2264.0	0.003889
2266.0	0.001701
2268.0	0.007292
2270.0	-0.002431
2272.0	-0.003646
2274.0	0.002188
2276.0	0.006563
2278.0	0.009966
2280.0	-0.000729
2282.0	-0.008021
2284.0	0.002188
2286.0	-0.007535
2288.0	-0.006806
2290.0	0.003646
2292.0	0.00559
2294.0	-0.002431
2296.0	-0.001945
2298.0	-0.017987
2300.0	-0.01191
2302.0	-0.014827
2304.0	-0.012153
2306.0	-0.021147
2308.0	-0.013612
2310.0	-0.009723
2312.0	-0.004132
2314.0	-0.008264
2316.0	0.000486
2318.0	-0.001701
2320.0	0.009479
2322.0	0.011667
2324.0	0.022605
2326.0	0.017257
2328.0	0.019931
2330.0	0.016042
2332.0	0.00875
2334.0	0.011424
2336.0	0.003403
2338.0	-0.003403
2340.0	-0.003889
2342.0	-0.004132
2344.0	0.008993
2346.0	0.01823
2348.0	0.019445
2350.0	0.009236
2352.0	0.001215
2354.0	-0.003646
2356.0	0.002674
2358.0	0.010452
2360.0	0.014584
2362.0	0.02382
2364.0	0.016285
2366.0	0.036216
2368.0	0.023091
2370.0	0.021147
2372.0	0.018716
2374.0	0.017744
2376.0	0.016285
2378.0	0.019445
2380.0	0.025522
2382.0	0.037432
2384.0	0.02698
2386.0	0.026494
2388.0	0.007292
2390.0	0.005104
2392.0	0.000486
2394.0	-0.004132
2396.0	0.002431
2398.0	0.005834
2400.0	-0.002188
2402.0	-0.008993
2404.0	-0.010695
2406.0	-0.009236
2408.0	-0.017014
2410.0	-0.025279
2412.0	-0.024549
2414.0	-0.014341
2416.0	-0.00875
2418.0	-0.005834
2420.0	-0.003403
2422.0	0.001701
2424.0	0.010938
2426.0	0.014827
2428.0	0.010452
2430.0	-0.01191
2432.0	-0.019688
2434.0	-0.012639
2436.0	-0.013125
2438.0	-0.020174
2440.0	-0.006563
2442.0	-0.014341
2444.0	-0.019445
2446.0	-0.017014
2448.0	-0.008993
2450.0	-0.014827
2452.0	-0.013612
2454.0	-0.012396
2456.0	0.001701
2458.0	0.005834
2460.0	0.011667
2462.0	0.00559
2464.0	0.007778
2466.0	0.001701
2468.0	0.002917
2470.0	0.000243
2472.0	0.007049
2474.0	0.007535
2476.0	0.004618
2478.0	0.010209
2480.0	-0.005347
2482.0	-0.000486
2484.0	-0.005347
2486.0	-0.013368
2488.0	-0.007049
2490.0	-0.008507
2492.0	-0.006563
2494.0	-0.004375
2496.0	-0.002917
2498.0	0.000243
2500.0	0.003403
2502.0	0.010938
2504.0	0.016771
2506.0	0.005104
2508.0	-0.004132
2510.0	0.003646
2512.0	0.029654
2514.0	0.022605
2516.0	0.024549
2518.0	0.028925
2520.0	0.029654
2522.0	0.029897
2524.0	0.029897
2526.0	0.017257
2528.0	0.014341
2530.0	-0.003646
2532.0	-0.015799
2534.0	-0.01823
2536.0	-0.020417
2538.0	-0.003403
2540.0	-0.013855
2542.0	-0.022119
2544.0	-0.005347
2546.0	-0.016528
2548.0	-0.036216
2550.0	-0.04205
2552.0	-0.029897
2554.0	-0.03889
2556.0	-0.01507
2558.0	-0.01191
2560.0	-0.002431
2562.0	-0.002917
2564.0	0.014827
2566.0	0.012396
2568.0	0.00875
2570.0	0.002431
2572.0	0.008264
2574.0	0.015556
2576.0	0.002917
2578.0	0.001945
2580.0	-0.004861
2582.0	0.004618
2584.0	0.006806
2586.0	0.011181
2588.0	0.001945
2590.0	0.007535
2592.0	0.003889
2594.0	0.000972
2596.0	-0.001458
2598.0	0.003889
2600.0	0.006563
2602.0	0.006077
2604.0	0.017014
2606.0	0.012153
2608.0	0.006806
2610.0	0.024549
2612.0	0.030626
2614.0	0.016285
2616.0	0.014341
2618.0	0.023091
2620.0	0.013855
2622.0	0.021633
2624.0	0.022605
2626.0	0.02066
2628.0	0.016528
2630.0	0.021147
2632.0	0.012639
2634.0	-0.001458
2636.0	-0.002674
2638.0	0.000486
2640.0	-0.013612
2642.0	-0.006077
2644.0	-0.001458
2646.0	-0.011181
2648.0	-0.000243
2650.0	0.00559
2652.0	0.015556
2654.0	0.003889
2656.0	-0.008507
2658.0	-0.010695
2660.0	-0.005834
2662.0	0.001458
2664.0	-0.000486
2666.0	0.000972
2668.0	-0.016528
2670.0	0.001945
2672.0	0.010938
2674.0	0.019688
2676.0	0.029654
2678.0	0.029411
2680.0	0.019445
2682.0	0.020417
2684.0	0.019202
2686.0	0.014584
2688.0	0.019202
2690.0	0.022848
2692.0	0.026494
2694.0	0.035973
2696.0	0.027952
2698.0	0.02139
2700.0	0.009966
2702.0	0.011667
2704.0	0.005834
2706.0	0.003646
2708.0	0.011181
2710.0	0.010695
2712.0	0.006806
2714.0	-0.004132
2716.0	-0.010452
2718.0	-0.010695
2720.0	0.008021
2722.0	-0.000243
2724.0	-0.001945
2726.0	0.00316
2728.0	0.002188
2730.0	0.007292
2732.0	0.008993
2734.0	-0.01507
2736.0	-0.01507
2738.0	0.006563
2740.0	0.002917
2742.0	0.005834
2744.0	-0.006563
2746.0	-0.015313
2748.0	-0.009236
2750.0	-0.009236
2752.0	-0.006077
2754.0	-0.013855
2756.0	-0.017257
2758.0	-0.004132
2760.0	-0.004375
2762.0	0.011667
2764.0	0.014584
2766.0	0.019688
2768.0	0.018473
2770.0	0.014341
2772.0	0.017987
2774.0	0.024792
2776.0	0.021876
2778.0	0.010452
2780.0	0.01191
2782.0	0.019931
2784.0	0.00875
2786.0	0.011181
2788.0	-0.003403
2790.0	-0.014341
2792.0	-0.013855
2794.0	0.004132
2796.0	0.014098
2798.0	0.008264
2800.0	0.013368
2802.0	0.022119
2804.0	0.028681
2806.0	0.0333
2808.0	0.019445
2810.0	0.006806
2812.0	0.007778
2814.0	0.003403
2816.0	-0.007049
2818.0	-0.006077
2820.0	-0.004618
2822.0	-0.013612
2824.0	-0.008993
2826.0	-0.012396
2828.0	-0.023577
2830.0	-0.024063
2832.0	-0.025522
2834.0	-0.026737
2836.0	-0.009479
2838.0	-0.007292
2840.0	0.00316
2842.0	0.003403
2844.0	0.007778
2846.0	0.010209
2848.0	0.005834
2850.0	0.001945
2852.0	0.005347
2854.0	0.016042
2856.0	0.008264
2858.0	0.000972
2860.0	-0.009723
2862.0	-0.024792
2864.0	-0.016042
2866.0	-0.02698
2868.0	-0.020174
2870.0	-0.026008
2872.0	-0.026494
2874.0	-0.022362
2876.0	-0.028195
2878.0	-0.027223
2880.0	-0.014098
2882.0	-0.008993
2884.0	0.002917
2886.0	-0.009966
2888.0	-0.023091
2890.0	-0.027709
2892.0	-0.008021
2894.0	-0.012153
2896.0	0.000243
2898.0	0.002917
2900.0	-0.005104
2902.0	0.010209
2904.0	-0.002188
2906.0	0.0
2908.0	0.005834
2910.0	0.015799
2912.0	0.008264
2914.0	0.001945
2916.0	0.003646
2918.0	-0.000243
2920.0	0.001458
2922.0	-0.000243
2924.0	0.002188
2926.0	0.015556
2928.0	0.008507
2930.0	0.013612
2932.0	0.024063
2934.0	0.02139
2936.0	0.010695
2938.0	-0.005347
2940.0	0.011667
2942.0	0.004861
2944.0	0.006806
2946.0	0.024306
2948.0	0.019202
2950.0	0.017257
2952.0	0.019445
2954.0	0.014827
2956.0	0.007778
2958.0	-0.000972
2960.0	-0.004132
2962.0	-0.006077
2964.0	-0.013125
2966.0	-0.001458
2968.0	0.000972
2970.0	0.000972
2972.0	0.004132
2974.0	0.003889
2976.0	0.006077
2978.0	0.001458
2980.0	0.00632
2982.0	-0.009479
2984.0	-0.006077
2986.0	0.0
2988.0	0.000972
2990.0	0.007292
2992.0	0.00559
2994.0	0.00875
2996.0	0.008507
2998.0	-0.007292
3000.0	-0.003889
3002.0	-0.008993
3004.0	-0.019445
3006.0	-0.013612
3008.0	0.010452
3010.0	0.01823
3012.0	0.012639
3014.0	0.00559
3016.0	0.006077
3018.0	0.011424
3020.0	-0.011424
3022.0	-0.01191
3024.0	-0.007778
3026.0	-0.001215
3028.0	-0.019688
3030.0	-0.017744
3032.0	-0.000972
3034.0	0.010452
3036.0	0.009723
3038.0	0.006806
3040.0	0.001701
3042.0	0.007049
3044.0	0.022605
3046.0	0.011424
3048.0	0.003646
3050.0	0.015799
3052.0	0.020174
3054.0	0.017744
3056.0	0.013855
3058.0	0.00559
3060.0	0.019931
3062.0	0.005104
3064.0	0.006077
3066.0	0.022605
3068.0	0.03014
3070.0	0.022605
3072.0	0.016771
3074.0	0.017501
3076.0	0.007778
3078.0	0.017014
3080.0	0.026737
3082.0	0.027709
3084.0	0.024306
3086.0	0.029654
3088.0	0.013368
3090.0	0.002917
3092.0	0.010938
3094.0	0.00559
3096.0	-0.009479
3098.0	-0.010938
3100.0	-0.006563
3102.0	-0.000486
3104.0	0.004132
3106.0	0.004132
3108.0	0.008507
3110.0	0.004375
3112.0	0.013125
3114.0	0.002431
3116.0	0.006563
3118.0	0.002674
3120.0	-0.001458
3122.0	-0.003403
3124.0	-0.005104
3126.0	0.004861
3128.0	-0.000972
3130.0	0.001945
3132.0	0.0
3134.0	-0.009723
3136.0	-0.007778
3138.0	-0.000729
3140.0	0.0
3142.0	0.005347
3144.0	0.012639
3146.0	0.014584
3148.0	0.013368
3150.0	-0.004375
3152.0	-0.000729
3154.0	0.007049
3156.0	0.003889
3158.0	0.00559
3160.0	0.004618
3162.0	0.00632
3164.0	0.000972
3166.0	-0.001701
3168.0	0.003889
3170.0	-0.001215
3172.0	0.004861
3174.0	0.003646
3176.0	0.008507
3178.0	0.005834
3180.0	0.005834
3182.0	0.003646
3184.0	-0.002188
3186.0	0.002431
3188.0	0.012153
3190.0	0.010695
3192.0	0.009966
3194.0	0.00875
3196.0	0.000729
3198.0	0.000972
3200.0	0.005347
3202.0	0.003646
3204.0	-0.008264
3206.0	-0.000729
3208.0	-0.013612
3210.0	-0.025522
3212.0	-0.020417
3214.0	-0.000972
3216.0	0.005347
3218.0	0.015313
3220.0	0.021633
3222.0	0.007535
3224.0	0.010209
3226.0	0.017257
3228.0	0.020417
3230.0	0.012639
3232.0	0.011667
3234.0	0.005347
3236.0	-0.004132
3238.0	-0.010452
3240.0	0.000729
3242.0	-0.009236
3244.0	0.01191
3246.0	-0.001215
3248.0	0.008993
3250.0	0.008507
3252.0	-0.003889
3254.0	0.000243
3256.0	-0.005104
3258.0	-0.007778
3260.0	-0.013368
3262.0	-0.009236
3264.0	-0.012153
3266.0	-0.010209
3268.0	-0.00875
3270.0	-0.002431
3272.0	0.000972
3274.0	0.004132
3276.0	0.001215
3278.0	0.003889
3280.0	0.020174
3282.0	0.015313
3284.0	0.017257
3286.0	0.006563
3288.0	0.012639
3290.0	0.001215
3292.0	0.009236
3294.0	0.009479
3296.0	0.022362
3298.0	0.005347
3300.0	0.000486
3302.0	0.003403
3304.0	0.013125
3306.0	0.014098
3308.0	0.002917
3310.0	0.011424
3312.0	0.018959
3314.0	-0.002188
3316.0	0.014584
3318.0	0.01823
3320.0	0.017744
3322.0	0.017014
3324.0	0.023577
3326.0	0.026251
3328.0	0.015556
3330.0	0.009723
3332.0	-0.002917
3334.0	0.001458
3336.0	0.014098
3338.0	0.029168
3340.0	0.022605

&

2.0	0.000175
4.0	0.000291
6.0	0.000384
8.0	0.001012
10.0	0.001222
12.0	0.001582
14.0	0.002048
16.0	0.001908
18.0	0.001745
20.0	0.002036
22.0	0.002176
24.0	0.00235
26.0	0.002455
28.0	0.002734
30.0	0.003002
32.0	0.003235
34.0	0.003316
36.0	0.002955
38.0	0.003293
40.0	0.00363
42.0	0.00384
44.0	0.003782
46.0	0.003956
48.0	0.004235
50.0	0.003944
52.0	0.003793
54.0	0.0037
56.0	0.003549
58.0	0.003956
60.0	0.004317
62.0	0.003502
64.0	0.003537
66.0	0.003607
68.0	0.003642
70.0	0.004014
72.0	0.004084
74.0	0.003747
76.0	0.004305
78.0	0.004864
80.0	0.004992
82.0	0.004631
84.0	0.004282
86.0	0.004142
88.0	0.004293
90.0	0.004189
92.0	0.004387
94.0	0.00448
96.0	0.004468
98.0	0.004631
100.0	0.004887
102.0	0.005748
104.0	0.005585
106.0	0.005899
108.0	0.005655
110.0	0.005166
112.0	0.004852
114.0	0.005178
116.0	0.005748
118.0	0.004899
120.0	0.005061
122.0	0.005143
124.0	0.005445
126.0	0.005818
128.0	0.006248
130.0	0.005876
132.0	0.005806
134.0	0.005829
136.0	0.006027
138.0	0.006237
140.0	0.006016
142.0	0.005573
144.0	0.00541
146.0	0.005399
148.0	0.005666
150.0	0.00541
152.0	0.005632
154.0	0.005352
156.0	0.005608
158.0	0.005841
160.0	0.005934
162.0	0.005585
164.0	0.005911
166.0	0.006365
168.0	0.006737
170.0	0.006714
172.0	0.006493
174.0	0.006283
176.0	0.006097
178.0	0.006295
180.0	0.005783
182.0	0.005492
184.0	0.005899
186.0	0.005504
188.0	0.005538
190.0	0.005853
192.0	0.005713
194.0	0.005864
196.0	0.006237
198.0	0.004922
200.0	0.004957
202.0	0.005085
204.0	0.005166
206.0	0.005236
208.0	0.005038
210.0	0.004794
212.0	0.004049
214.0	0.003956
216.0	0.004096
218.0	0.004177
220.0	0.004596
222.0	0.004584
224.0	0.004573
226.0	0.005015
228.0	0.004724
230.0	0.00491
232.0	0.004933
234.0	0.004968
236.0	0.004747
238.0	0.004875
240.0	0.004747
242.0	0.004805
244.0	0.005201
246.0	0.005027
248.0	0.005096
250.0	0.005515
252.0	0.005504
254.0	0.00562
256.0	0.005736
258.0	0.005283
260.0	0.005643
262.0	0.005748
264.0	0.006283
266.0	0.006318
268.0	0.006144
270.0	0.006306
272.0	0.006481
274.0	0.006574
276.0	0.006772
278.0	0.007144
280.0	0.006458
282.0	0.006621
284.0	0.006295
286.0	0.006365
288.0	0.006516
290.0	0.006911
292.0	0.006935
294.0	0.006842
296.0	0.00683
298.0	0.007319
300.0	0.007086
302.0	0.007749
304.0	0.007354
306.0	0.007714
308.0	0.00754
310.0	0.007377
312.0	0.007505
314.0	0.007703
316.0	0.007947
318.0	0.007679
320.0	0.008354
322.0	0.008715
324.0	0.008401
326.0	0.007831
328.0	0.007493
330.0	0.007261
332.0	0.00683
334.0	0.006434
336.0	0.006341
338.0	0.006725
340.0	0.006993
342.0	0.006818
344.0	0.007179
346.0	0.006516
348.0	0.006667
350.0	0.006655
352.0	0.007005
354.0	0.008005
356.0	0.006888
358.0	0.007074
360.0	0.007645
362.0	0.007179
364.0	0.00669
366.0	0.00683
368.0	0.007191
370.0	0.007493
372.0	0.007772
374.0	0.008284
376.0	0.008075
378.0	0.008331
380.0	0.008203
382.0	0.008261
384.0	0.007842
386.0	0.008028
388.0	0.008133
390.0	0.00854
392.0	0.009215
394.0	0.008808
396.0	0.008901
398.0	0.008424
400.0	0.008703
402.0	0.00747
404.0	0.007051
406.0	0.007272
408.0	0.007528
410.0	0.00825
412.0	0.007295
414.0	0.006714
416.0	0.006527
418.0	0.006562
420.0	0.007086
422.0	0.006795
424.0	0.006981
426.0	0.006376
428.0	0.00633
430.0	0.005701
432.0	0.005736
434.0	0.006132
436.0	0.005329
438.0	0.005562
440.0	0.005597
442.0	0.00555
444.0	0.00562
446.0	0.005306
448.0	0.005329
450.0	0.005376
452.0	0.005108
454.0	0.005352
456.0	0.005562
458.0	0.005341
460.0	0.005643
462.0	0.005445
464.0	0.005701
466.0	0.005352
468.0	0.005201
470.0	0.005457
472.0	0.005131
474.0	0.005213
476.0	0.005632
478.0	0.00576
480.0	0.006318
482.0	0.006481
484.0	0.006562
486.0	0.005853
488.0	0.005725
490.0	0.006027
492.0	0.006097
494.0	0.006306
496.0	0.005957
498.0	0.006237
500.0	0.005957
502.0	0.005899
504.0	0.006074
506.0	0.005236
508.0	0.005364
510.0	0.005166
512.0	0.005213
514.0	0.005597
516.0	0.005376
518.0	0.005538
520.0	0.005957
522.0	0.006458
524.0	0.006679
526.0	0.007156
528.0	0.007237
530.0	0.006981
532.0	0.007086
534.0	0.007063
536.0	0.007365
538.0	0.007086
540.0	0.007226
542.0	0.007482
544.0	0.007807
546.0	0.007482
548.0	0.007714
550.0	0.007656
552.0	0.007412
554.0	0.007482
556.0	0.007528
558.0	0.007074
560.0	0.007144
562.0	0.007086
564.0	0.007435
566.0	0.007237
568.0	0.007342
570.0	0.007167
572.0	0.007575
574.0	0.008005
576.0	0.007354
578.0	0.006586
580.0	0.006202
582.0	0.006667
584.0	0.006283
586.0	0.005829
588.0	0.005992
590.0	0.005946
592.0	0.005666
594.0	0.005015
596.0	0.004654
598.0	0.004584
600.0	0.004875
602.0	0.004293
604.0	0.004491
606.0	0.004619
608.0	0.004468
610.0	0.004829
612.0	0.004864
614.0	0.005073
616.0	0.004689
618.0	0.004596
620.0	0.004491
622.0	0.004933
624.0	0.005073
626.0	0.005085
628.0	0.004945
630.0	0.005399
632.0	0.004515
634.0	0.004352
636.0	0.004503
638.0	0.004817
640.0	0.004759
642.0	0.005038
644.0	0.005317
646.0	0.00484
648.0	0.005573
650.0	0.00541
652.0	0.005492
654.0	0.005678
656.0	0.006097
658.0	0.006458
660.0	0.006923
662.0	0.007121
664.0	0.007272
666.0	0.007109
668.0	0.007156
670.0	0.006144
672.0	0.006504
674.0	0.006469
676.0	0.006237
678.0	0.006306
680.0	0.006109
682.0	0.006632
684.0	0.007051
686.0	0.006981
688.0	0.007738
690.0	0.007982
692.0	0.007202
694.0	0.006248
696.0	0.006772
698.0	0.006458
700.0	0.006958
702.0	0.006272
704.0	0.006167
706.0	0.005841
708.0	0.006213
710.0	0.006306
712.0	0.006504
714.0	0.006702
716.0	0.00562
718.0	0.00548
720.0	0.005515
722.0	0.005236
724.0	0.005236
726.0	0.005457
728.0	0.00562
730.0	0.00562
732.0	0.006062
734.0	0.005957
736.0	0.006376
738.0	0.00576
740.0	0.006213
742.0	0.006341
744.0	0.006039
746.0	0.006085
748.0	0.006493
750.0	0.006423
752.0	0.006272
754.0	0.006341
756.0	0.006016
758.0	0.005608
760.0	0.005794
762.0	0.006085
764.0	0.006004
766.0	0.005853
768.0	0.005504
770.0	0.005445
772.0	0.005143
774.0	0.004945
776.0	0.004864
778.0	0.004817
780.0	0.004747
782.0	0.004794
784.0	0.005469
786.0	0.005527
788.0	0.005469
790.0	0.005783
792.0	0.005387
794.0	0.005213
796.0	0.004573
798.0	0.004805
800.0	0.005364
802.0	0.005876
804.0	0.006213
806.0	0.006132
808.0	0.005492
810.0	0.005864
812.0	0.005492
814.0	0.005771
816.0	0.006097
818.0	0.006016
820.0	0.005981
822.0	0.00555
824.0	0.005364
826.0	0.004736
828.0	0.004782
830.0	0.004596
832.0	0.004561
834.0	0.004864
836.0	0.004619
838.0	0.004759
840.0	0.005027
842.0	0.005259
844.0	0.005573
846.0	0.005562
848.0	0.005236
850.0	0.005341
852.0	0.005189
854.0	0.005178
856.0	0.005538
858.0	0.00562
860.0	0.005992
862.0	0.006109
864.0	0.005771
866.0	0.005957
868.0	0.005818
870.0	0.006109
872.0	0.006714
874.0	0.007016
876.0	0.006877
878.0	0.006597
880.0	0.006469
882.0	0.006935
884.0	0.007039
886.0	0.006167
888.0	0.006248
890.0	0.006667
892.0	0.007028
894.0	0.006551
896.0	0.006527
898.0	0.005946
900.0	0.005492
902.0	0.005364
904.0	0.005701
906.0	0.005666
908.0	0.005748
910.0	0.006074
912.0	0.006411
914.0	0.006365
916.0	0.006341
918.0	0.005922
920.0	0.005829
922.0	0.006353
924.0	0.006493
926.0	0.006539
928.0	0.006458
930.0	0.006609
932.0	0.006586
934.0	0.007167
936.0	0.007016
938.0	0.007156
940.0	0.006958
942.0	0.005957
944.0	0.006062
946.0	0.006306
948.0	0.005643
950.0	0.005748
952.0	0.006062
954.0	0.005562
956.0	0.004631
958.0	0.004608
960.0	0.004212
962.0	0.004317
964.0	0.004736
966.0	0.005015
968.0	0.005445
970.0	0.005608
972.0	0.005934
974.0	0.005934
976.0	0.006248
978.0	0.00619
980.0	0.005806
982.0	0.006458
984.0	0.006562
986.0	0.007005
988.0	0.006527
990.0	0.006178
992.0	0.005015
994.0	0.005387
996.0	0.005271
998.0	0.005166
1000.0	0.005189
1002.0	0.004782
1004.0	0.005061
1006.0	0.00484
1008.0	0.005085
1010.0	0.005038
1012.0	0.004677
1014.0	0.004643
1016.0	0.004189
1018.0	0.004317
1020.0	0.003979
1022.0	0.004375
1024.0	0.004363
1026.0	0.004654
1028.0	0.004864
1030.0	0.004805
1032.0	0.005189
1034.0	0.00555
1036.0	0.005038
1038.0	0.005085
1040.0	0.004899
1042.0	0.005061
1044.0	0.005352
1046.0	0.004445
1048.0	0.00441
1050.0	0.004724
1052.0	0.004654
1054.0	0.004363
1056.0	0.005108
1058.0	0.00484
1060.0	0.004794
1062.0	0.004992
1064.0	0.004992
1066.0	0.004864
1068.0	0.004887
1070.0	0.004747
1072.0	0.004782
1074.0	0.005131
1076.0	0.005341
1078.0	0.00562
1080.0	0.005573
1082.0	0.005201
1084.0	0.005573
1086.0	0.005643
1088.0	0.005341
1090.0	0.005178
1092.0	0.005527
1094.0	0.005725
1096.0	0.006144
1098.0	0.006283
1100.0	0.006295
1102.0	0.006167
1104.0	0.006877
1106.0	0.006702
1108.0	0.005748
1110.0	0.005771
1112.0	0.006225
1114.0	0.006248
1116.0	0.006353
1118.0	0.006376
1120.0	0.006248
1122.0	0.00633
1124.0	0.005853
1126.0	0.006062
1128.0	0.006097
1130.0	0.005445
1132.0	0.005538
1134.0	0.005469
1136.0	0.005515
1138.0	0.005666
1140.0	0.00569
1142.0	0.00569
1144.0	0.005818
1146.0	0.00569
1148.0	0.005527
1150.0	0.005725
1152.0	0.006085
1154.0	0.005538
1156.0	0.005352
1158.0	0.005655
1160.0	0.005725
1162.0	0.00555
1164.0	0.005445
1166.0	0.005562
1168.0	0.005899
1170.0	0.006016
1172.0	0.005376
1174.0	0.005573
1176.0	0.005794
1178.0	0.005853
1180.0	0.006679
1182.0	0.006376
1184.0	0.00569
1186.0	0.004759
1188.0	0.00484
1190.0	0.004398
1192.0	0.004445
1194.0	0.00391
1196.0	0.004038
1198.0	0.0042
1200.0	0.003944
1202.0	0.004061
1204.0	0.003979
1206.0	0.003979
1208.0	0.004387
1210.0	0.004643
1212.0	0.004317
1214.0	0.004096
1216.0	0.004526
1218.0	0.004771
1220.0	0.005073
1222.0	0.005166
1224.0	0.004817
1226.0	0.005061
1228.0	0.005352
1230.0	0.005434
1232.0	0.005294
1234.0	0.005701
1236.0	0.006132
1238.0	0.006539
1240.0	0.006597
1242.0	0.006714
1244.0	0.006225
1246.0	0.005864
1248.0	0.005771
1250.0	0.005434
1252.0	0.00512
1254.0	0.005096
1256.0	0.005666
1258.0	0.00576
1260.0	0.005713
1262.0	0.006085
1264.0	0.006562
1266.0	0.006911
1268.0	0.00633
1270.0	0.00626
1272.0	0.006167
1274.0	0.006283
1276.0	0.006202
1278.0	0.006609
1280.0	0.006423
1282.0	0.006679
1284.0	0.0069
1286.0	0.007226
1288.0	0.0069
1290.0	0.006469
1292.0	0.006062
1294.0	0.006178
1296.0	0.005748
1298.0	0.005806
1300.0	0.005504
1302.0	0.00569
1304.0	0.005911
1306.0	0.005608
1308.0	0.005992
1310.0	0.006341
1312.0	0.00569
1314.0	0.006062
1316.0	0.005853
1318.0	0.006085
1320.0	0.005597
1322.0	0.005457
1324.0	0.005806
1326.0	0.006039
1328.0	0.005969
1330.0	0.006202
1332.0	0.00669
1334.0	0.00605
1336.0	0.006318
1338.0	0.006388
1340.0	0.006679
1342.0	0.006807
1344.0	0.006295
1346.0	0.00626
1348.0	0.006481
1350.0	0.006353
1352.0	0.0064
1354.0	0.006458
1356.0	0.006667
1358.0	0.006562
1360.0	0.006341
1362.0	0.005899
1364.0	0.005818
1366.0	0.005469
1368.0	0.005829
1370.0	0.00576
1372.0	0.006353
1374.0	0.006749
1376.0	0.006621
1378.0	0.007005
1380.0	0.006981
1382.0	0.007063
1384.0	0.00754
1386.0	0.007179
1388.0	0.006877
1390.0	0.006865
1392.0	0.006993
1394.0	0.006737
1396.0	0.005876
1398.0	0.006644
1400.0	0.00669
1402.0	0.006783
1404.0	0.00683
1406.0	0.006935
1408.0	0.006434
1410.0	0.005655
1412.0	0.005422
1414.0	0.005597
1416.0	0.00555
1418.0	0.005806
1420.0	0.006144
1422.0	0.005504
1424.0	0.00576
1426.0	0.005306
1428.0	0.005608
1430.0	0.005678
1432.0	0.005492
1434.0	0.005306
1436.0	0.00555
1438.0	0.005713
1440.0	0.005632
1442.0	0.005178
1444.0	0.004968
1446.0	0.005469
1448.0	0.005573
1450.0	0.005876
1452.0	0.005666
1454.0	0.005248
1456.0	0.005608
1458.0	0.006016
1460.0	0.005841
1462.0	0.005864
1464.0	0.006132
1466.0	0.006749
1468.0	0.00605
1470.0	0.006353
1472.0	0.006365
1474.0	0.006213
1476.0	0.005538
1478.0	0.00562
1480.0	0.005224
1482.0	0.005038
1484.0	0.005201
1486.0	0.00555
1488.0	0.005294
1490.0	0.004747
1492.0	0.005213
1494.0	0.004933
1496.0	0.004852
1498.0	0.005143
1500.0	0.004573
1502.0	0.004596
1504.0	0.004852
1506.0	0.004945
1508.0	0.004584
1510.0	0.004712
1512.0	0.005015
1514.0	0.005283
1516.0	0.005143
1518.0	0.005259
1520.0	0.005038
1522.0	0.004805
1524.0	0.005364
1526.0	0.005201
1528.0	0.005259
1530.0	0.004957
1532.0	0.00448
1534.0	0.004643
1536.0	0.004503
1538.0	0.004677
1540.0	0.005271
1542.0	0.00505
1544.0	0.004736
1546.0	0.004782
1548.0	0.004538
1550.0	0.004666
1552.0	0.004561
1554.0	0.004771
1556.0	0.004899
1558.0	0.004573
1560.0	0.004922
1562.0	0.005224
1564.0	0.005376
1566.0	0.004805
1568.0	0.00541
1570.0	0.005946
1572.0	0.005736
1574.0	0.005957
1576.0	0.00633
1578.0	0.00626
1580.0	0.006551
1582.0	0.005888
1584.0	0.005399
1586.0	0.005794
1588.0	0.005643
1590.0	0.005364
1592.0	0.004794
1594.0	0.004736
1596.0	0.004759
1598.0	0.005306
1600.0	0.005155
1602.0	0.004701
1604.0	0.004887
1606.0	0.005085
1608.0	0.005143
1610.0	0.005178
1612.0	0.005306
1614.0	0.00562
1616.0	0.006062
1618.0	0.006144
1620.0	0.006644
1622.0	0.006609
1624.0	0.006027
1626.0	0.005538
1628.0	0.006039
1630.0	0.005876
1632.0	0.005283
1634.0	0.004759
1636.0	0.005248
1638.0	0.004922
1640.0	0.00505
1642.0	0.005329
1644.0	0.005445
1646.0	0.005794
1648.0	0.005888
1650.0	0.005341
1652.0	0.005725
1654.0	0.005946
1656.0	0.006027
1658.0	0.005643
1660.0	0.00569
1662.0	0.00562
1664.0	0.005806
1666.0	0.005794
1668.0	0.005562
1670.0	0.005911
1672.0	0.005678
1674.0	0.00512
1676.0	0.005155
1678.0	0.005422
1680.0	0.005352
1682.0	0.005341
1684.0	0.004747
1686.0	0.005027
1688.0	0.005783
1690.0	0.006097
1692.0	0.006016
1694.0	0.00548
1696.0	0.005841
1698.0	0.005981
1700.0	0.006144
1702.0	0.005538
1704.0	0.005585
1706.0	0.005678
1708.0	0.005748
1710.0	0.005771
1712.0	0.005771
1714.0	0.005969
1716.0	0.006272
1718.0	0.006283
1720.0	0.006132
1722.0	0.006376
1724.0	0.006667
1726.0	0.00676
1728.0	0.00683
1730.0	0.007191
1732.0	0.007528
1734.0	0.007889
1736.0	0.008238
1738.0	0.008506
1740.0	0.007912
1742.0	0.008389
1744.0	0.008692
1746.0	0.008634
1748.0	0.008703
1750.0	0.008296
1752.0	0.007994
1754.0	0.008005
1756.0	0.008191
1758.0	0.008412
1760.0	0.007714
1762.0	0.007458
1764.0	0.007261
1766.0	0.007121
1768.0	0.007261
1770.0	0.007214
1772.0	0.006935
1774.0	0.006865
1776.0	0.006586
1778.0	0.00676
1780.0	0.006795
1782.0	0.006702
1784.0	0.00626
1786.0	0.007237
1788.0	0.006935
1790.0	0.007005
1792.0	0.007272
1794.0	0.006818
1796.0	0.007086
1798.0	0.007714
1800.0	0.007656
1802.0	0.007679
1804.0	0.007831
1806.0	0.007854
1808.0	0.007621
1810.0	0.007458
1812.0	0.007691
1814.0	0.007167
1816.0	0.007831
1818.0	0.007784
1820.0	0.007237
1822.0	0.007051
1824.0	0.007261
1826.0	0.007458
1828.0	0.007679
1830.0	0.008005
1832.0	0.007703
1834.0	0.007237
1836.0	0.006434
1838.0	0.006516
1840.0	0.007214
1842.0	0.007377
1844.0	0.007505
1846.0	0.007842
1848.0	0.007947
1850.0	0.007435
1852.0	0.007121
1854.0	0.007261
1856.0	0.008005
1858.0	0.007807
1860.0	0.008412
1862.0	0.008331
1864.0	0.008284
1866.0	0.00854
1868.0	0.00825
1870.0	0.008087
1872.0	0.007819
1874.0	0.007738
1876.0	0.007598
1878.0	0.008401
1880.0	0.008575
1882.0	0.008831
1884.0	0.008657
1886.0	0.008587
1888.0	0.008971
1890.0	0.00818
1892.0	0.007912
1894.0	0.006911
1896.0	0.007086
1898.0	0.007167
1900.0	0.007912
1902.0	0.008156
1904.0	0.008145
1906.0	0.007889
1908.0	0.008424
1910.0	0.008808
1912.0	0.008436
1914.0	0.008843
1916.0	0.008843
1918.0	0.008378
1920.0	0.008215
1922.0	0.007703
1924.0	0.007982
1926.0	0.007179
1928.0	0.006807
1930.0	0.006132
1932.0	0.005655
1934.0	0.005317
1936.0	0.005515
1938.0	0.005259
1940.0	0.005283
1942.0	0.005573
1944.0	0.005271
1946.0	0.005306
1948.0	0.00491
1950.0	0.004293
1952.0	0.004328
1954.0	0.004596
1956.0	0.004817
1958.0	0.005003
1960.0	0.005131
1962.0	0.005527
1964.0	0.005573
1966.0	0.006318
1968.0	0.006376
1970.0	0.006341
1972.0	0.006783
1974.0	0.006679
1976.0	0.006586
1978.0	0.006818
1980.0	0.006993
1982.0	0.00754
1984.0	0.007214
1986.0	0.006935
1988.0	0.007214
1990.0	0.006481
1992.0	0.006737
1994.0	0.006609
1996.0	0.006667
1998.0	0.006295
2000.0	0.006539
2002.0	0.006702
2004.0	0.006911
2006.0	0.006365
2008.0	0.006655
2010.0	0.006365
2012.0	0.006283
2014.0	0.006365
2016.0	0.006481
2018.0	0.006632
2020.0	0.006353
2022.0	0.006283
2024.0	0.00676
2026.0	0.007086
2028.0	0.00811
2030.0	0.008261
2032.0	0.007377
2034.0	0.006481
2036.0	0.006818
2038.0	0.006772
2040.0	0.006818
2042.0	0.007051
2044.0	0.007191
2046.0	0.007342
2048.0	0.007994
2050.0	0.008226
2052.0	0.008738
2054.0	0.00825
2056.0	0.008203
2058.0	0.007121
2060.0	0.007028
2062.0	0.006853
2064.0	0.006818
2066.0	0.007307
2068.0	0.006783
2070.0	0.006818
2072.0	0.006888
2074.0	0.006597
2076.0	0.006039
2078.0	0.006341
2080.0	0.006644
2082.0	0.006772
2084.0	0.005969
2086.0	0.005434
2088.0	0.005434
2090.0	0.005818
2092.0	0.006341
2094.0	0.006178
2096.0	0.006085
2098.0	0.006016
2100.0	0.005888
2102.0	0.005934
2104.0	0.005992
2106.0	0.006004
2108.0	0.006062
2110.0	0.00569
2112.0	0.005818
2114.0	0.005899
2116.0	0.006248
2118.0	0.005655
2120.0	0.005027
2122.0	0.004747
2124.0	0.004968
2126.0	0.004922
2128.0	0.005248
2130.0	0.005492
2132.0	0.005911
2134.0	0.005317
2136.0	0.005678
2138.0	0.004782
2140.0	0.004922
2142.0	0.005143
2144.0	0.005213
2146.0	0.00548
2148.0	0.005783
2150.0	0.005934
2152.0	0.006004
2154.0	0.006027
2156.0	0.006306
2158.0	0.005445
2160.0	0.005841
2162.0	0.005434
2164.0	0.005678
2166.0	0.005364
2168.0	0.005876
2170.0	0.006155
2172.0	0.00576
2174.0	0.005329
2176.0	0.005469
2178.0	0.005748
2180.0	0.005632
2182.0	0.005434
2184.0	0.005632
2186.0	0.005713
2188.0	0.005562
2190.0	0.005736
2192.0	0.005434
2194.0	0.005608
2196.0	0.005748
2198.0	0.006027
2200.0	0.00626
2202.0	0.005829
2204.0	0.00626
2206.0	0.005352
2208.0	0.005224
2210.0	0.004945
2212.0	0.005143
2214.0	0.004526
2216.0	0.004608
2218.0	0.005201
2220.0	0.005003
2222.0	0.00484
2224.0	0.005003
2226.0	0.004968
2228.0	0.005073
2230.0	0.004875
2232.0	0.004899
2234.0	0.004899
2236.0	0.005166
2238.0	0.004968
2240.0	0.005329
2242.0	0.004794
2244.0	0.005061
2246.0	0.005387
2248.0	0.005515
2250.0	0.00576
2252.0	0.006167
2254.0	0.006283
2256.0	0.006318
2258.0	0.006167
2260.0	0.006353
2262.0	0.006365
2264.0	0.00683
2266.0	0.007109
2268.0	0.006493
2270.0	0.006237
2272.0	0.006295
2274.0	0.006132
2276.0	0.005492
2278.0	0.005666
2280.0	0.006167
2282.0	0.006562
2284.0	0.006434
2286.0	0.00676
2288.0	0.007039
2290.0	0.00619
2292.0	0.006458
2294.0	0.005934
2296.0	0.005934
2298.0	0.006155
2300.0	0.006365
2302.0	0.006644
2304.0	0.006272
2306.0	0.00626
2308.0	0.005341
2310.0	0.006074
2312.0	0.006202
2314.0	0.005562
2316.0	0.005527
2318.0	0.005399
2320.0	0.005666
2322.0	0.005771
2324.0	0.005841
2326.0	0.005701
2328.0	0.005736
2330.0	0.005841
2332.0	0.005585
2334.0	0.006109
2336.0	0.006481
2338.0	0.006527
2340.0	0.006551
2342.0	0.006318
2344.0	0.00626
2346.0	0.006167
2348.0	0.006493
2350.0	0.006655
2352.0	0.006213
2354.0	0.005562
2356.0	0.005806
2358.0	0.005957
2360.0	0.00548
2362.0	0.005422
2364.0	0.00498
2366.0	0.00512
2368.0	0.005143
2370.0	0.005457
2372.0	0.005248
2374.0	0.005399
2376.0	0.005434
2378.0	0.005748
2380.0	0.005806
2382.0	0.006225
2384.0	0.005597
2386.0	0.005736
2388.0	0.005655
2390.0	0.005876
2392.0	0.006341
2394.0	0.00555
2396.0	0.005794
2398.0	0.005783
2400.0	0.006027
2402.0	0.006597
2404.0	0.006865
2406.0	0.007063
2408.0	0.006644
2410.0	0.007156
2412.0	0.007435
2414.0	0.007493
2416.0	0.007586
2418.0	0.007121
2420.0	0.006946
2422.0	0.007295
2424.0	0.007447
2426.0	0.007202
2428.0	0.007854
2430.0	0.008063
2432.0	0.007551
2434.0	0.007982
2436.0	0.008331
2438.0	0.00747
2440.0	0.006004
2442.0	0.005061
2444.0	0.004596
2446.0	0.00434
2448.0	0.004526
2450.0	0.004387
2452.0	0.004654
2454.0	0.005085
2456.0	0.005085
2458.0	0.004677
2460.0	0.004852
2462.0	0.00498
2464.0	0.005096
2466.0	0.005155
2468.0	0.004689
2470.0	0.00512
2472.0	0.005562
2474.0	0.005073
2476.0	0.005131
2478.0	0.00498
2480.0	0.004899
2482.0	0.00505
2484.0	0.00548
2486.0	0.005387
2488.0	0.005294
2490.0	0.005469
2492.0	0.004771
2494.0	0.00484
2496.0	0.00427
2498.0	0.004398
2500.0	0.004177
2502.0	0.004305
2504.0	0.004293
2506.0	0.004666
2508.0	0.004945
2510.0	0.005597
2512.0	0.005899
2514.0	0.005969
2516.0	0.005922
2518.0	0.005283
2520.0	0.005515
2522.0	0.005504
2524.0	0.005155
2526.0	0.005445
2528.0	0.005771
2530.0	0.005806
2532.0	0.006109
2534.0	0.006504
2536.0	0.00626
2538.0	0.004922
2540.0	0.005341
2542.0	0.005364
2544.0	0.005201
2546.0	0.004945
2548.0	0.005131
2550.0	0.005317
2552.0	0.005771
2554.0	0.005922
2556.0	0.005643
2558.0	0.006516
2560.0	0.006853
2562.0	0.006935
2564.0	0.005911
2566.0	0.006167
2568.0	0.00576
2570.0	0.006074
2572.0	0.005911
2574.0	0.006237
2576.0	0.006295
2578.0	0.00576
2580.0	0.005085
2582.0	0.004631
2584.0	0.005015
2586.0	0.00491
2588.0	0.005376
2590.0	0.005445
2592.0	0.005283
2594.0	0.005096
2596.0	0.004782
2598.0	0.004456
2600.0	0.004596
2602.0	0.004154
2604.0	0.004154
2606.0	0.004619
2608.0	0.004747
2610.0	0.005248
2612.0	0.005376
2614.0	0.005329
2616.0	0.005341
2618.0	0.005329
2620.0	0.005085
2622.0	0.005341
2624.0	0.005562
2626.0	0.005899
2628.0	0.005143
2630.0	0.005259
2632.0	0.005294
2634.0	0.005527
2636.0	0.005469
2638.0	0.00562
2640.0	0.005713
2642.0	0.00605
2644.0	0.00626
2646.0	0.005748
2648.0	0.005748
2650.0	0.005073
2652.0	0.004759
2654.0	0.004736
2656.0	0.005108
2658.0	0.005387
2660.0	0.005818
2662.0	0.005608
2664.0	0.00576
2666.0	0.005969
2668.0	0.006481
2670.0	0.006388
2672.0	0.006504
2674.0	0.0064
2676.0	0.006714
2678.0	0.00612
2680.0	0.005864
2682.0	0.005864
2684.0	0.005864
2686.0	0.006434
2688.0	0.006772
2690.0	0.0064
2692.0	0.006574
2694.0	0.006865
2696.0	0.007307
2698.0	0.007144
2700.0	0.006911
2702.0	0.006795
2704.0	0.006318
2706.0	0.006714
2708.0	0.007086
2710.0	0.007412
2712.0	0.007738
2714.0	0.007633
2716.0	0.007656
2718.0	0.0074
2720.0	0.00804
2722.0	0.008552
2724.0	0.00861
2726.0	0.009006
2728.0	0.009111
2730.0	0.008122
2732.0	0.008343
2734.0	0.008075
2736.0	0.008471
2738.0	0.008866
2740.0	0.008971
2742.0	0.009215
2744.0	0.00925
2746.0	0.008564
2748.0	0.009041
2750.0	0.009204
2752.0	0.008657
2754.0	0.008983
2756.0	0.008901
2758.0	0.009111
2760.0	0.009227
2762.0	0.008471
2764.0	0.006946
2766.0	0.007365
2768.0	0.006865
2770.0	0.007226
2772.0	0.00747
2774.0	0.006865
2776.0	0.006888
2778.0	0.007191
2780.0	0.007214
2782.0	0.00761
2784.0	0.006481
2786.0	0.005981
2788.0	0.006225
2790.0	0.006306
2792.0	0.006353
2794.0	0.00569
2796.0	0.005969
2798.0	0.005981
2800.0	0.006213
2802.0	0.005957
2804.0	0.005666
2806.0	0.005876
2808.0	0.005771
2810.0	0.005504
2812.0	0.005364
2814.0	0.004829
2816.0	0.004782
2818.0	0.00434
2820.0	0.004584
2822.0	0.00441
2824.0	0.00377
2826.0	0.003432
2828.0	0.004038
2830.0	0.004107
2832.0	0.003584
2834.0	0.003619
2836.0	0.003851
2838.0	0.004084
2840.0	0.003816
2842.0	0.004072
2844.0	0.003933
2846.0	0.003642
2848.0	0.00391
2850.0	0.00441
2852.0	0.004456
2854.0	0.004538
2856.0	0.00448
2858.0	0.004631
2860.0	0.005224
2862.0	0.004643
2864.0	0.004689
2866.0	0.005271
2868.0	0.005492
2870.0	0.005538
2872.0	0.005573
2874.0	0.005248
2876.0	0.005527
2878.0	0.005515
2880.0	0.005155
2882.0	0.005643
2884.0	0.005888
2886.0	0.005899
2888.0	0.005445
2890.0	0.005655
2892.0	0.005515
2894.0	0.005678
2896.0	0.005573
2898.0	0.005725
2900.0	0.005422
2902.0	0.005015
2904.0	0.005015
2906.0	0.005259
2908.0	0.005189
2910.0	0.005527
2912.0	0.005655
2914.0	0.005713
2916.0	0.006004
2918.0	0.005085
2920.0	0.005364
2922.0	0.005143
2924.0	0.005143
2926.0	0.005666
2928.0	0.006225
2930.0	0.006574
2932.0	0.006016
2934.0	0.006109
2936.0	0.006353
2938.0	0.005922
2940.0	0.006027
2942.0	0.006272
2944.0	0.006097
2946.0	0.005922
2948.0	0.00512
2950.0	0.005061
2952.0	0.005131
2954.0	0.004526
2956.0	0.004328
2958.0	0.004352
2960.0	0.005061
2962.0	0.005096
2964.0	0.005143
2966.0	0.004212
2968.0	0.004177
2970.0	0.004619
2972.0	0.004864
2974.0	0.004899
2976.0	0.004247
2978.0	0.004596
2980.0	0.005294
2982.0	0.005073
2984.0	0.00541
2986.0	0.005038
2988.0	0.004561
2990.0	0.004933
2992.0	0.005562
2994.0	0.005632
2996.0	0.005585
2998.0	0.005899
3000.0	0.006365
3002.0	0.006411
3004.0	0.006155
3006.0	0.006318
3008.0	0.006527
3010.0	0.006993
3012.0	0.006551
3014.0	0.006376
3016.0	0.006551
3018.0	0.006853
3020.0	0.007226
3022.0	0.007482
3024.0	0.007726
3026.0	0.006877
3028.0	0.007133
3030.0	0.007121
3032.0	0.006621
3034.0	0.006237
3036.0	0.006539
3038.0	0.006842
3040.0	0.007098
3042.0	0.007214
3044.0	0.007167
3046.0	0.007144
3048.0	0.007319
3050.0	0.007866
3052.0	0.007912
3054.0	0.007551
3056.0	0.007784
3058.0	0.007761
3060.0	0.007994
3062.0	0.007575
3064.0	0.008052
3066.0	0.008436
3068.0	0.008017
3070.0	0.007633
3072.0	0.008308
3074.0	0.008133
3076.0	0.007645
3078.0	0.007447
3080.0	0.006749
3082.0	0.006935
3084.0	0.006946
3086.0	0.006504
3088.0	0.005655
3090.0	0.005504
3092.0	0.005538
3094.0	0.005492
3096.0	0.005573
3098.0	0.005922
3100.0	0.006085
3102.0	0.006516
3104.0	0.00619
3106.0	0.006213
3108.0	0.005806
3110.0	0.006097
3112.0	0.006295
3114.0	0.006504
3116.0	0.006597
3118.0	0.005283
3120.0	0.004468
3122.0	0.003933
3124.0	0.004061
3126.0	0.00448
3128.0	0.004689
3130.0	0.005073
3132.0	0.005317
3134.0	0.006144
3136.0	0.00633
3138.0	0.006772
3140.0	0.006749
3142.0	0.006888
3144.0	0.006551
3146.0	0.006679
3148.0	0.006016
3150.0	0.005725
3152.0	0.005794
3154.0	0.005992
3156.0	0.006621
3158.0	0.006039
3160.0	0.005527
3162.0	0.005946
3164.0	0.006434
3166.0	0.006911
3168.0	0.006679
3170.0	0.007319
3172.0	0.006527
3174.0	0.006283
3176.0	0.006144
3178.0	0.006516
3180.0	0.006225
3182.0	0.006725
3184.0	0.0069
3186.0	0.00626
3188.0	0.006597
3190.0	0.006004
3192.0	0.006272
3194.0	0.006306
3196.0	0.006295
3198.0	0.006341
3200.0	0.006341
3202.0	0.006516
3204.0	0.006434
3206.0	0.006504
3208.0	0.00626
3210.0	0.005934
3212.0	0.006341
3214.0	0.007342
3216.0	0.007051
3218.0	0.006632
3220.0	0.006318
3222.0	0.006551
3224.0	0.005888
3226.0	0.006085
3228.0	0.005829
3230.0	0.00626
3232.0	0.006644
3234.0	0.006539
3236.0	0.005306
3238.0	0.00541
3240.0	0.005608
3242.0	0.005713
3244.0	0.006039
3246.0	0.005457
3248.0	0.00605
3250.0	0.006539
3252.0	0.006551
3254.0	0.0069
3256.0	0.006818
3258.0	0.007028
3260.0	0.006411
3262.0	0.006109
3264.0	0.004957
3266.0	0.005131
3268.0	0.004794
3270.0	0.005329
3272.0	0.005224
3274.0	0.00512
3276.0	0.005155
3278.0	0.006027
3280.0	0.00633
3282.0	0.006539
3284.0	0.006597
3286.0	0.006004
3288.0	0.006434
3290.0	0.006225
3292.0	0.006411
3294.0	0.006365
3296.0	0.00505
3298.0	0.005015
3300.0	0.004433
3302.0	0.004782
3304.0	0.004817
3306.0	0.005073
3308.0	0.005317
3310.0	0.005283
3312.0	0.004829
3314.0	0.005073
3316.0	0.005224
3318.0	0.005352
3320.0	0.004724
3322.0	0.004596
3324.0	0.005201
3326.0	0.005201
3328.0	0.005248
3330.0	0.004747
3332.0	0.004899
3334.0	0.005189
3336.0	0.005585
3338.0	0.005236
3340.0	0.00555

&

