0.02	-0.001215
0.04	0.010938
0.06	0.021147
0.08	0.017501
0.1	0.016042
0.12	0.014827
0.14	0.009723
0.16	0.010452
0.18	0.005834
0.2	0.000972
0.22	-0.002674
0.24	-0.003646
0.26	-0.007535
0.28	-0.004861
0.3	0.006563
0.32	0.010209
0.34	0.001215
0.36	0.000729
0.38	0.000486
0.4	-0.003889
0.42	-0.000486
0.44	0.004861
0.46	0.015313
0.48	-0.006806
0.5	-0.004132
0.52	-0.008993
0.54	-0.01191
0.56	-0.00875
0.58	-0.005104
0.6	-0.002431
0.62	-0.000972
0.64	-0.012639
0.66	-0.017987
0.68	-0.007049
0.7	-0.007292
0.72	-0.007778
0.74	-0.001215
0.76	0.009966
0.78	0.005104
0.8	0.004618
0.82	0.001701
0.84	0.004618
0.86	0.008507
0.88	-0.001215
0.9	0.004132
0.92	0.014827
0.94	0.012396
0.96	0.022362
0.98	0.030383
1.0	0.013125
1.02	0.010695
1.04	0.011667
1.06	0.001458
1.08	-0.001215
1.1	-0.00632
1.12	0.002188
1.14	0.00559
1.16	-0.002674
1.18	0.006806
1.2	0.011181
1.22	0.002188
1.24	0.008993
1.26	0.014341
1.28	0.01507
1.3	0.02139
1.32	0.013368
1.34	-0.004132
1.36	-0.002917
1.38	-0.005347
1.4	0.001215
1.42	0.00316
1.44	0.008021
1.46	0.012396
1.48	0.011667
1.5	0.009723
1.52	0.013368
1.54	0.012153
1.56	0.008507
1.58	0.010209
1.6	0.013855
1.62	0.009966
1.64	0.032084
1.66	0.023334
1.68	0.00875
1.7	0.007535
1.72	0.009236
1.74	0.009723
1.76	0.013612
1.78	0.007778
1.8	0.00316
1.82	0.009236
1.84	-0.004861
1.86	-0.004618
1.88	0.00559
1.9	0.00632
1.92	0.010452
1.94	0.001701
1.96	-0.010209
1.98	-0.01823
2.0	-0.011667
2.02	-0.00632
2.04	0.000486
2.06	0.000243
2.08	0.011424
2.1	0.007292
2.12	0.020174
2.14	0.007292
2.16	-0.002431
2.18	-0.008021
2.2	-0.010695
2.22	-0.002674
2.24	-0.012882
2.26	0.000243
2.28	-0.009479
2.3	0.007778
2.32	0.007778
2.34	0.01823
2.36	0.025279
2.38	0.017501
2.4	0.019688
2.42	0.013125
2.44	0.004618
2.46	-0.003403
2.48	0.007292
2.5	0.007535
2.52	0.012882
2.54	0.007535
2.56	0.012153
2.58	0.024063
2.6	0.012882
2.62	-0.005347
2.64	-0.014584
2.66	0.0
2.68	0.003889
2.7	0.010452
2.72	0.013855
2.74	0.012396
2.76	0.010209
2.78	0.009966
2.8	0.016528
2.82	0.010938
2.84	0.003403
2.86	0.008993
2.88	0.002188
2.9	0.013855
2.92	0.009479
2.94	0.006806
2.96	0.000729
2.98	0.000486
3.0	0.002674
3.02	-0.001458
3.04	-0.005834
3.06	0.000243
3.08	0.00559
3.1	0.010695
3.12	0.00316
3.14	0.005834
3.16	0.017014
3.18	0.006563
3.2	0.011181
3.22	0.009236
3.24	0.010695
3.26	-0.001701
3.28	-0.019688
3.3	-0.011181
3.32	-0.018716
3.34	-0.005834
3.36	-0.00559
3.38	0.000972
3.4	0.001215
3.42	-0.000972
3.44	0.002674
3.46	0.004618
3.48	-0.003889
3.5	0.004132
3.52	0.008021
3.54	0.003646
3.56	0.00559
3.58	-0.001215
3.6	0.001701
3.62	-0.00316
3.64	0.007778
3.66	0.006806
3.68	0.011424
3.7	0.011181
3.72	-0.006077
3.74	-0.014341
3.76	-0.020417
3.78	-0.019931
3.8	-0.027709
3.82	-0.028195
3.84	-0.019931
3.86	-0.025522
3.88	-0.030383
3.9	-0.034758
3.92	-0.036703
3.94	-0.031598
3.96	-0.029897
3.98	-0.032084
4.0	-0.025522
4.02	-0.013612
4.04	-0.005834
4.06	-0.007778
4.08	-0.005834
4.1	-0.002917
4.12	0.00875
4.14	-0.003646
4.16	-0.021147
4.18	-0.015556
4.2	-0.02698
4.22	-0.025036
4.24	-0.019445
4.26	-0.016528
4.28	-0.012153
4.3	-0.009479
4.32	0.003403
4.34	-0.004618
4.36	-0.000243
4.38	0.011667
4.4	0.011424
4.42	0.008264
4.44	0.011424
4.46	0.008264
4.48	-0.004375
4.5	-0.012639
4.52	0.00632
4.54	-0.000972
4.56	-0.001701
4.58	0.002917
4.6	0.004375
4.62	0.008993
4.64	0.014098
4.66	0.002431
4.68	-0.002674
4.7	-0.016771
4.72	-0.023334
4.74	-0.022119
4.76	-0.016528
4.78	-0.006806
4.8	0.001458
4.82	0.00875
4.84	0.007292
4.86	0.008507
4.88	0.006563
4.9	0.000729
4.92	-0.006077
4.94	-0.012639
4.96	-0.00316
4.98	-0.002917
5.0	-0.012153
5.02	-0.004132
5.04	-0.012882
5.06	-0.003889
5.08	-0.005347
5.1	-0.002431
5.12	0.007535
5.14	0.018959
5.16	0.015556
5.18	0.017014
5.2	0.015799
5.22	0.010938
5.24	0.022119
5.26	0.014584
5.28	0.014098
5.3	0.010695
5.32	0.00632
5.34	0.009966
5.36	-0.003889
5.38	0.001215
5.4	-0.001701
5.42	-0.011181
5.44	-0.008021
5.46	0.005104
5.48	0.010938
5.5	0.005347
5.52	-0.000243
5.54	0.00559
5.56	0.003646
5.58	0.00875
5.6	0.000972
5.62	0.011667
5.64	0.015556
5.66	0.011181
5.68	0.016528
5.7	0.005104
5.72	0.006563
5.74	-0.002674
5.76	-0.002674
5.78	-0.001701
5.8	-0.001945
5.82	-0.003646
5.84	-0.007778
5.86	0.004375
5.88	-0.006563
5.9	0.00559
5.92	0.006077
5.94	-0.001701
5.96	0.007049
5.98	-0.013855
6.0	-0.019931
6.02	-0.012639
6.04	-0.015799
6.06	-0.015799
6.08	-0.016285
6.1	-0.014584
6.12	-0.008021
6.14	-0.000486
6.16	0.006563
6.18	0.003646
6.2	-0.009479
6.22	-0.01507
6.24	-0.012396
6.26	0.000729
6.28	-0.005834
6.3	-0.011181
6.32	-0.011181
6.34	-0.009479
6.36	-0.002917
6.38	0.001701
6.4	-0.003889
6.42	0.000729
6.44	0.004618
6.46	0.004861
6.48	0.007049
6.5	-0.007292
6.52	0.000729
6.54	-0.010209
6.56	0.0
6.58	-0.008507
6.6	-0.010209
6.62	-0.011667
6.64	-0.011424
6.66	-0.005834
6.68	-0.006563
6.7	0.004861
6.72	0.006077
6.74	0.011667
6.76	0.003646
6.78	0.008021
6.8	0.013855
6.82	0.016042
6.84	0.002917
6.86	0.0
6.88	0.003403
6.9	0.004375
6.92	0.009236
6.94	0.001945
6.96	0.010209
6.98	-0.014098
7.0	-0.001945
7.02	-0.007778
7.04	-0.009966
7.06	-0.00632
7.08	-0.008021
7.1	-0.007049
7.12	0.005834
7.14	0.004375
7.16	0.008021
7.18	0.002917
7.2	0.000972
7.22	-0.016771
7.24	-0.007778
7.26	0.000972
7.28	-0.007778
7.3	-0.005834
7.32	0.004861
7.34	0.003403
7.36	0.017744
7.38	0.025036
7.4	0.025522
7.42	0.011667
7.44	0.004861
7.46	0.007292
7.48	0.012639
7.5	0.017501
7.52	-0.006563
7.54	-0.024063
7.56	-0.009236
7.58	-0.011181
7.6	-0.003403
7.62	0.00316
7.64	0.0
7.66	0.008507
7.68	0.02139
7.7	0.019445
7.72	0.013125
7.74	0.001945
7.76	-0.005834
7.78	-0.008507
7.8	-0.008507
7.82	-0.004132
7.84	-0.003403
7.86	-0.012882
7.88	-0.016771
7.9	-0.019202
7.92	-0.009723
7.94	0.00875
7.96	0.000729
7.98	0.01823
8.0	0.017257
8.02	0.006806
8.04	-0.008021
8.06	-0.013612
8.08	-0.013612
8.1	-0.009723
8.12	-0.020417
8.14	-0.005834
8.16	-0.002674
8.18	-0.009236
8.2	-0.016285
8.22	-0.009966
8.24	-0.009723
8.26	-0.013855
8.28	-0.00632
8.3	-0.014827
8.32	-0.024792
8.34	-0.025036
8.36	-0.014341
8.38	0.001458
8.4	-0.000243
8.42	-0.000972
8.44	-0.011181
8.46	-0.008993
8.48	-0.007778
8.5	-0.008993
8.52	-0.003403
8.54	-0.002188
8.56	-0.005347
8.58	-0.000486
8.6	0.005347
8.62	0.006077
8.64	0.000486
8.66	-0.008021
8.68	-0.011667
8.7	-0.002431
8.72	0.01823
8.74	0.000486
8.76	0.006077
8.78	-0.003403
8.8	-0.000972
8.82	0.009236
8.84	0.014827
8.86	0.014098
8.88	0.002917
8.9	0.008507
8.92	0.001945
8.94	-0.002188
8.96	0.002674
8.98	-0.010452
9.0	-0.008993
9.02	-0.013125
9.04	-0.023334
9.06	-0.011424
9.08	-0.012882
9.1	-0.018716
9.12	-0.017014
9.14	-0.002674
9.16	-0.004861
9.18	-0.01507
9.2	-0.004861
9.22	-0.00559
9.24	-0.008507
9.26	0.003889
9.28	-0.00559
9.3	-0.005834
9.32	-0.014584
9.34	-0.011667
9.36	0.010938
9.38	0.003403
9.4	0.006563
9.42	0.016771
9.44	0.022605
9.46	0.021876
9.48	0.010209
9.5	0.018959
9.52	0.026494
9.54	0.017257
9.56	0.023334
9.58	0.021147
9.6	0.019931
9.62	0.002431
9.64	-0.00559
9.66	-0.002674
9.68	-0.005104
9.7	-0.002188
9.72	0.00632
9.74	0.006806
9.76	0.003646
9.78	0.008507
9.8	0.02139
9.82	0.01507
9.84	0.000729
9.86	-0.004618
9.88	-0.003403
9.9	-0.00316
9.92	0.000729
9.94	-0.012153
9.96	-0.008993
9.98	-0.009723
10.0	-0.002431
10.02	-0.001215
10.04	-0.00316
10.06	0.013612
10.08	0.006806
10.1	0.01507
10.12	0.013855
10.14	0.009723
10.16	0.019688
10.18	0.02066
10.2	0.017987
10.22	0.019445
10.24	0.016285
10.26	0.00559
10.28	-0.00632
10.3	-0.017501
10.32	-0.011424
10.34	0.001701
10.36	-0.002188
10.38	0.000972
10.4	-0.002917
10.42	0.013368
10.44	0.017987
10.46	0.017744
10.48	0.007778
10.5	0.004861
10.52	0.001458
10.54	0.004861
10.56	0.011181
10.58	0.016528
10.6	0.013368
10.62	0.00632
10.64	0.002188
10.66	-0.005104
10.68	-0.005347
10.7	0.001701
10.72	0.00316
10.74	0.001215
10.76	-0.003646
10.78	-0.008021
10.8	-0.010695
10.82	-0.00559
10.84	-0.000729
10.86	-0.007778
10.88	-0.01507
10.9	-0.014584
10.92	-0.008021
10.94	-0.023091
10.96	-0.01507
10.98	-0.014827
11.0	-0.004132
11.02	-0.000972
11.04	0.001701
11.06	-0.007535
11.08	-0.008021
11.1	-0.008993
11.12	-0.006077
11.14	-0.00316
11.16	-0.008993
11.18	-0.008021
11.2	-0.010209
11.22	-0.011181
11.24	-0.010209
11.26	-0.009479
11.28	-0.003646
11.3	0.005347
11.32	0.000972
11.34	0.0
11.36	-0.000243
11.38	0.012882
11.4	0.016528
11.42	0.009479
11.44	0.019445
11.46	0.014584
11.48	0.012396
11.5	0.009236
11.52	0.009966
11.54	0.006806
11.56	0.007049
11.58	0.005834
11.6	0.008993
11.62	-0.000729
11.64	-0.007049
11.66	-0.016528
11.68	-0.017014
11.7	-0.011424
11.72	-0.013125
11.74	-0.01191
11.76	-0.007292
11.78	-0.016042
11.8	-0.009236
11.82	-0.014827
11.84	-0.014098
11.86	-0.016285
11.88	0.000729
11.9	0.009236
11.92	0.011667
11.94	0.013368
11.96	0.000972
11.98	0.009723
12.0	0.007535
12.02	0.009236
12.04	0.009236
12.06	0.010452
12.08	-0.004861
12.1	-0.006077
12.12	-0.000243
12.14	-0.001701
12.16	-0.014341
12.18	-0.025279
12.2	-0.020174
12.22	-0.018959
12.24	-0.010209
12.26	-0.013855
12.28	-0.009966
12.3	0.004861
12.32	-0.004618
12.34	-0.00875
12.36	-0.007292
12.38	0.001215
12.4	0.00559
12.42	0.006806
12.44	-0.003403
12.46	-0.011181
12.48	-0.002674
12.5	-0.004375
12.52	0.013125
12.54	0.013612
12.56	0.030383
12.58	0.012882
12.6	0.024063
12.62	-0.004861
12.64	-0.004861
12.66	0.00316
12.68	0.00316
12.7	0.011424
12.72	0.006806
12.74	-0.004132
12.76	0.002188
12.78	-0.001701
12.8	0.002674
12.82	0.004375
12.84	0.004618
12.86	-0.002188
12.88	-0.003889
12.9	-0.002431
12.92	-0.001701
12.94	-0.01191
12.96	-0.012396
12.98	0.004375
13.0	0.007049
13.02	0.009966
13.04	0.001215
13.06	0.012153
13.08	0.002431
13.1	-0.00559
13.12	-0.00632
13.14	0.004132
13.16	0.004618
13.18	0.002431
13.2	-0.005347
13.22	0.00316
13.24	0.007049
13.26	0.019688
13.28	0.004375
13.3	0.004861
13.32	0.010452
13.34	0.00875
13.36	0.015313
13.38	0.026251
13.4	0.022362
13.42	0.012882
13.44	0.010452
13.46	0.012396
13.48	0.013612
13.5	0.007292
13.52	0.001701
13.54	0.016285
13.56	0.011667
13.58	0.000486
13.6	-0.006563
13.62	-0.010209
13.64	-0.012882
13.66	-0.007535
13.68	-0.014098
13.7	-0.015799
13.72	-0.031112
13.74	-0.026008
13.76	-0.028195
13.78	-0.029411
13.8	-0.023334
13.82	-0.009479
13.84	-0.016042
13.86	-0.014827
13.88	0.005104
13.9	0.009966
13.92	0.017987
13.94	0.009966
13.96	-0.003646
13.98	0.001215
14.0	0.013125
14.02	0.006806
14.04	-0.004132
14.06	-0.010695
14.08	-0.012639
14.1	-0.017014
14.12	-0.012153
14.14	-0.002431
14.16	-0.012639
14.18	-0.008507
14.2	-0.002917
14.22	-0.004375
14.24	-0.00875
14.26	-0.017257
14.28	-0.022605
14.3	-0.017501
14.32	-0.018473
14.34	-0.007778
14.36	-0.025279
14.38	0.000486
14.4	-0.000972
14.42	0.005834
14.44	0.003889
14.46	0.002431
14.48	0.007535
14.5	0.017014
14.52	0.029654
14.54	0.02698
14.56	0.015556
14.58	0.015313
14.6	0.01507
14.62	0.012396
14.64	0.01191
14.66	0.017987
14.68	0.002431
14.7	-0.001701
14.72	0.004375
14.74	0.009236
14.76	0.007535
14.78	0.002431
14.8	0.000729
14.82	-0.009479
14.84	-0.009236
14.86	-0.006077
14.88	-0.020903
14.9	-0.020417
14.92	-0.006806
14.94	-0.008993
14.96	-0.006077
14.98	0.002188
15.0	-0.014341
15.02	-0.014098
15.04	-0.010938
15.06	-0.008264
15.08	-0.014584
15.1	-0.024306
15.12	-0.022605
15.14	-0.026737
15.16	-0.039376
15.18	-0.034515
15.2	-0.028925
15.22	-0.025036
15.24	-0.024549
15.26	-0.029411
15.28	-0.020903
15.3	-0.022119
15.32	-0.015313
15.34	0.002188
15.36	0.00316
15.38	-0.001215
15.4	-0.001945
15.42	-0.005347
15.44	-0.003403
15.46	0.002917
15.48	-0.000972
15.5	0.006806
15.52	0.008264
15.54	0.007049
15.56	0.016528
15.58	0.023091
15.6	0.022848
15.62	0.002431
15.64	0.00559
15.66	0.00559
15.68	-0.004861
15.7	-0.004618
15.72	-0.004618
15.74	0.012882
15.76	0.009236
15.78	0.015556
15.8	0.015556
15.82	0.001215
15.84	-0.001945
15.86	-0.00559
15.88	-0.000729
15.9	-0.023334
15.92	-0.002674
15.94	0.003403
15.96	0.002917
15.98	0.003403
16.0	0.006077
16.02	-0.002674
16.04	0.012396
16.06	0.004861
16.08	0.005104
16.1	0.001215
16.12	-0.01191
16.14	-0.005104
16.16	-0.009479
16.18	0.006563
16.2	0.002431
16.22	-0.002188
16.24	-0.004132
16.26	-0.007535
16.28	-0.00316
16.3	-0.000972
16.32	0.00875
16.34	0.002431
16.36	-0.00875
16.38	-0.004375
16.4	-0.004132
16.42	-0.013855
16.44	-0.017987
16.46	-0.008993
16.48	-0.015799
16.5	-0.017987
16.52	-0.008021
16.54	-0.001701
16.56	-0.010938
16.58	-0.009479
16.6	-0.013368
16.62	-0.013855
16.64	-0.028681
16.66	-0.031112
16.68	-0.022605
16.7	-0.012153
16.72	-0.009723
16.74	-0.007778
16.76	-0.007778
16.78	-0.004375
16.8	0.006806
16.82	0.00875
16.84	0.024306
16.86	0.019931
16.88	0.005834
16.9	0.000243
16.92	0.002188
16.94	0.002674
16.96	0.01507
16.98	0.009236
17.0	0.012153
17.02	0.005834
17.04	0.006563
17.06	0.002188
17.08	-0.002431
17.1	-0.004132
17.12	-0.003403
17.14	-0.011667
17.16	-0.000972
17.18	-0.009236
17.2	-0.007535
17.22	-0.007049
17.24	-0.009236
17.26	-0.015313
17.28	-0.010695
17.3	-0.000243
17.32	-0.03014
17.34	-0.021147
17.36	-0.017257
17.38	-0.022362
17.4	-0.010938
17.42	-0.008264
17.44	-0.005834
17.46	-0.008507
17.48	0.002188
17.5	-0.00875
17.52	-0.005347
17.54	0.001458
17.56	-0.012396
17.58	-0.013612
17.6	-0.007778
17.62	0.005834
17.64	0.004375
17.66	0.00632
17.68	-0.00559
17.7	-0.000486
17.72	-0.010938
17.74	-0.018959
17.76	-0.017501
17.78	0.001701
17.8	0.003646
17.82	0.017014
17.84	0.011424
17.86	-0.009723
17.88	-0.00316
17.9	-0.010938
17.92	-0.016528
17.94	-0.019931
17.96	-0.017257
17.98	-0.008021
18.0	-0.00559
18.02	0.004132
18.04	-0.005834
18.06	0.002431
18.08	0.009966
18.1	0.004618
18.12	0.015799
18.14	0.016528
18.16	0.005104
18.18	0.008264
18.2	0.00559
18.22	0.003403
18.24	0.000729
18.26	0.012639
18.28	0.019445
18.3	0.019688
18.32	0.013612
18.34	0.014098
18.36	0.013855
18.38	0.028925
18.4	0.028195
18.42	0.021633
18.44	0.002188
18.46	-0.002917
18.48	-0.005834
18.5	-0.009236
18.52	0.002431
18.54	0.00316
18.56	0.008507
18.58	0.020174
18.6	0.019688
18.62	0.007535
18.64	-0.000486
18.66	0.003646
18.68	0.007049
18.7	0.004375
18.72	-0.008993
18.74	-0.007778
18.76	-0.002431
18.78	-0.013125
18.8	-0.019445
18.82	-0.018716
18.84	-0.013612
18.86	-0.004618
18.88	-0.001458
18.9	-0.002917
18.92	0.002188
18.94	0.00316
18.96	-0.000729
18.98	-0.001458
19.0	-0.001215
19.02	0.0
19.04	0.015799
19.06	0.009236
19.08	0.004618
19.1	0.010452
19.12	0.009966
19.14	0.011424
19.16	0.005834
19.18	0.002917
19.2	0.00559
19.22	-0.007292
19.24	-0.006077
19.26	-0.007292
19.28	-0.006077
19.3	-0.008993
19.32	-0.013612
19.34	-0.007049
19.36	0.005347
19.38	0.008507
19.4	0.004132
19.42	0.002674
19.44	0.005834
19.46	0.00875
19.48	0.002917
19.5	-0.006563
19.52	0.006077
19.54	0.008507
19.56	0.018716
19.58	0.009966
19.6	0.010452
19.62	0.004375
19.64	0.017014
19.66	0.017257
19.68	0.00559
19.7	-0.005347
19.72	-0.003403
19.74	-0.007292
19.76	-0.00559
19.78	-0.001458
19.8	-0.005104
19.82	-0.006563
19.84	-0.010452
19.86	-0.007292
19.88	-0.012153
19.9	-0.01823
19.92	-0.001701
19.94	0.00316
19.96	0.003403
19.98	0.01191
20.0	0.016285
20.02	0.00559
20.04	0.004375
20.06	-0.003403
20.08	-0.002188
20.1	0.007778
20.12	0.002674
20.14	0.003646
20.16	0.008507
20.18	0.004132
20.2	-0.004618
20.22	-0.012396
20.24	-0.016528
20.26	-0.008507
20.28	-0.00559
20.3	-0.003889
20.32	-0.007778
20.34	-0.015313
20.36	-0.009236
20.38	0.001458
20.4	-0.003646
20.42	-0.003403
20.44	-0.000972
20.46	-0.000243
20.48	0.00632
20.5	-0.004861
20.52	-0.000486
20.54	-0.000972
20.56	0.001701
20.58	0.002674
20.6	0.003403
20.62	-0.002188
20.64	-0.012153
20.66	-0.008264
20.68	0.003646
20.7	0.016285
20.72	0.005347
20.74	0.004375
20.76	0.015313
20.78	0.00875
20.8	-0.004618
20.82	0.001945
20.84	-0.001215
20.86	0.008264
20.88	-0.000243
20.9	0.0
20.92	0.002674
20.94	0.001458
20.96	-0.010938
20.98	-0.002917
21.0	-0.003889
21.02	-0.003889
21.04	0.003403
21.06	-0.004375
21.08	-0.011181
21.1	-0.011667
21.12	-0.008264
21.14	-0.004375
21.16	0.013612
21.18	0.017257
21.2	0.007535
21.22	0.014098
21.24	0.00632
21.26	0.007292
21.28	0.017744
21.3	0.017744
21.32	0.014584
21.34	0.013855
21.36	0.016771
21.38	0.0
21.4	-0.006806
21.42	-0.000972
21.44	-0.00316
21.46	0.00632
21.48	0.007778
21.5	0.009479
21.52	0.009479
21.54	-0.006563
21.56	-0.002674
21.58	0.000729
21.6	0.004132
21.62	-0.000486
21.64	0.001701
21.66	0.00559
21.68	0.011181
21.7	0.00316
21.72	0.012396
21.74	0.016042
21.76	0.024792
21.78	0.024306
21.8	0.017257
21.82	0.010938
21.84	0.015556
21.86	-0.008021
21.88	-0.012882
21.9	-0.01823
21.92	-0.031112
21.94	-0.017744
21.96	-0.007778
21.98	-0.012882
22.0	-0.021633
22.02	-0.022848
22.04	-0.009479
22.06	-0.001215
22.08	-0.001945
22.1	0.002431
22.12	0.014827
22.14	-0.002431
22.16	-0.000972
22.18	0.007049
22.2	0.004618
22.22	-0.010209
22.24	0.001215
22.26	-0.000972
22.28	0.010695
22.3	0.015556
22.32	-0.003403
22.34	-0.00875
22.36	-0.00632
22.38	-0.009723
22.4	-0.011424
22.42	-0.015313
22.44	-0.021876
22.46	-0.018473
22.48	-0.008507
22.5	-0.003889
22.52	0.004618
22.54	0.021633
22.56	0.018959
22.58	0.004861
22.6	0.000243
22.62	0.000243
22.64	-0.000972
22.66	0.002917
22.68	-0.008264
22.7	0.001945
22.72	-0.001945
22.74	-0.007049
22.76	-0.002188
22.78	0.009966
22.8	0.017501
22.82	0.012882
22.84	0.011181
22.86	0.002188
22.88	0.005347
22.9	-0.009236
22.92	-0.010209
22.94	-0.005834
22.96	-0.006563
22.98	-0.009966
23.0	-0.012153
23.02	-0.002188
23.04	-0.000486
23.06	-0.001215
23.08	0.02139
23.1	0.010938
23.12	0.00875
23.14	0.012153
23.16	0.010695
23.18	0.010938
23.2	-0.000729
23.22	0.0
23.24	-0.004861
23.26	-0.010695
23.28	0.003403
23.3	0.011667
23.32	0.00875
23.34	0.019445
23.36	0.015313
23.38	0.002188
23.4	0.007535
23.42	0.014098
23.44	0.023091
23.46	0.001458
23.48	-0.004375
23.5	-0.009723
23.52	-0.016771
23.54	-0.022605
23.56	-0.02698
23.58	-0.024306
23.6	-0.023091
23.62	-0.022362
23.64	-0.021633
23.66	-0.010452
23.68	-0.008021
23.7	0.003646
23.72	0.014341
23.74	0.006806
23.76	0.032084
23.78	0.029654
23.8	0.03889
23.82	0.026008
23.84	0.023091
23.86	0.013612
23.88	0.011181
23.9	0.009479
23.92	0.010209
23.94	-0.001458
23.96	-0.010209
23.98	-0.002431
24.0	0.002917
24.02	0.021147
24.04	0.007049
24.06	0.003403
24.08	0.000972
24.1	0.002431
24.12	0.01191
24.14	0.010209
24.16	0.016771
24.18	0.008507
24.2	0.016042
24.22	0.012396
24.24	0.006563
24.26	0.00559
24.28	0.004861
24.3	0.004132
24.32	-0.012639
24.34	-0.009236
24.36	0.006563
24.38	0.008264
24.4	-0.00559
24.42	-0.010938
24.44	0.00316
24.46	0.006563
24.48	0.000729
24.5	0.002674
24.52	0.004861
24.54	0.001701
24.56	-0.001215
24.58	-0.001945
24.6	0.002431
24.62	-0.004618
24.64	-0.00632
24.66	-0.00632
24.68	-0.010209
24.7	-0.006806
24.72	0.009236
24.74	0.013855

&

0.02	0.001701
0.04	-0.000243
0.06	-0.002188
0.08	-0.016285
0.1	-0.01823
0.12	-0.004375
0.14	0.001458
0.16	-0.012639
0.18	-0.008021
0.2	-0.001945
0.22	0.001215
0.24	-0.007292
0.26	-0.018716
0.28	-0.014098
0.3	-0.008264
0.32	-0.003403
0.34	-0.003889
0.36	-0.005834
0.38	-0.004132
0.4	-0.009966
0.42	0.002674
0.44	-0.002188
0.46	0.001215
0.48	0.004375
0.5	0.007292
0.52	0.006806
0.54	0.009236
0.56	0.002917
0.58	0.009479
0.6	-0.000729
0.62	-0.014341
0.64	-0.018716
0.66	-0.015799
0.68	-0.007049
0.7	-0.004618
0.72	-0.016528
0.74	-0.029411
0.76	-0.01191
0.78	-0.006563
0.8	-0.004375
0.82	-0.008507
0.84	-0.004861
0.86	-0.008264
0.88	-0.004861
0.9	-0.011424
0.92	-0.009236
0.94	-0.00875
0.96	0.004132
0.98	-0.003403
1.0	-0.00316
1.02	-0.001458
1.04	0.006806
1.06	0.010695
1.08	0.002431
1.1	-0.007535
1.12	0.008021
1.14	0.00559
1.16	0.010209
1.18	0.005347
1.2	0.011181
1.22	0.010452
1.24	0.016042
1.26	-0.010695
1.28	-0.007292
1.3	-0.009723
1.32	-0.014827
1.34	-0.003889
1.36	0.003646
1.38	0.001215
1.4	0.012882
1.42	0.016042
1.44	0.017501
1.46	0.005834
1.48	0.008993
1.5	0.008993
1.52	-0.005104
1.54	0.011424
1.56	-0.001215
1.58	0.004132
1.6	0.003889
1.62	0.005834
1.64	-0.000486
1.66	-0.012882
1.68	-0.018473
1.7	-0.030383
1.72	-0.024306
1.74	-0.010452
1.76	0.000729
1.78	-0.007292
1.8	-0.017501
1.82	-0.028681
1.84	-0.017501
1.86	-0.003646
1.88	-0.008264
1.9	-0.003403
1.92	-0.00632
1.94	-0.010695
1.96	-0.007778
1.98	0.009236
2.0	0.019931
2.02	0.001701
2.04	0.002188
2.06	0.00875
2.08	0.004861
2.1	0.010695
2.12	0.012396
2.14	0.019931
2.16	0.012396
2.18	0.010938
2.2	0.015313
2.22	0.010938
2.24	0.018959
2.26	0.023577
2.28	0.008993
2.3	0.009723
2.32	0.001945
2.34	-0.00875
2.36	-0.025036
2.38	-0.025279
2.4	-0.025522
2.42	-0.002188
2.44	-0.000486
2.46	-0.008993
2.48	-0.006806
2.5	-0.002674
2.52	0.004375
2.54	-0.004132
2.56	-0.002431
2.58	0.010695
2.6	0.001945
2.62	0.006077
2.64	0.00316
2.66	0.002674
2.68	-0.00316
2.7	-0.002188
2.72	-0.008264
2.74	-0.01507
2.76	-0.015313
2.78	0.001945
2.8	0.009236
2.82	0.019931
2.84	0.007292
2.86	0.019445
2.88	0.014584
2.9	0.00875
2.92	0.017987
2.94	0.009723
2.96	0.025522
2.98	0.022362
3.0	0.002188
3.02	0.010209
3.04	0.002674
3.06	0.000972
3.08	0.003889
3.1	-0.000972
3.12	0.007778
3.14	0.000972
3.16	-0.010209
3.18	-0.011667
3.2	-0.016042
3.22	-0.008993
3.24	-0.023334
3.26	-0.010209
3.28	0.005347
3.3	0.00559
3.32	0.001215
3.34	-0.00632
3.36	-0.011667
3.38	-0.010938
3.4	0.002674
3.42	0.014827
3.44	0.012639
3.46	0.008021
3.48	0.013855
3.5	0.017257
3.52	0.027952
3.54	0.016042
3.56	0.009966
3.58	0.014827
3.6	0.023091
3.62	0.022119
3.64	0.024063
3.66	0.010695
3.68	0.009966
3.7	0.010452
3.72	0.00632
3.74	0.002917
3.76	0.001458
3.78	-0.001458
3.8	-0.008264
3.82	0.001215
3.84	0.002674
3.86	-0.000486
3.88	-0.000729
3.9	0.0
3.92	0.00316
3.94	0.00316
3.96	0.01191
3.98	0.001945
4.0	0.001458
4.02	0.005347
4.04	0.002188
4.06	0.007778
4.08	0.002674
4.1	0.007049
4.12	0.004132
4.14	-0.000243
4.16	-0.015799
4.18	-0.015799
4.2	-0.00875
4.22	-0.010452
4.24	-0.001215
4.26	0.004375
4.28	0.007778
4.3	0.011424
4.32	0.013855
4.34	0.004618
4.36	0.010695
4.38	0.012882
4.4	0.021633
4.42	0.012153
4.44	0.004861
4.46	-0.005104
4.48	0.001458
4.5	-0.002674
4.52	0.000243
4.54	0.002431
4.56	0.019445
4.58	0.008021
4.6	0.00559
4.62	-0.010452
4.64	-0.00875
4.66	-0.019445
4.68	-0.017257
4.7	-0.036459
4.72	-0.019202
4.74	-0.019688
4.76	-0.014341
4.78	-0.00875
4.8	-0.014584
4.82	-0.025522
4.84	-0.017987
4.86	-0.022119
4.88	-0.015556
4.9	0.002188
4.92	0.000729
4.94	0.015799
4.96	0.017987
4.98	0.010452
5.0	0.026737
5.02	0.027466
5.04	0.01507
5.06	0.015556
5.08	0.017987
5.1	0.017257
5.12	0.010938
5.14	-0.017257
5.16	-0.013612
5.18	-0.024549
5.2	-0.022848
5.22	-0.022848
5.24	-0.016042
5.26	-0.013612
5.28	-0.015313
5.3	-0.005347
5.32	-0.004618
5.34	-0.014341
5.36	-0.013125
5.38	-0.013612
5.4	-0.022362
5.42	-0.018959
5.44	-0.013125
5.46	-0.013125
5.48	-0.011181
5.5	-0.006563
5.52	-0.002188
5.54	-0.001215
5.56	-0.013368
5.58	0.000243
5.6	-0.013855
5.62	-0.01191
5.64	-0.004618
5.66	-0.012882
5.68	-0.015313
5.7	-0.021633
5.72	-0.020903
5.74	-0.013125
5.76	-0.000972
5.78	-0.010452
5.8	-0.00559
5.82	-0.006563
5.84	-0.003403
5.86	-0.001458
5.88	-0.006806
5.9	-0.017501
5.92	-0.015313
5.94	-0.00632
5.96	-0.004132
5.98	0.003646
6.0	0.00316
6.02	0.008993
6.04	0.006077
6.06	0.010695
6.08	-0.007292
6.1	0.011424
6.12	0.020174
6.14	0.025036
6.16	0.012153
6.18	0.001458
6.2	0.009966
6.22	0.011181
6.24	0.010938
6.26	-0.002188
6.28	0.004132
6.3	-0.01823
6.32	-0.010452
6.34	0.000486
6.36	0.001701
6.38	0.002431
6.4	0.006563
6.42	0.015799
6.44	-0.001701
6.46	-0.015799
6.48	-0.025279
6.5	-0.017501
6.52	-0.020174
6.54	-0.017257
6.56	-0.003403
6.58	-0.00559
6.6	0.005347
6.62	0.000243
6.64	0.000486
6.66	-0.002188
6.68	0.003403
6.7	0.008993
6.72	0.011181
6.74	0.012153
6.76	0.013368
6.78	0.016285
6.8	-0.001945
6.82	0.009479
6.84	0.006806
6.86	0.002431
6.88	0.002674
6.9	0.008021
6.92	0.000729
6.94	-0.001215
6.96	0.002917
6.98	-0.00875
7.0	0.001215
7.02	0.019445
7.04	0.015313
7.06	0.007778
7.08	0.011667
7.1	0.011424
7.12	0.019202
7.14	0.02139
7.16	0.015556
7.18	0.017257
7.2	0.017014
7.22	0.025036
7.24	0.014584
7.26	0.002431
7.28	0.003646
7.3	0.00875
7.32	-0.005347
7.34	-0.00632
7.36	0.01507
7.38	0.017257
7.4	0.01823
7.42	0.008021
7.44	0.001701
7.46	-0.001215
7.48	-0.00559
7.5	-0.001458
7.52	-0.003889
7.54	0.003646
7.56	0.006806
7.58	0.010452
7.6	0.00559
7.62	-0.004618
7.64	0.002674
7.66	-0.000729
7.68	-0.001458
7.7	0.007292
7.72	0.00559
7.74	-0.006806
7.76	0.010695
7.78	0.004132
7.8	-0.009723
7.82	-0.011667
7.84	-0.019445
7.86	-0.019202
7.88	-0.016528
7.9	-0.008507
7.92	0.000243
7.94	-0.012882
7.96	-0.012639
7.98	-0.018959
8.0	-0.009479
8.02	0.006563
8.04	0.000486
8.06	0.001701
8.08	-0.000486
8.1	-0.002917
8.12	0.010938
8.14	0.009479
8.16	0.004618
8.18	-0.002917
8.2	0.008264
8.22	0.016042
8.24	0.02382
8.26	0.017744
8.28	0.018716
8.3	0.008264
8.32	0.013368
8.34	0.014341
8.36	0.015313
8.38	0.010452
8.4	0.000972
8.42	0.000486
8.44	0.00632
8.46	0.0
8.48	0.010209
8.5	0.001701
8.52	-0.000729
8.54	0.0
8.56	0.000486
8.58	0.009723
8.6	0.006806
8.62	-0.000729
8.64	-0.003646
8.66	-0.006077
8.68	0.007292
8.7	0.009966
8.72	0.018959
8.74	0.016285
8.76	0.021876
8.78	0.029411
8.8	0.022119
8.82	0.02066
8.84	0.019931
8.86	0.015799
8.88	0.006077
8.9	-0.001458
8.92	-0.008264
8.94	-0.010452
8.96	-0.009723
8.98	-0.008264
9.0	-0.038161
9.02	-0.033057
9.04	-0.02382
9.06	-0.01823
9.08	-0.024063
9.1	-0.026494
9.12	-0.022605
9.14	-0.01191
9.16	0.008021
9.18	0.00559
9.2	0.008993
9.22	0.006077
9.24	0.004132
9.26	0.000486
9.28	0.003889
9.3	0.003889
9.32	0.000243
9.34	-0.009236
9.36	-0.004618
9.38	-0.013855
9.4	-0.005104
9.42	0.011424
9.44	0.01191
9.46	0.010695
9.48	0.016285
9.5	0.011181
9.52	0.011424
9.54	0.015799
9.56	0.003403
9.58	0.018959
9.6	0.013125
9.62	0.03014
9.64	0.024549
9.66	0.013855
9.68	0.008264
9.7	0.009236
9.72	0.006077
9.74	0.007778
9.76	0.008993
9.78	0.020417
9.8	0.002188
9.82	0.008507
9.84	0.023334
9.86	0.023577
9.88	0.041078
9.9	0.04837
9.92	0.047154
9.94	0.028681
9.96	0.030383
9.98	0.016285
10.0	0.013612
10.02	0.006563
10.04	0.010209
10.06	-0.004132
10.08	0.007292
10.1	0.005104
10.12	0.008993
10.14	0.004618
10.16	-0.000729
10.18	-0.009723
10.2	-0.005347
10.22	-0.012396
10.24	-0.006077
10.26	-0.009236
10.28	-0.004861
10.3	-0.000243
10.32	-0.013855
10.34	-0.012396
10.36	0.003403
10.38	0.001215
10.4	0.004861
10.42	0.017014
10.44	0.017257
10.46	0.008993
10.48	-0.000243
10.5	-0.013125
10.52	-0.015556
10.54	-0.026008
10.56	-0.003403
10.58	-0.013125
10.6	-0.007778
10.62	0.004861
10.64	-0.00316
10.66	0.001215
10.68	-0.007049
10.7	-0.012882
10.72	-0.003889
10.74	-0.005104
10.76	0.003403
10.78	-0.004132
10.8	-0.001701
10.82	-0.010209
10.84	-0.00316
10.86	0.000243
10.88	-0.005347
10.9	-0.009966
10.92	-0.014341
10.94	-0.012882
10.96	-0.003403
10.98	0.000486
11.0	-0.004132
11.02	0.0
11.04	0.006077
11.06	0.01507
11.08	0.008993
11.1	0.007535
11.12	-0.008021
11.14	-0.028195
11.16	-0.021876
11.18	-0.008264
11.2	0.005834
11.22	0.001701
11.24	0.004375
11.26	0.004132
11.28	0.008993
11.3	0.008021
11.32	0.013125
11.34	0.000486
11.36	-0.000486
11.38	-0.013612
11.4	0.000972
11.42	0.007292
11.44	0.009723
11.46	0.00559
11.48	0.009479
11.5	0.008021
11.52	0.006077
11.54	-0.004132
11.56	0.004618
11.58	0.004375
11.6	0.003889
11.62	0.000243
11.64	-0.000972
11.66	-0.000972
11.68	0.006563
11.7	0.009479
11.72	0.003403
11.74	0.007535
11.76	0.003646
11.78	0.006077
11.8	0.006077
11.82	0.016285
11.84	0.008264
11.86	0.006563
11.88	0.001215
11.9	-0.002188
11.92	0.009236
11.94	0.011181
11.96	0.008507
11.98	0.009723
12.0	0.004618
12.02	0.00632
12.04	0.007292
12.06	-0.00316
12.08	0.000729
12.1	-0.005834
12.12	-0.001701
12.14	-0.017987
12.16	-0.003403
12.18	0.001945
12.2	0.00316
12.22	0.007292
12.24	0.005104
12.26	0.005834
12.28	0.00875
12.3	0.00632
12.32	0.024792
12.34	0.014341
12.36	0.033786
12.38	0.037918
12.4	0.019931
12.42	0.02382
12.44	0.02139
12.46	0.004861
12.48	0.010452
12.5	-0.004132
12.52	0.003889
12.54	0.012396
12.56	0.012153
12.58	0.002674
12.6	-0.003403
12.62	0.000486
12.64	-0.008993
12.66	-0.007778
12.68	-0.001701
12.7	-0.003646
12.72	-0.000972
12.74	0.000972
12.76	-0.012396
12.78	-0.012396
12.8	-0.011667
12.82	-0.018473
12.84	-0.01823
12.86	-0.02382
12.88	-0.013855
12.9	-0.009479
12.92	0.009236
12.94	0.003646
12.96	-0.002917
12.98	0.002188
13.0	-0.00559
13.02	0.004375
13.04	0.005834
13.06	0.002431
13.08	-0.000243
13.1	0.002188
13.12	-0.001215
13.14	0.00632
13.16	0.008993
13.18	0.006806
13.2	0.0
13.22	-0.007049
13.24	-0.008507
13.26	-0.011424
13.28	-0.020174
13.3	-0.016771
13.32	-0.012396
13.34	-0.013855
13.36	-0.019688
13.38	0.000729
13.4	0.004375
13.42	-0.001701
13.44	0.001458
13.46	-0.002917
13.48	-0.007778
13.5	-0.026008
13.52	-0.009479
13.54	-0.003889
13.56	-0.001215
13.58	0.000729
13.6	-0.009723
13.62	-0.011667
13.64	-0.000972
13.66	-0.002431
13.68	-0.00316
13.7	-0.016285
13.72	-0.011667
13.74	-0.004618
13.76	0.012396
13.78	0.015313
13.8	0.026494
13.82	0.01823
13.84	0.017744
13.86	0.02382
13.88	0.002431
13.9	-0.001458
13.92	0.0
13.94	0.005347
13.96	0.005834
13.98	0.014827
14.0	-0.001458
14.02	-0.013125
14.04	-0.018959
14.06	-0.015799
14.08	-0.007535
14.1	-0.00559
14.12	0.00316
14.14	-0.002431
14.16	0.0
14.18	-0.002674
14.2	0.002917
14.22	-0.009723
14.24	0.000972
14.26	0.007535
14.28	0.007535
14.3	0.007535
14.32	0.004375
14.34	-0.002917
14.36	-0.009723
14.38	0.00559
14.4	0.014827
14.42	0.000486
14.44	-0.00875
14.46	0.002674
14.48	0.017501
14.5	0.024792
14.52	0.014098
14.54	0.016528
14.56	0.012153
14.58	0.0
14.6	0.011181
14.62	0.012396
14.64	0.004861
14.66	0.00316
14.68	0.012396
14.7	0.020903
14.72	0.018473
14.74	0.011667
14.76	-0.005834
14.78	0.006077
14.8	0.017014
14.82	0.010938
14.84	0.02066
14.86	0.010695
14.88	-0.006077
14.9	-0.004618
14.92	-0.012153
14.94	-0.015313
14.96	-0.009479
14.98	-0.006077
15.0	0.0
15.02	0.009236
15.04	0.01507
15.06	0.019931
15.08	0.017257
15.1	0.010695
15.12	0.013125
15.14	0.007778
15.16	0.010695
15.18	0.011667
15.2	0.012153
15.22	0.02066
15.24	0.023091
15.26	0.026737
15.28	0.021876
15.3	0.008264
15.32	0.004132
15.34	0.00316
15.36	0.004618
15.38	0.01507
15.4	0.008021
15.42	0.005347
15.44	-0.00316
15.46	0.004375
15.48	0.024549
15.5	0.01507
15.52	0.007535
15.54	0.012639
15.56	-0.000972
15.58	-0.003403
15.6	0.001215
15.62	0.006563
15.64	0.011181
15.66	0.016528
15.68	0.006563
15.7	0.005834
15.72	-0.012153
15.74	0.000486
15.76	0.000729
15.78	0.005834
15.8	0.000972
15.82	-0.000972
15.84	-0.003646
15.86	0.008993
15.88	0.006806
15.9	0.004375
15.92	0.007292
15.94	0.005104
15.96	0.002917
15.98	-0.007535
16.0	0.004618
16.02	0.004375
16.04	0.003403
16.06	-0.014827
16.08	-0.008993
16.1	-0.010938
16.12	-0.007535
16.14	-0.039862
16.16	-0.018716
16.18	-0.004618
16.2	-0.001458
16.22	-0.007778
16.24	-0.005104
16.26	-0.00632
16.28	-0.011424
16.3	-0.009966
16.32	-0.014098
16.34	-0.000243
16.36	-0.002188
16.38	0.000486
16.4	0.007535
16.42	0.004618
16.44	0.012882
16.46	0.014827
16.48	0.006806
16.5	-0.000243
16.52	-0.008264
16.54	0.000972
16.56	-0.002431
16.58	-0.005104
16.6	-0.008021
16.62	-0.007778
16.64	-0.010938
16.66	0.002188
16.68	-0.00632
16.7	0.0
16.72	-0.004861
16.74	0.006563
16.76	-0.003646
16.78	0.000729
16.8	0.009479
16.82	0.009966
16.84	0.011667
16.86	0.005834
16.88	0.001701
16.9	0.019931
16.92	0.012882
16.94	0.012639
16.96	0.002917
16.98	0.013855
17.0	-0.001215
17.02	0.004618
17.04	0.00632
17.06	0.00559
17.08	0.014341
17.1	0.008264
17.12	0.008993
17.14	0.013612
17.16	0.023577
17.18	0.011667
17.2	0.008264
17.22	0.011667
17.24	0.001701
17.26	0.012153
17.28	0.012882
17.3	0.019445
17.32	0.006563
17.34	-0.005834
17.36	-0.012639
17.38	-0.009723
17.4	-0.016528
17.42	-0.00632
17.44	-0.004132
17.46	-0.009723
17.48	-0.012639
17.5	-0.003889
17.52	-0.001945
17.54	-0.009479
17.56	-0.008507
17.58	-0.013368
17.6	-0.018716
17.62	-0.015799
17.64	-0.011181
17.66	-0.015556
17.68	-0.022362
17.7	-0.02139
17.72	-0.017014
17.74	-0.014098
17.76	-0.01823
17.78	-0.012153
17.8	-0.015556
17.82	-0.015799
17.84	-0.010938
17.86	-0.011667
17.88	-0.018716
17.9	-0.01823
17.92	-0.010695
17.94	-0.006563
17.96	-0.002188
17.98	-0.014341
18.0	-0.015556
18.02	-0.008264
18.04	-0.016285
18.06	-0.009723
18.08	-0.014584
18.1	-0.016771
18.12	-0.006563
18.14	-0.008021
18.16	-0.005347
18.18	-0.008021
18.2	-0.00316
18.22	0.001701
18.24	0.004375
18.26	0.00559
18.28	-0.006563
18.3	0.003403
18.32	0.007778
18.34	-0.000729
18.36	0.013125
18.38	-0.00316
18.4	0.001945
18.42	-0.005104
18.44	-0.011181
18.46	-0.01191
18.48	-0.018959
18.5	-0.007292
18.52	-0.007292
18.54	-0.007049
18.56	0.002674
18.58	-0.000729
18.6	0.000243
18.62	0.006806
18.64	0.001458
18.66	-0.007292
18.68	-0.000729
18.7	0.016285
18.72	0.019931
18.74	0.015799
18.76	0.011424
18.78	-0.003646
18.8	0.006077
18.82	0.002917
18.84	0.002188
18.86	-0.00559
18.88	-0.000486
18.9	-0.007535
18.92	-0.025765
18.94	-0.037918
18.96	-0.034758
18.98	-0.032084
19.0	-0.008021
19.02	-0.009723
19.04	-0.00632
19.06	-0.006077
19.08	-0.005347
19.1	-0.006563
19.12	-0.014584
19.14	-0.016285
19.16	0.002188
19.18	-0.001458
19.2	-0.001701
19.22	0.009479
19.24	0.011424
19.26	-0.001215
19.28	0.000486
19.3	0.006563
19.32	0.002674
19.34	0.002674
19.36	0.0
19.38	-0.002431
19.4	0.002431
19.42	0.000243
19.44	-0.00559
19.46	-0.008264
19.48	-0.009236
19.5	-0.007778
19.52	-0.013855
19.54	-0.017501
19.56	-0.017014
19.58	-0.028925
19.6	-0.027709
19.62	-0.029168
19.64	-0.023334
19.66	-0.023091
19.68	-0.016285
19.7	-0.006563
19.72	-0.007778
19.74	-0.009723
19.76	-0.01507
19.78	-0.012153
19.8	-0.010452
19.82	-0.008507
19.84	-0.002188
19.86	0.009236
19.88	0.009723
19.9	0.002917
19.92	0.006563
19.94	0.002917
19.96	0.013368
19.98	0.017257
20.0	0.017257
20.02	0.020417
20.04	0.012396
20.06	0.014827
20.08	0.014584
20.1	0.014827
20.12	-0.000243
20.14	-0.002917
20.16	0.004618
20.18	0.009966
20.2	0.010452
20.22	0.018473
20.24	-0.005347
20.26	-0.01191
20.28	-0.013612
20.3	-0.013125
20.32	-0.019445
20.34	-0.010938
20.36	-0.015799
20.38	-0.02139
20.4	-0.017501
20.42	0.005104
20.44	0.00632
20.46	-0.001945
20.48	0.0
20.5	-0.005104
20.52	-0.004375
20.54	-0.00632
20.56	-0.012882
20.58	-0.020174
20.6	-0.016285
20.62	-0.013612
20.64	-0.02066
20.66	-0.005834
20.68	0.002431
20.7	-0.014827
20.72	-0.01191
20.74	-0.016042
20.76	-0.015799
20.78	-0.00632
20.8	0.004132
20.82	-0.014098
20.84	-0.005347
20.86	-0.006077
20.88	0.001215
20.9	0.003403
20.92	-0.002431
20.94	-0.014827
20.96	-0.018473
20.98	-0.009236
21.0	-0.004618
21.02	-0.006563
21.04	0.000243
21.06	-0.003403
21.08	-0.001215
21.1	0.002674
21.12	-0.001458
21.14	0.014584
21.16	0.001945
21.18	-0.016285
21.2	-0.011181
21.22	-0.015799
21.24	-0.014341
21.26	-0.021633
21.28	-0.021633
21.3	-0.021633
21.32	-0.024306
21.34	-0.017744
21.36	-0.023091
21.38	-0.028681
21.4	-0.012882
21.42	-0.020903
21.44	-0.012153
21.46	-0.002188
21.48	-0.013612
21.5	-0.006806
21.52	-0.007535
21.54	-0.009966
21.56	-0.005347
21.58	0.000972
21.6	0.002431
21.62	0.003403
21.64	-0.002188
21.66	-0.000729
21.68	0.001458
21.7	-0.003646
21.72	-0.009966
21.74	-0.012153
21.76	0.001215
21.78	-0.001945
21.8	0.008993
21.82	0.012639
21.84	0.017744
21.86	0.017987
21.88	0.017014
21.9	0.007049
21.92	-0.005834
21.94	-0.021876
21.96	-0.017987
21.98	-0.010695
22.0	-0.006806
22.02	-0.014827
22.04	-0.001945
22.06	-0.00632
22.08	-0.000486
22.1	-0.007778
22.12	-0.012639
22.14	-0.007778
22.16	-0.01191
22.18	-0.00632
22.2	-0.017744
22.22	-0.012153
22.24	-0.016771
22.26	-0.017014
22.28	-0.008021
22.3	-0.012882
22.32	-0.019688
22.34	-0.001215
22.36	-0.007778
22.38	-0.014341
22.4	-0.013368
22.42	-0.003646
22.44	-0.000486
22.46	-0.000243
22.48	0.001701
22.5	-0.008993
22.52	-0.002917
22.54	-0.008507
22.56	-0.010695
22.58	-0.009236
22.6	-0.000972
22.62	-0.008993
22.64	-0.009479
22.66	-0.014827
22.68	-0.014584
22.7	-0.035244
22.72	-0.032084
22.74	-0.00316
22.76	0.005104
22.78	0.006563
22.8	-0.000729
22.82	0.00559
22.84	-0.000486
22.86	0.013125
22.88	0.008021
22.9	-0.002674
22.92	-0.00559
22.94	-0.008993
22.96	-0.011667
22.98	-0.009479
23.0	-0.013368
23.02	-0.025036
23.04	-0.012396
23.06	-0.011667
23.08	0.000729
23.1	-0.02139
23.12	-0.024306
23.14	-0.027466
23.16	-0.027223
23.18	-0.028925
23.2	-0.028925
23.22	-0.02066
23.24	-0.012639
23.26	-0.015313
23.28	-0.012396
23.3	-0.017257
23.32	-0.006077
23.34	0.007049
23.36	0.009966
23.38	0.009966
23.4	0.021876
23.42	0.017257
23.44	0.015313
23.46	0.010209
23.48	0.015799
23.5	0.029168
23.52	0.021147
23.54	0.027223
23.56	0.019202
23.58	0.027952
23.6	0.010938
23.62	0.016771
23.64	0.011667
23.66	0.013855
23.68	0.010209
23.7	0.010695
23.72	0.005104
23.74	0.000729
23.76	-0.003403
23.78	0.005347
23.8	0.011424
23.82	0.016042
23.84	0.010209
23.86	0.005104
23.88	0.000243
23.9	-0.001945
23.92	-0.004861
23.94	0.004861
23.96	0.009236
23.98	0.008021
24.0	0.011424
24.02	0.007778
24.04	0.027466
24.06	0.019445
24.08	0.022605
24.1	0.029897
24.12	0.017257
24.14	0.025279
24.16	0.02139
24.18	0.01823
24.2	0.003889
24.22	0.005104
24.24	-0.008264
24.26	-0.010209
24.28	0.004618
24.3	0.005347
24.32	0.009966
24.34	0.014827
24.36	0.015313
24.38	0.013612
24.4	0.019445
24.42	0.023577
24.44	0.013855
24.46	0.014827
24.48	0.00875
24.5	0.015556
24.52	0.017987
24.54	0.025765
24.56	0.014827
24.58	0.002188
24.6	-0.006077
24.62	-0.005104
24.64	-0.005834
24.66	0.000729
24.68	-0.008264
24.7	-0.010209
24.72	-0.010452
24.74	-0.013855

&

0.02	0.000372
0.04	0.000977
0.06	0.001373
0.08	0.00178
0.1	0.002827
0.12	0.00327
0.14	0.003514
0.16	0.003851
0.18	0.003921
0.2	0.004282
0.22	0.004212
0.24	0.0042
0.26	0.004608
0.28	0.005003
0.3	0.00555
0.32	0.005096
0.34	0.005294
0.36	0.004712
0.38	0.004968
0.4	0.005155
0.42	0.005713
0.44	0.006016
0.46	0.00626
0.48	0.005771
0.5	0.005294
0.52	0.005504
0.54	0.005992
0.56	0.005678
0.58	0.005399
0.6	0.005573
0.62	0.005853
0.64	0.005876
0.66	0.005829
0.68	0.0064
0.7	0.007016
0.72	0.00733
0.74	0.007307
0.76	0.006795
0.78	0.006586
0.8	0.006667
0.82	0.006935
0.84	0.007295
0.86	0.007202
0.88	0.007342
0.9	0.007028
0.92	0.006458
0.94	0.006877
0.96	0.006202
0.98	0.006225
1.0	0.006527
1.02	0.006167
1.04	0.00633
1.06	0.006144
1.08	0.006225
1.1	0.006527
1.12	0.006772
1.14	0.005957
1.16	0.005922
1.18	0.005864
1.2	0.005213
1.22	0.005538
1.24	0.006062
1.26	0.006365
1.28	0.006423
1.3	0.006725
1.32	0.006865
1.34	0.007272
1.36	0.007435
1.38	0.007761
1.4	0.007889
1.42	0.007924
1.44	0.00818
1.46	0.008366
1.48	0.008831
1.5	0.008575
1.52	0.008634
1.54	0.008389
1.56	0.007819
1.58	0.007482
1.6	0.007039
1.62	0.006946
1.64	0.006213
1.66	0.006341
1.68	0.006376
1.7	0.006655
1.72	0.007028
1.74	0.006783
1.76	0.006714
1.78	0.006586
1.8	0.006621
1.82	0.006562
1.84	0.00626
1.86	0.005981
1.88	0.006272
1.9	0.00626
1.92	0.006597
1.94	0.005713
1.96	0.006097
1.98	0.006504
2.0	0.005841
2.02	0.006109
2.04	0.006411
2.06	0.006341
2.08	0.005783
2.1	0.005701
2.12	0.006144
2.14	0.006586
2.16	0.006016
2.18	0.005911
2.2	0.005806
2.22	0.005794
2.24	0.005876
2.26	0.00612
2.28	0.006353
2.3	0.0064
2.32	0.006702
2.34	0.00676
2.36	0.007365
2.38	0.007656
2.4	0.007586
2.42	0.006621
2.44	0.006178
2.46	0.006248
2.48	0.006725
2.5	0.006795
2.52	0.006365
2.54	0.006167
2.56	0.00626
2.58	0.006458
2.6	0.006411
2.62	0.006248
2.64	0.005992
2.66	0.005783
2.68	0.006318
2.7	0.005888
2.72	0.00562
2.74	0.00569
2.76	0.006062
2.78	0.005922
2.8	0.006423
2.82	0.006551
2.84	0.006237
2.86	0.006318
2.88	0.006132
2.9	0.005946
2.92	0.006225
2.94	0.005515
2.96	0.005748
2.98	0.005632
3.0	0.006074
3.02	0.005934
3.04	0.005527
3.06	0.005806
3.08	0.00569
3.1	0.005585
3.12	0.005946
3.14	0.005818
3.16	0.005771
3.18	0.00548
3.2	0.005492
3.22	0.004619
3.24	0.004933
3.26	0.004829
3.28	0.005504
3.3	0.00541
3.32	0.004677
3.34	0.004328
3.36	0.004224
3.38	0.004596
3.4	0.004328
3.42	0.00441
3.44	0.00441
3.46	0.004584
3.48	0.004666
3.5	0.00512
3.52	0.005608
3.54	0.005922
3.56	0.006353
3.58	0.006609
3.6	0.006213
3.62	0.006237
3.64	0.006178
3.66	0.006306
3.68	0.00626
3.7	0.006132
3.72	0.006551
3.74	0.006714
3.76	0.006516
3.78	0.006679
3.8	0.006749
3.82	0.006737
3.84	0.007133
3.86	0.007668
3.88	0.007982
3.9	0.008087
3.92	0.008424
3.94	0.0079
3.96	0.007005
3.98	0.006702
4.0	0.007063
4.02	0.006818
4.04	0.00669
4.06	0.007679
4.08	0.007039
4.1	0.007133
4.12	0.007039
4.14	0.006911
4.16	0.007051
4.18	0.006434
4.2	0.005434
4.22	0.005096
4.24	0.004992
4.26	0.005422
4.28	0.005073
4.3	0.005399
4.32	0.005504
4.34	0.005632
4.36	0.005201
4.38	0.00555
4.4	0.006027
4.42	0.006469
4.44	0.006132
4.46	0.005876
4.48	0.005934
4.5	0.006667
4.52	0.006178
4.54	0.00633
4.56	0.005969
4.58	0.006551
4.6	0.006667
4.62	0.00733
4.64	0.006655
4.66	0.006911
4.68	0.006981
4.7	0.007412
4.72	0.008156
4.74	0.008657
4.76	0.008017
4.78	0.007237
4.8	0.006795
4.82	0.006109
4.84	0.005794
4.86	0.006004
4.88	0.005946
4.9	0.006167
4.92	0.006283
4.94	0.006039
4.96	0.006085
4.98	0.006946
5.0	0.007214
5.02	0.006702
5.04	0.005806
5.06	0.005562
5.08	0.005422
5.1	0.005573
5.12	0.00612
5.14	0.005829
5.16	0.004771
5.18	0.005015
5.2	0.005015
5.22	0.004782
5.24	0.004899
5.26	0.004887
5.28	0.004596
5.3	0.00491
5.32	0.005248
5.34	0.005515
5.36	0.00491
5.38	0.005201
5.4	0.004968
5.42	0.004887
5.44	0.004759
5.46	0.00548
5.48	0.00548
5.5	0.005853
5.52	0.005748
5.54	0.005585
5.56	0.005864
5.58	0.005899
5.6	0.005922
5.62	0.005899
5.64	0.005341
5.66	0.005085
5.68	0.004852
5.7	0.004747
5.72	0.004363
5.74	0.004293
5.76	0.004038
5.78	0.004119
5.8	0.004131
5.82	0.004677
5.84	0.004677
5.86	0.004771
5.88	0.004922
5.9	0.005108
5.92	0.005841
5.94	0.006155
5.96	0.006283
5.98	0.006446
6.0	0.006016
6.02	0.005573
6.04	0.005562
6.06	0.005527
6.08	0.005364
6.1	0.005457
6.12	0.004957
6.14	0.004549
6.16	0.004759
6.18	0.005038
6.2	0.004608
6.22	0.00505
6.24	0.004305
6.26	0.004538
6.28	0.005015
6.3	0.005038
6.32	0.005155
6.34	0.005341
6.36	0.005597
6.38	0.005969
6.4	0.006365
6.42	0.006632
6.44	0.006865
6.46	0.007691
6.48	0.007877
6.5	0.006911
6.52	0.007098
6.54	0.007435
6.56	0.006888
6.58	0.006958
6.6	0.006679
6.62	0.006923
6.64	0.006946
6.66	0.006272
6.68	0.006155
6.7	0.006411
6.72	0.006341
6.74	0.006493
6.76	0.006097
6.78	0.005725
6.8	0.005736
6.82	0.005992
6.84	0.005608
6.86	0.005794
6.88	0.006109
6.9	0.005806
6.92	0.005853
6.94	0.005597
6.96	0.005888
6.98	0.006167
7.0	0.006295
7.02	0.006144
7.04	0.005306
7.06	0.004933
7.08	0.004875
7.1	0.005003
7.12	0.005015
7.14	0.005655
7.16	0.005457
7.18	0.005387
7.2	0.005352
7.22	0.005818
7.24	0.00626
7.26	0.0064
7.28	0.00669
7.3	0.006702
7.32	0.005957
7.34	0.005655
7.36	0.006272
7.38	0.006423
7.4	0.006353
7.42	0.005573
7.44	0.005922
7.46	0.005597
7.48	0.005294
7.5	0.005143
7.52	0.005108
7.54	0.005166
7.56	0.005143
7.58	0.004968
7.6	0.005061
7.62	0.004235
7.64	0.0042
7.66	0.004282
7.68	0.004701
7.7	0.00512
7.72	0.005061
7.74	0.004864
7.76	0.00491
7.78	0.00491
7.8	0.005201
7.82	0.005387
7.84	0.005678
7.86	0.00605
7.88	0.006248
7.9	0.006725
7.92	0.006923
7.94	0.007202
7.96	0.007528
7.98	0.006946
8.0	0.006516
8.02	0.00676
8.04	0.006621
8.06	0.006109
8.08	0.006004
8.1	0.005562
8.12	0.006039
8.14	0.005783
8.16	0.005864
8.18	0.005329
8.2	0.005597
8.22	0.006272
8.24	0.005864
8.26	0.005492
8.28	0.005108
8.3	0.004968
8.32	0.005271
8.34	0.005259
8.36	0.00505
8.38	0.005829
8.4	0.00576
8.42	0.005259
8.44	0.00505
8.46	0.005201
8.48	0.005096
8.5	0.004933
8.52	0.004945
8.54	0.005364
8.56	0.00498
8.58	0.004933
8.6	0.005236
8.62	0.005608
8.64	0.006295
8.66	0.006376
8.68	0.006865
8.7	0.006365
8.72	0.006644
8.74	0.007016
8.76	0.007086
8.78	0.007202
8.8	0.007272
8.82	0.006783
8.84	0.005969
8.86	0.005504
8.88	0.006062
8.9	0.006109
8.92	0.005841
8.94	0.005934
8.96	0.005969
8.98	0.006202
9.0	0.006749
9.02	0.006213
9.04	0.006795
9.06	0.006702
9.08	0.0064
9.1	0.00633
9.12	0.006434
9.14	0.006795
9.16	0.007016
9.18	0.00697
9.2	0.006946
9.22	0.006795
9.24	0.00633
9.26	0.006353
9.28	0.006481
9.3	0.006702
9.32	0.005248
9.34	0.005469
9.36	0.005213
9.38	0.005015
9.4	0.00512
9.42	0.00498
9.44	0.005538
9.46	0.00491
9.48	0.004061
9.5	0.003979
9.52	0.004096
9.54	0.004259
9.56	0.004515
9.58	0.004829
9.6	0.00484
9.62	0.004398
9.64	0.004957
9.66	0.005073
9.68	0.004922
9.7	0.004992
9.72	0.005504
9.74	0.005562
9.76	0.005888
9.78	0.005736
9.8	0.005573
9.82	0.00555
9.84	0.005387
9.86	0.005911
9.88	0.005876
9.9	0.005376
9.92	0.00548
9.94	0.005329
9.96	0.005655
9.98	0.005597
10.0	0.005585
10.02	0.005632
10.04	0.004875
10.06	0.004573
10.08	0.004771
10.1	0.004526
10.12	0.004654
10.14	0.005201
10.16	0.005655
10.18	0.005201
10.2	0.00505
10.22	0.004526
10.24	0.004794
10.26	0.004899
10.28	0.004631
10.3	0.004433
10.32	0.004421
10.34	0.005236
10.36	0.005457
10.38	0.005131
10.4	0.004864
10.42	0.005061
10.44	0.005294
10.46	0.005306
10.48	0.005341
10.5	0.005306
10.52	0.00512
10.54	0.005806
10.56	0.006632
10.58	0.006702
10.6	0.007133
10.62	0.006935
10.64	0.006679
10.66	0.006702
10.68	0.007039
10.7	0.007028
10.72	0.006737
10.74	0.007051
10.76	0.006621
10.78	0.006749
10.8	0.006272
10.82	0.005527
10.84	0.005934
10.86	0.005294
10.88	0.005376
10.9	0.005108
10.92	0.005283
10.94	0.004561
10.96	0.004003
10.98	0.004363
11.0	0.004608
11.02	0.004375
11.04	0.004561
11.06	0.005015
11.08	0.005283
11.1	0.005818
11.12	0.005957
11.14	0.005992
11.16	0.005666
11.18	0.004805
11.2	0.004771
11.22	0.004759
11.24	0.004631
11.26	0.004375
11.28	0.004049
11.3	0.003991
11.32	0.004584
11.34	0.004445
11.36	0.004433
11.38	0.00448
11.4	0.004701
11.42	0.004363
11.44	0.004794
11.46	0.004945
11.48	0.00505
11.5	0.004852
11.52	0.004515
11.54	0.00427
11.56	0.00391
11.58	0.00377
11.6	0.003386
11.62	0.002932
11.64	0.003153
11.66	0.003398
11.68	0.003619
11.7	0.00384
11.72	0.003956
11.74	0.004398
11.76	0.004387
11.78	0.004526
11.8	0.004154
11.82	0.004468
11.84	0.004631
11.86	0.004887
11.88	0.00391
11.9	0.004084
11.92	0.004026
11.94	0.004038
11.96	0.004363
11.98	0.004561
12.0	0.004887
12.02	0.004794
12.04	0.005189
12.06	0.005562
12.08	0.005573
12.1	0.006109
12.12	0.005492
12.14	0.00562
12.16	0.004992
12.18	0.004864
12.2	0.005096
12.22	0.004631
12.24	0.004736
12.26	0.005085
12.28	0.005061
12.3	0.005213
12.32	0.005178
12.34	0.005527
12.36	0.00562
12.38	0.004503
12.4	0.004293
12.42	0.004352
12.44	0.004096
12.46	0.004096
12.48	0.004282
12.5	0.004549
12.52	0.004747
12.54	0.005108
12.56	0.004899
12.58	0.005329
12.6	0.00555
12.62	0.005422
12.64	0.00555
12.66	0.005201
12.68	0.005469
12.7	0.005376
12.72	0.005608
12.74	0.005783
12.76	0.005981
12.78	0.005608
12.8	0.005713
12.82	0.005678
12.84	0.005981
12.86	0.005643
12.88	0.006039
12.9	0.006225
12.92	0.006155
12.94	0.00633
12.96	0.006016
12.98	0.006434
13.0	0.006795
13.02	0.007389
13.04	0.007505
13.06	0.007284
13.08	0.007039
13.1	0.007447
13.12	0.007133
13.14	0.006597
13.16	0.005701
13.18	0.005189
13.2	0.00605
13.22	0.006004
13.24	0.00612
13.26	0.005864
13.28	0.005573
13.3	0.005899
13.32	0.006353
13.34	0.006481
13.36	0.0064
13.38	0.006295
13.4	0.005981
13.42	0.005841
13.44	0.006132
13.46	0.006272
13.48	0.006167
13.5	0.005946
13.52	0.005236
13.54	0.005666
13.56	0.005364
13.58	0.00541
13.6	0.005387
13.62	0.005585
13.64	0.005876
13.66	0.00569
13.68	0.005829
13.7	0.006004
13.72	0.005771
13.74	0.006423
13.76	0.006923
13.78	0.006213
13.8	0.005969
13.82	0.006167
13.84	0.006365
13.86	0.006202
13.88	0.006434
13.9	0.006318
13.92	0.006074
13.94	0.006667
13.96	0.006946
13.98	0.007214
14.0	0.006749
14.02	0.006725
14.04	0.006388
14.06	0.006388
14.08	0.005969
14.1	0.006155
14.12	0.005946
14.14	0.006353
14.16	0.006539
14.18	0.006237
14.2	0.005888
14.22	0.005585
14.24	0.004864
14.26	0.005003
14.28	0.005073
14.3	0.005387
14.32	0.004933
14.34	0.00498
14.36	0.005213
14.38	0.005829
14.4	0.005736
14.42	0.006213
14.44	0.006027
14.46	0.005085
14.48	0.005341
14.5	0.005283
14.52	0.005283
14.54	0.005457
14.56	0.005236
14.58	0.004456
14.6	0.004817
14.62	0.005096
14.64	0.004899
14.66	0.005201
14.68	0.004712
14.7	0.004526
14.72	0.004794
14.74	0.004701
14.76	0.005061
14.78	0.005155
14.8	0.004782
14.82	0.005073
14.84	0.005085
14.86	0.005527
14.88	0.005294
14.9	0.00555
14.92	0.005725
14.94	0.005818
14.96	0.00612
14.98	0.005399
15.0	0.005969
15.02	0.005492
15.04	0.005504
15.06	0.005818
15.08	0.006551
15.1	0.006423
15.12	0.006667
15.14	0.007074
15.16	0.006818
15.18	0.006749
15.2	0.00555
15.22	0.005492
15.24	0.005981
15.26	0.006318
15.28	0.006446
15.3	0.006807
15.32	0.0074
15.34	0.006911
15.36	0.006958
15.38	0.006783
15.4	0.007249
15.42	0.006749
15.44	0.006295
15.46	0.006493
15.48	0.006667
15.5	0.006772
15.52	0.00669
15.54	0.006667
15.56	0.007005
15.58	0.007179
15.6	0.007621
15.62	0.007482
15.64	0.007435
15.66	0.007528
15.68	0.007528
15.7	0.0069
15.72	0.007133
15.74	0.006946
15.76	0.007226
15.78	0.006493
15.8	0.005725
15.82	0.005992
15.84	0.005527
15.86	0.005608
15.88	0.005829
15.9	0.005794
15.92	0.005876
15.94	0.005341
15.96	0.005259
15.98	0.004526
16.0	0.004003
16.02	0.003968
16.04	0.00448
16.06	0.004712
16.08	0.004794
16.1	0.004538
16.12	0.00505
16.14	0.005155
16.16	0.005608
16.18	0.005259
16.2	0.005562
16.22	0.005434
16.24	0.005515
16.26	0.00548
16.28	0.005143
16.3	0.005224
16.32	0.005515
16.34	0.005317
16.36	0.005899
16.38	0.005678
16.4	0.00619
16.42	0.005911
16.44	0.006039
16.46	0.006306
16.48	0.006527
16.5	0.00676
16.52	0.006434
16.54	0.006388
16.56	0.006574
16.58	0.006283
16.6	0.006469
16.62	0.006341
16.64	0.005597
16.66	0.005294
16.68	0.005597
16.7	0.005725
16.72	0.006144
16.74	0.00569
16.76	0.006085
16.78	0.005504
16.8	0.005155
16.82	0.004293
16.84	0.004794
16.86	0.004189
16.88	0.004224
16.9	0.004596
16.92	0.00484
16.94	0.005015
16.96	0.005329
16.98	0.00555
17.0	0.00548
17.02	0.005364
17.04	0.005341
17.06	0.00484
17.08	0.00555
17.1	0.005713
17.12	0.006016
17.14	0.005515
17.16	0.005131
17.18	0.005399
17.2	0.006225
17.22	0.006551
17.24	0.006714
17.26	0.006923
17.28	0.007319
17.3	0.006388
17.32	0.006853
17.34	0.00669
17.36	0.006644
17.38	0.006074
17.4	0.006132
17.42	0.005492
17.44	0.006016
17.46	0.006527
17.48	0.006295
17.5	0.006493
17.52	0.006749
17.54	0.007063
17.56	0.006702
17.58	0.006109
17.6	0.006225
17.62	0.005783
17.64	0.005981
17.66	0.005538
17.68	0.004875
17.7	0.004701
17.72	0.004689
17.74	0.00491
17.76	0.005178
17.78	0.005387
17.8	0.005457
17.82	0.005387
17.84	0.005096
17.86	0.005492
17.88	0.005771
17.9	0.005725
17.92	0.005748
17.94	0.006132
17.96	0.005329
17.98	0.005399
18.0	0.00562
18.02	0.005736
18.04	0.00569
18.06	0.005608
18.08	0.005969
18.1	0.005399
18.12	0.004887
18.14	0.005457
18.16	0.006109
18.18	0.006085
18.2	0.006074
18.22	0.005434
18.24	0.005364
18.26	0.00569
18.28	0.005224
18.3	0.005527
18.32	0.005632
18.34	0.00562
18.36	0.006062
18.38	0.005166
18.4	0.005608
18.42	0.005725
18.44	0.005643
18.46	0.004875
18.48	0.004817
18.5	0.004747
18.52	0.004677
18.54	0.004677
18.56	0.004701
18.58	0.005189
18.6	0.004887
18.62	0.005178
18.64	0.004933
18.66	0.005434
18.68	0.005166
18.7	0.005108
18.72	0.005341
18.74	0.005364
18.76	0.00555
18.78	0.005643
18.8	0.005853
18.82	0.005713
18.84	0.005899
18.86	0.005306
18.88	0.005655
18.9	0.005597
18.92	0.005736
18.94	0.005736
18.96	0.005562
18.98	0.005538
19.0	0.005422
19.02	0.005515
19.04	0.006085
19.06	0.006481
19.08	0.006085
19.1	0.005957
19.12	0.006202
19.14	0.006167
19.16	0.006365
19.18	0.0064
19.2	0.005934
19.22	0.006434
19.24	0.0064
19.26	0.005969
19.28	0.00569
19.3	0.005771
19.32	0.005736
19.34	0.005981
19.36	0.005748
19.38	0.005946
19.4	0.006714
19.42	0.00619
19.44	0.006109
19.46	0.005934
19.48	0.00619
19.5	0.006248
19.52	0.00626
19.54	0.006667
19.56	0.006318
19.58	0.006097
19.6	0.00562
19.62	0.005538
19.64	0.005445
19.66	0.004887
19.68	0.005259
19.7	0.005504
19.72	0.005585
19.74	0.00612
19.76	0.00576
19.78	0.005794
19.8	0.005981
19.82	0.005515
19.84	0.00491
19.86	0.003956
19.88	0.003793
19.9	0.003898
19.92	0.004352
19.94	0.00441
19.96	0.004689
19.98	0.004887
20.0	0.005073
20.02	0.004805
20.04	0.004829
20.06	0.004643
20.08	0.004922
20.1	0.004666
20.12	0.004584
20.14	0.00448
20.16	0.003467
20.18	0.003421
20.2	0.003491
20.22	0.003619
20.24	0.003956
20.26	0.004352
20.28	0.004526
20.3	0.004654
20.32	0.004817
20.34	0.00484
20.36	0.004805
20.38	0.004677
20.4	0.004666
20.42	0.004131
20.44	0.004259
20.46	0.003735
20.48	0.003886
20.5	0.00427
20.52	0.004817
20.54	0.005027
20.56	0.005027
20.58	0.005213
20.6	0.005341
20.62	0.00562
20.64	0.005876
20.66	0.005538
20.68	0.005178
20.7	0.005445
20.72	0.005108
20.74	0.004747
20.76	0.004421
20.78	0.004328
20.8	0.004864
20.82	0.004887
20.84	0.005085
20.86	0.005061
20.88	0.004864
20.9	0.00512
20.92	0.004899
20.94	0.005294
20.96	0.005504
20.98	0.005771
21.0	0.005806
21.02	0.005783
21.04	0.006062
21.06	0.005841
21.08	0.006039
21.1	0.005876
21.12	0.006004
21.14	0.00619
21.16	0.006609
21.18	0.005725
21.2	0.006085
21.22	0.006434
21.24	0.006597
21.26	0.007086
21.28	0.007307
21.3	0.006097
21.32	0.006516
21.34	0.006632
21.36	0.006306
21.38	0.006539
21.4	0.006202
21.42	0.005725
21.44	0.005155
21.46	0.005783
21.48	0.005748
21.5	0.005922
21.52	0.006516
21.54	0.005748
21.56	0.005922
21.58	0.005434
21.6	0.005643
21.62	0.005585
21.64	0.004584
21.66	0.004957
21.68	0.005329
21.7	0.005329
21.72	0.005376
21.74	0.005655
21.76	0.00569
21.78	0.005911
21.8	0.005794
21.82	0.006085
21.84	0.006062
21.86	0.005387
21.88	0.005504
21.9	0.006004
21.92	0.005306
21.94	0.005038
21.96	0.005096
21.98	0.005597
22.0	0.005364
22.02	0.005387
22.04	0.005573
22.06	0.005527
22.08	0.005632
22.1	0.005818
22.12	0.005876
22.14	0.005748
22.16	0.005899
22.18	0.006062
22.2	0.0064
22.22	0.005678
22.24	0.005166
22.26	0.004724
22.28	0.005061
22.3	0.004922
22.32	0.005038
22.34	0.005178
22.36	0.005189
22.38	0.005201
22.4	0.005701
22.42	0.005003
22.44	0.005399
22.46	0.005597
22.48	0.005771
22.5	0.00562
22.52	0.005736
22.54	0.005748
22.56	0.006004
22.58	0.006237
22.6	0.006295
22.62	0.00619
22.64	0.006807
22.66	0.007342
22.68	0.00733
22.7	0.006877
22.72	0.007167
22.74	0.006516
22.76	0.006888
22.78	0.00733
22.8	0.007226
22.82	0.006888
22.84	0.007074
22.86	0.007086
22.88	0.006923
22.9	0.006853
22.92	0.007133
22.94	0.007319
22.96	0.007551
22.98	0.007051
23.0	0.006644
23.02	0.006516
23.04	0.006225
23.06	0.006318
23.08	0.006155
23.1	0.006551
23.12	0.006446
23.14	0.006085
23.16	0.006586
23.18	0.006888
23.2	0.006609
23.22	0.006155
23.24	0.006283
23.26	0.006341
23.28	0.006621
23.3	0.006877
23.32	0.00676
23.34	0.006714
23.36	0.007144
23.38	0.006655
23.4	0.005922
23.42	0.005922
23.44	0.005725
23.46	0.006144
23.48	0.006178
23.5	0.005981
23.52	0.00619
23.54	0.006062
23.56	0.00612
23.58	0.006644
23.6	0.007819
23.62	0.007202
23.64	0.007482
23.66	0.006818
23.68	0.007179
23.7	0.006946
23.72	0.006632
23.74	0.006388
23.76	0.006679
23.78	0.006725
23.8	0.007016
23.82	0.006597
23.84	0.006295
23.86	0.006365
23.88	0.006737
23.9	0.006504
23.92	0.006772
23.94	0.006772
23.96	0.006772
23.98	0.006923
24.0	0.006877
24.02	0.007063
24.04	0.00733
24.06	0.007517
24.08	0.0069
24.1	0.006853
24.12	0.007074
24.14	0.007144
24.16	0.007202
24.18	0.006376
24.2	0.005864
24.22	0.005515
24.24	0.005387
24.26	0.005806
24.28	0.006155
24.3	0.005992
24.32	0.005922
24.34	0.005643
24.36	0.005259
24.38	0.005515
24.4	0.00569
24.42	0.005585
24.44	0.005725
24.46	0.005469
24.48	0.00548
24.5	0.005061
24.52	0.005236
24.54	0.005224
24.56	0.005771
24.58	0.00569
24.6	0.004643
24.62	0.004864
24.64	0.005073
24.66	0.005387
24.68	0.005794
24.7	0.005841
24.72	0.005736
24.74	0.005259

&

