0.21	10.0
0.42	10.0
0.63	10.0
0.84	10.0
1.05	10.0
1.26	10.0
1.47	10.0
1.68	10.0
1.89	10.0
2.1	10.0
2.31	10.0
2.52	10.0
2.73	10.0
2.94	10.0
3.15	10.0
3.36	10.0
3.57	10.0
3.78	10.0
3.99	10.0
4.2	10.0
4.41	10.0
4.62	10.0
4.83	10.0
5.04	10.0
5.25	10.0
5.46	10.0
5.67	10.0
5.88	10.0
6.09	10.0
6.3	10.0
6.51	10.0
6.72	10.0
6.93	10.0
7.14	10.0
7.35	10.0
7.56	10.0
7.77	10.0
7.98	10.0
8.19	10.0
8.4	10.0
8.61	10.0
8.82	10.0
9.03	10.0
9.24	10.0
9.45	10.0
9.66	10.0
9.87	10.0
10.08	10.0
10.29	10.0
10.5	10.0
10.71	10.0
10.92	10.0
11.13	10.0
11.34	10.0
11.55	10.0
11.76	10.0
11.97	10.0
12.18	10.0
12.39	10.0
12.6	10.0
12.81	10.0
13.02	10.0
13.23	10.0
13.44	10.0
13.65	10.0
13.86	10.0
14.07	10.0
14.28	10.0
14.49	10.0
14.7	10.0
14.91	10.0
15.12	10.0
15.33	10.0
15.54	10.0
15.75	10.0
15.96	10.0
16.17	10.0
16.38	10.0
16.59	10.0
16.8	10.0
17.01	10.0
17.22	10.0
17.43	10.0
17.64	10.0
17.85	10.0
18.06	10.0
18.27	10.0
18.48	10.0
18.69	10.0
18.9	10.0
19.11	10.0
19.32	10.0
19.53	10.0
19.74	10.0
19.95	10.0
20.16	10.0
20.37	10.0
20.58	10.0
20.79	10.0
21.0	10.0
21.21	10.0
21.42	10.0
21.63	10.0
21.84	10.0
22.05	10.0
22.26	10.0
22.47	10.0
22.68	10.0
22.89	10.0
23.1	10.0
23.31	10.0
23.52	10.0
23.73	10.0
23.94	10.0
24.15	10.0
24.36	10.0
24.57	10.0
24.78	10.0
24.99	10.0
25.2	10.0
25.41	10.0
25.62	10.0
25.83	10.0
26.04	10.0
26.25	10.0
26.46	10.0
26.67	10.0
26.88	10.0
27.09	10.0
27.3	10.0
27.51	10.0
27.72	10.0
27.93	10.0
28.14	10.0
28.35	10.0
28.56	10.0
28.77	10.0
28.98	10.0
29.19	10.0
29.4	10.0
29.61	10.0
29.82	10.0
30.03	10.0
30.24	10.0
30.45	10.0
30.66	10.0
30.87	10.0
31.08	10.0
31.29	10.0
31.5	10.0
31.71	10.0
31.92	10.0
32.13	10.0
32.34	10.0
32.55	10.0
32.76	10.0
32.97	10.0
33.18	10.0
33.39	10.0
33.6	10.0
33.81	10.0
34.02	10.0
34.23	10.0
34.44	10.0
34.65	10.0
34.86	10.0
35.07	10.0
35.28	10.0
35.49	10.0
35.7	10.0
35.91	10.0
36.12	10.0
36.33	10.0
36.54	10.0
36.75	10.0
36.96	10.0
37.17	10.0
37.38	10.0
37.59	10.0
37.8	10.0
38.01	10.0
38.22	10.0
38.43	10.0
38.64	10.0
38.85	10.0
39.06	10.0
39.27	10.0
39.48	10.0
39.69	10.0
39.9	10.0
40.11	10.0
40.32	10.0
40.53	10.0
40.74	10.0
40.95	10.0
41.16	10.0
41.37	10.0
41.58	10.0
41.79	10.0
42.0	10.0
42.21	10.0
42.42	10.0
42.63	10.0
42.84	10.0
43.05	10.0
43.26	10.0
43.47	10.0
43.68	10.0
43.89	10.0
44.1	10.0
44.31	10.0
44.52	10.0
44.73	10.0
44.94	10.0
45.15	10.0
45.36	10.0
45.57	10.0
45.78	10.0
45.99	10.0
46.2	10.0
46.41	10.0
46.62	10.0
46.83	10.0
47.04	10.0
47.25	10.0
47.46	10.0
47.67	10.0
47.88	10.0
48.09	10.0
48.3	10.0
48.51	10.0
48.72	10.0
48.93	10.0
49.14	10.0
49.35	10.0
49.56	10.0
49.77	10.0
49.98	10.0
50.19	10.0
50.4	10.0
50.61	10.0
50.82	10.0
51.03	10.0
51.24	10.0
51.45	10.0
51.66	10.0
51.87	10.0
52.08	10.0
52.29	10.0
52.5	10.0
52.71	10.0
52.92	10.0
53.13	10.0
53.34	10.0
53.55	10.0
53.76	10.0
53.97	10.0
54.18	10.0
54.39	10.0
54.6	10.0
54.81	10.0
55.02	10.0
55.23	10.0
55.44	10.0
55.65	10.0
55.86	10.0
56.07	10.0
56.28	10.0
56.49	10.0
56.7	10.0
56.91	10.0
57.12	10.0
57.33	10.0
57.54	10.0
57.75	10.0
57.96	10.0
58.17	10.0
58.38	10.0
58.59	10.0
58.8	10.0
59.01	10.0
59.22	10.0
59.43	10.0
59.64	10.0
59.85	10.0
60.06	10.0
60.27	10.0
60.48	10.0
60.69	10.0
60.9	10.0
61.11	10.0
61.32	10.0
61.53	10.0
61.74	10.0
61.95	10.0
62.16	10.0
62.37	10.0
62.58	10.0
62.79	10.0
63.0	10.0
63.21	10.0
63.42	10.0
63.63	10.0
63.84	10.0
64.05	10.0
64.26	10.0
64.47	10.0
64.68	10.0
64.89	10.0
65.1	10.0
65.31	10.0
65.52	10.0
65.73	10.0
65.94	10.0
66.15	10.0
66.36	10.0
66.57	10.0
66.78	10.0
66.99	10.0
67.2	10.0
67.41	10.0
67.62	10.0
67.83	10.0
68.04	10.0
68.25	10.0
68.46	10.0
68.67	10.0
68.88	10.0
69.09	10.0
69.3	10.0
69.51	10.0
69.72	10.0
69.93	10.0
70.14	10.0
70.35	10.0
70.56	10.0
70.77	10.0
70.98	10.0
71.19	10.0
71.4	10.0
71.61	10.0
71.82	10.0
72.03	10.0
72.24	10.0
72.45	10.0
72.66	10.0
72.87	10.0
73.08	10.0
73.29	10.0
73.5	10.0
73.71	10.0
73.92	10.0
74.13	10.0
74.34	10.0
74.55	10.0
74.76	10.0
74.97	10.0
75.18	10.0
75.39	10.0
75.6	10.0
75.81	10.0
76.02	10.0
76.23	10.0
76.44	10.0
76.65	10.0
76.86	10.0
77.07	10.0
77.28	10.0
77.49	10.0
77.7	10.0
77.91	10.0
78.12	10.0
78.33	10.0
78.54	10.0
78.75	10.0
78.96	10.0
79.17	10.0
79.38	10.0
79.59	10.0
79.8	10.0
80.01	10.0
80.22	10.0
80.43	10.0
80.64	10.0
80.85	10.0
81.06	10.0
81.27	10.0
81.48	10.0
81.69	10.0
81.9	10.0
82.11	10.0
82.32	10.0
82.53	10.0
82.74	10.0
82.95	10.0
83.16	10.0
83.37	10.0
83.58	10.0
83.79	10.0
84.0	10.0
84.21	10.0
84.42	10.0
84.63	10.0
84.84	10.0
85.05	10.0
85.26	10.0
85.47	10.0
85.68	10.0
85.89	10.0
86.1	10.0
86.31	10.0
86.52	10.0
86.73	10.0
86.94	10.0
87.15	10.0
87.36	10.0
87.57	10.0
87.78	10.0
87.99	10.0
88.2	10.0
88.41	10.0
88.62	10.0
88.83	10.0
89.04	10.0
89.25	10.0
89.46	10.0
89.67	10.0
89.88	10.0
90.09	10.0
90.3	10.0
90.51	10.0
90.72	10.0
90.93	10.0
91.14	10.0
91.35	10.0
91.56	10.0
91.77	10.0
91.98	10.0
92.19	10.0
92.4	10.0
92.61	10.0
92.82	10.0
93.03	10.0
93.24	10.0
93.45	10.0
93.66	10.0
93.87	10.0
94.08	10.0
94.29	10.0
94.5	10.0
94.71	10.0
94.92	10.0
95.13	10.0
95.34	10.0
95.55	10.0
95.76	10.0
95.97	10.0
96.18	10.0
96.39	10.0
96.6	10.0
96.81	10.0
97.02	10.0
97.23	10.0
97.44	10.0
97.65	10.0
97.86	10.0
98.07	10.0
98.28	10.0
98.49	10.0
98.7	10.0
98.91	10.0
99.12	10.0
99.33	10.0
99.54	10.0
99.75	10.0
99.96	10.0
100.17	10.0
100.38	10.0
100.59	10.0
100.8	10.0
101.01	10.0
101.22	10.0
101.43	10.0
101.64	10.0
101.85	10.0
102.06	10.0
102.27	10.0
102.48	10.0
102.69	10.0
102.9	10.0
103.11	10.0
103.32	10.0
103.53	10.0
103.74	10.0
103.95	10.0
104.16	10.0
104.37	10.0
104.58	10.0
104.79	10.0
105.0	10.0
105.21	10.0
105.42	10.0
105.63	10.0
105.84	10.0
106.05	10.0
106.26	10.0
106.47	10.0
106.68	10.0
106.89	10.0
107.1	10.0
107.31	10.0
107.52	10.0
107.73	10.0
107.94	10.0
108.15	10.0
108.36	10.0
108.57	10.0
108.78	10.0
108.99	10.0
109.2	10.0
109.41	10.0
109.62	10.0
109.83	10.0
110.04	10.0
110.25	10.0
110.46	10.0
110.67	10.0
110.88	10.0
111.09	10.0
111.3	10.0
111.51	10.0
111.72	10.0
111.93	10.0
112.14	10.0
112.35	10.0
112.56	10.0
112.77	10.0
112.98	10.0
113.19	10.0
113.4	10.0
113.61	10.0
113.82	10.0
114.03	10.0
114.24	10.0
114.45	10.0
114.66	10.0
114.87	10.0
115.08	10.0
115.29	10.0
115.5	10.0
115.71	10.0
115.92	10.0
116.13	10.0
116.34	10.0
116.55	10.0
116.76	10.0
116.97	10.0
117.18	10.0
117.39	10.0
117.6	10.0
117.81	10.0
118.02	10.0
118.23	10.0
118.44	10.0
118.65	10.0
118.86	10.0
119.07	10.0
119.28	10.0
119.49	10.0
119.7	10.0
119.91	10.0
120.12	10.0
120.33	10.0
120.54	10.0
120.75	10.0
120.96	10.0
121.17	10.0
121.38	10.0
121.59	10.0
121.8	10.0
122.01	10.0
122.22	10.0
122.43	10.0
122.64	10.0
122.85	10.0
123.06	10.0
123.27	10.0
123.48	10.0
123.69	10.0
123.9	10.0
124.11	10.0
124.32	10.0
124.53	10.0
124.74	10.0
124.95	10.0
125.16	10.0
125.37	10.0
125.58	10.0
125.79	10.0
126.0	10.0
126.21	10.0
126.42	10.0
126.63	10.0
126.84	10.0
127.05	10.0
127.26	10.0
127.47	10.0
127.68	10.0
127.89	10.0
128.1	10.0
128.31	10.0
128.52	10.0
128.73	10.0
128.94	10.0
129.15	10.0
129.36	10.0
129.57	10.0
129.78	10.0
129.99	10.0
130.2	10.0
130.41	10.0
130.62	10.0
130.83	10.0
131.04	10.0
131.25	10.0
131.46	10.0
131.67	10.0
131.88	10.0
132.09	10.0
132.3	10.0
132.51	10.0
132.72	10.0
132.93	10.0
133.14	10.0
133.35	10.0
133.56	10.0
133.77	10.0
133.98	10.0
134.19	10.0
134.4	10.0
134.61	10.0
134.82	10.0
135.03	10.0
135.24	10.0
135.45	10.0
135.66	10.0
135.87	10.0
136.08	10.0
136.29	10.0
136.5	10.0
136.71	10.0
136.92	10.0
137.13	10.0
137.34	10.0
137.55	10.0
137.76	10.0
137.97	10.0
138.18	10.0
138.39	10.0
138.6	10.0
138.81	10.0
139.02	10.0
139.23	10.0
139.44	10.0
139.65	10.0
139.86	10.0
140.07	10.0
140.28	10.0
140.49	10.0
140.7	10.0
140.91	10.0
141.12	10.0
141.33	10.0
141.54	10.0
141.75	10.0
141.96	10.0
142.17	10.0
142.38	10.0
142.59	10.0
142.8	10.0
143.01	10.0
143.22	10.0
143.43	10.0
143.64	10.0
143.85	10.0
144.06	10.0
144.27	10.0
144.48	10.0
144.69	10.0
144.9	10.0
145.11	10.0
145.32	10.0
145.53	10.0
145.74	10.0
145.95	10.0
146.16	10.0
146.37	10.0
146.58	10.0
146.79	10.0
147.0	10.0
147.21	10.0
147.42	10.0
147.63	10.0
147.84	10.0
148.05	10.0
148.26	10.0
148.47	10.0
148.68	10.0
148.89	10.0
149.1	10.0
149.31	10.0
149.52	10.0
149.73	10.0
149.94	10.0
150.15	10.0
150.36	10.0
150.57	10.0
150.78	10.0
150.99	10.0
151.2	10.0
151.41	10.0
151.62	10.0
151.83	10.0
152.04	10.0
152.25	10.0
152.46	10.0
152.67	10.0
152.88	10.0
153.09	10.0
153.3	10.0

&

0.21	-3.23619
0.42	-6.13527
0.63	-6.77486
0.84	-8.14978
1.05	-10.0877
1.26	-7.51647
1.47	-7.7938
1.68	-8.17132
1.89	-9.01008
2.1	-9.54344
2.31	-8.84355
2.52	-7.70069
2.73	-9.20376
2.94	-8.95101
3.15	-9.8069
3.36	-9.56389
3.57	-10.0484
3.78	-8.70586
3.99	-8.26351
4.2	-8.45091
4.41	-8.75209
4.62	-10.5959
4.83	-9.66875
5.04	-10.3115
5.25	-10.1034
5.46	-9.76092
5.67	-10.0551
5.88	-8.59247
6.09	-6.76989
6.3	-7.41373
6.51	-8.53253
6.72	-9.53299
6.93	-7.17755
7.14	-7.26118
7.35	-6.62685
7.56	-7.59686
7.77	-6.7854
7.98	-7.4443
8.19	-8.42515
8.4	-8.15693
8.61	-7.51245
8.82	-7.5567
9.03	-8.28177
9.24	-8.39452
9.45	-9.46941
9.66	-8.5446
9.87	-7.64055
10.08	-8.60816
10.29	-8.99619
10.5	-9.9094
10.71	-8.69101
10.92	-7.40546
11.13	-6.99284
11.34	-8.09082
11.55	-8.32848
11.76	-8.48295
11.97	-9.0507
12.18	-11.0142
12.39	-9.92435
12.6	-10.3303
12.81	-10.0613
13.02	-10.7573
13.23	-10.1569
13.44	-9.60952
13.65	-8.45338
13.86	-8.06692
14.07	-7.53311
14.28	-8.33474
14.49	-8.38211
14.7	-8.86528
14.91	-8.30242
15.12	-9.88261
15.33	-10.0252
15.54	-9.99883
15.75	-10.9482
15.96	-10.9458
16.17	-10.288
16.38	-8.08676
16.59	-8.96237
16.8	-9.0161
17.01	-7.84398
17.22	-8.41597
17.43	-8.60725
17.64	-6.95321
17.85	-8.38679
18.06	-8.50521
18.27	-7.08292
18.48	-6.0229
18.69	-6.0373
18.9	-6.25236
19.11	-6.52761
19.32	-4.85776
19.53	-6.23762
19.74	-7.11772
19.95	-9.20457
20.16	-9.55236
20.37	-11.2084
20.58	-11.5437
20.79	-11.3638
21.0	-10.7096
21.21	-10.3359
21.42	-8.84544
21.63	-7.71007
21.84	-7.23828
22.05	-7.99813
22.26	-7.67619
22.47	-6.78415
22.68	-6.81949
22.89	-7.74752
23.1	-9.70574
23.31	-8.59665
23.52	-8.16305
23.73	-5.71564
23.94	-5.71492
24.15	-6.38937
24.36	-6.94841
24.57	-8.08365
24.78	-8.49126
24.99	-8.25625
25.2	-8.33962
25.41	-8.4851
25.62	-6.51445
25.83	-6.65005
26.04	-7.11576
26.25	-8.13326
26.46	-8.38816
26.67	-7.04875
26.88	-9.19562
27.09	-8.75507
27.3	-7.47406
27.51	-7.70191
27.72	-7.60083
27.93	-6.9349
28.14	-8.15381
28.35	-8.56051
28.56	-8.71949
28.77	-7.212
28.98	-7.68153
29.19	-7.84549
29.4	-8.79781
29.61	-10.6747
29.82	-11.1625
30.03	-12.8209
30.24	-11.8773
30.45	-9.47336
30.66	-7.92394
30.87	-8.87266
31.08	-8.75082
31.29	-7.76028
31.5	-7.96829
31.71	-6.48415
31.92	-7.22682
32.13	-7.05743
32.34	-5.4676
32.55	-6.30856
32.76	-7.6508
32.97	-6.79882
33.18	-8.60197
33.39	-7.91447
33.6	-9.68839
33.81	-9.91573
34.02	-10.2958
34.23	-11.2068
34.44	-10.3462
34.65	-8.82266
34.86	-7.89119
35.07	-7.78854
35.28	-8.1133
35.49	-8.12727
35.7	-6.30185
35.91	-6.88033
36.12	-6.51015
36.33	-8.04136
36.54	-8.19725
36.75	-8.16561
36.96	-7.40997
37.17	-7.55343
37.38	-9.75983
37.59	-9.50103
37.8	-8.74392
38.01	-8.75908
38.22	-9.24272
38.43	-8.76255
38.64	-10.5077
38.85	-10.5821
39.06	-10.9822
39.27	-8.50629
39.48	-8.80535
39.69	-9.74061
39.9	-8.68164
40.11	-8.42525
40.32	-8.29817
40.53	-7.52059
40.74	-7.35124
40.95	-5.34025
41.16	-6.81605
41.37	-8.12293
41.58	-6.55086
41.79	-6.56813
42.0	-7.5928
42.21	-8.15455
42.42	-8.10797
42.63	-8.20736
42.84	-8.92382
43.05	-6.5579
43.26	-8.371
43.47	-7.71506
43.68	-7.50437
43.89	-8.08737
44.1	-9.61595
44.31	-9.50667
44.52	-9.4074
44.73	-9.69351
44.94	-10.3942
45.15	-10.0879
45.36	-7.01217
45.57	-7.28447
45.78	-8.75039
45.99	-7.72285
46.2	-6.04426
46.41	-5.84273
46.62	-6.7957
46.83	-7.15481
47.04	-6.93013
47.25	-6.56606
47.46	-7.27311
47.67	-9.1748
47.88	-7.27496
48.09	-7.9109
48.3	-7.46244
48.51	-8.12591
48.72	-8.55883
48.93	-9.5185
49.14	-8.15492
49.35	-8.83887
49.56	-8.56201
49.77	-8.03969
49.98	-8.8515
50.19	-7.9878
50.4	-8.93143
50.61	-9.11326
50.82	-10.8442
51.03	-8.97001
51.24	-8.72874
51.45	-8.62777
51.66	-9.25443
51.87	-7.95002
52.08	-7.51935
52.29	-7.66369
52.5	-7.20276
52.71	-7.38423
52.92	-7.34641
53.13	-8.02934
53.34	-9.62805
53.55	-9.85919
53.76	-8.8763
53.97	-9.37625
54.18	-10.1992
54.39	-12.1212
54.6	-11.0166
54.81	-10.6433
55.02	-9.9008
55.23	-8.24311
55.44	-9.7265
55.65	-7.0246
55.86	-7.9132
56.07	-6.75826
56.28	-6.16005
56.49	-8.42529
56.7	-10.0652
56.91	-10.0416
57.12	-11.5932
57.33	-11.4938
57.54	-12.4945
57.75	-13.4832
57.96	-10.7202
58.17	-9.44745
58.38	-7.75326
58.59	-7.34699
58.8	-7.92065
59.01	-7.64867
59.22	-7.3148
59.43	-7.71519
59.64	-6.40468
59.85	-7.05825
60.06	-6.98245
60.27	-5.85936
60.48	-5.90788
60.69	-8.20699
60.9	-5.89745
61.11	-5.82233
61.32	-6.30647
61.53	-8.188
61.74	-9.13354
61.95	-10.4219
62.16	-12.0665
62.37	-9.78777
62.58	-8.7433
62.79	-9.92935
63.0	-10.02
63.21	-8.53763
63.42	-9.63798
63.63	-9.14005
63.84	-8.96784
64.05	-9.84315
64.26	-8.09361
64.47	-7.73166
64.68	-7.6574
64.89	-6.96881
65.1	-7.1783
65.31	-8.86834
65.52	-9.87429
65.73	-9.32584
65.94	-10.3356
66.15	-10.5572
66.36	-11.9794
66.57	-11.1355
66.78	-11.3889
66.99	-10.939
67.2	-8.65888
67.41	-8.31356
67.62	-6.63266
67.83	-8.53543
68.04	-9.30492
68.25	-9.34976
68.46	-7.70183
68.67	-8.6165
68.88	-9.90241
69.09	-9.3357
69.3	-9.53345
69.51	-9.3921
69.72	-10.4324
69.93	-9.29378
70.14	-7.2707
70.35	-5.86078
70.56	-5.73098
70.77	-4.89439
70.98	-5.60751
71.19	-7.28473
71.4	-5.52355
71.61	-7.09857
71.82	-8.87534
72.03	-10.9526
72.24	-10.6593
72.45	-10.8578
72.66	-9.7762
72.87	-10.0631
73.08	-9.03121
73.29	-8.14473
73.5	-9.08533
73.71	-9.49838
73.92	-8.23602
74.13	-9.27329
74.34	-10.4336
74.55	-11.7762
74.76	-9.10631
74.97	-9.3405
75.18	-8.91167
75.39	-10.3248
75.6	-8.53528
75.81	-7.73219
76.02	-7.1242
76.23	-6.39798
76.44	-5.62826
76.65	-7.23837
76.86	-8.21508
77.07	-9.42431
77.28	-10.1559
77.49	-11.9249
77.7	-9.70453
77.91	-10.1975
78.12	-9.39412
78.33	-8.96116
78.54	-10.4798
78.75	-9.8135
78.96	-9.56071
79.17	-9.55974
79.38	-10.0205
79.59	-10.0127
79.8	-10.4335
80.01	-9.61634
80.22	-9.34361
80.43	-9.8497
80.64	-9.26866
80.85	-9.2768
81.06	-7.24618
81.27	-7.16864
81.48	-7.7079
81.69	-7.07234
81.9	-7.75165
82.11	-7.36889
82.32	-7.76609
82.53	-8.50998
82.74	-8.49916
82.95	-9.05664
83.16	-8.74905
83.37	-7.53913
83.58	-6.81003
83.79	-7.00571
84.0	-7.357
84.21	-7.58439
84.42	-8.22945
84.63	-8.68009
84.84	-10.3683
85.05	-8.7841
85.26	-6.5451
85.47	-6.33452
85.68	-8.20328
85.89	-8.30009
86.1	-8.52521
86.31	-8.65105
86.52	-9.27614
86.73	-9.45931
86.94	-8.89125
87.15	-9.44627
87.36	-7.72122
87.57	-8.89204
87.78	-6.65933
87.99	-6.6963
88.2	-8.04373
88.41	-6.96313
88.62	-7.39274
88.83	-7.551
89.04	-8.21964
89.25	-9.59834
89.46	-9.96423
89.67	-10.6574
89.88	-9.36384
90.09	-9.05269
90.3	-7.59309
90.51	-9.28285
90.72	-10.3563
90.93	-10.7259
91.14	-9.19733
91.35	-10.2012
91.56	-12.0931
91.77	-10.0727
91.98	-9.02185
92.19	-6.42206
92.4	-7.73736
92.61	-9.76559
92.82	-8.58675
93.03	-7.77056
93.24	-7.3491
93.45	-7.27683
93.66	-7.20459
93.87	-6.91673
94.08	-6.8202
94.29	-7.7594
94.5	-8.67581
94.71	-8.13616
94.92	-8.7658
95.13	-10.2266
95.34	-10.5257
95.55	-10.2628
95.76	-10.1015
95.97	-9.79618
96.18	-10.918
96.39	-10.8358
96.6	-8.99386
96.81	-9.63364
97.02	-9.07414
97.23	-9.1723
97.44	-7.54783
97.65	-8.70331
97.86	-7.70224
98.07	-6.85006
98.28	-6.63434
98.49	-7.43378
98.7	-7.83502
98.91	-7.47207
99.12	-9.75092
99.33	-9.51378
99.54	-9.40931
99.75	-9.61427
99.96	-10.2056
100.17	-9.79509
100.38	-10.3432
100.59	-10.7443
100.8	-9.99712
101.01	-9.80971
101.22	-9.06493
101.43	-9.45932
101.64	-8.47432
101.85	-8.24944
102.06	-6.08916
102.27	-5.78212
102.48	-6.39358
102.69	-7.77735
102.9	-7.93512
103.11	-9.17295
103.32	-8.89231
103.53	-9.84018
103.74	-8.31812
103.95	-8.57921
104.16	-8.30742
104.37	-7.84462
104.58	-7.49008
104.79	-7.49058
105.0	-9.8686
105.21	-9.68892
105.42	-9.37645
105.63	-9.55099
105.84	-9.11698
106.05	-9.15187
106.26	-6.57498
106.47	-7.6695
106.68	-8.1041
106.89	-8.7347
107.1	-9.85956
107.31	-8.59495
107.52	-8.66134
107.73	-8.81234
107.94	-8.60822
108.15	-9.50089
108.36	-8.57943
108.57	-7.80159
108.78	-9.37392
108.99	-10.3014
109.2	-10.7726
109.41	-8.83559
109.62	-7.83567
109.83	-8.69431
110.04	-8.09109
110.25	-6.84949
110.46	-7.03904
110.67	-8.05599
110.88	-8.08423
111.09	-9.18571
111.3	-10.4086
111.51	-9.92948
111.72	-9.32799
111.93	-9.6698
112.14	-9.49288
112.35	-9.09253
112.56	-8.89855
112.77	-10.6257
112.98	-10.6505
113.19	-10.0395
113.4	-8.68494
113.61	-9.44346
113.82	-11.0532
114.03	-9.80737
114.24	-9.63959
114.45	-8.78
114.66	-9.13431
114.87	-9.44408
115.08	-10.5636
115.29	-9.55299
115.5	-6.49606
115.71	-7.0697
115.92	-8.08958
116.13	-9.24621
116.34	-9.20944
116.55	-9.85915
116.76	-8.8246
116.97	-9.06377
117.18	-9.78848
117.39	-7.75704
117.6	-8.51947
117.81	-8.7266
118.02	-9.97582
118.23	-9.16588
118.44	-8.18266
118.65	-7.11293
118.86	-8.90755
119.07	-9.74182
119.28	-9.33498
119.49	-6.71901
119.7	-7.45893
119.91	-8.82785
120.12	-8.57231
120.33	-8.37364
120.54	-9.75245
120.75	-9.16992
120.96	-7.38443
121.17	-6.2526
121.38	-7.49344
121.59	-8.3061
121.8	-7.30984
122.01	-8.52416
122.22	-7.33625
122.43	-7.6119
122.64	-8.86374
122.85	-9.06044
123.06	-6.56578
123.27	-7.5279
123.48	-5.67196
123.69	-5.81753
123.9	-7.31831
124.11	-7.55436
124.32	-8.97162
124.53	-9.7096
124.74	-9.66362
124.95	-6.77284
125.16	-8.04261
125.37	-9.38141
125.58	-8.985
125.79	-8.77566
126.0	-9.76308
126.21	-9.11712
126.42	-10.8488
126.63	-10.3657
126.84	-10.2817
127.05	-9.34158
127.26	-8.2531
127.47	-7.43504
127.68	-8.35516
127.89	-8.52501
128.1	-8.61361
128.31	-8.57111
128.52	-8.05402
128.73	-8.50748
128.94	-9.04676
129.15	-8.98355
129.36	-7.14661
129.57	-6.25709
129.78	-5.69023
129.99	-5.47194
130.2	-7.13099
130.41	-8.17616
130.62	-6.19518
130.83	-6.78266
131.04	-7.44849
131.25	-8.10047
131.46	-8.83795
131.67	-8.80203
131.88	-8.4942
132.09	-8.48855
132.3	-7.87898
132.51	-6.02575
132.72	-7.59891
132.93	-8.99657
133.14	-9.49903
133.35	-10.4386
133.56	-11.2024
133.77	-9.58697
133.98	-10.3805
134.19	-8.6487
134.4	-7.94567
134.61	-7.91773
134.82	-8.99961
135.03	-9.07845
135.24	-9.34269
135.45	-10.543
135.66	-9.6195
135.87	-8.43985
136.08	-7.92142
136.29	-7.35687
136.5	-7.20913
136.71	-6.41967
136.92	-6.91315
137.13	-8.06697
137.34	-7.82641
137.55	-6.54135
137.76	-6.5591
137.97	-7.50963
138.18	-7.64449
138.39	-8.06086
138.6	-6.92895
138.81	-6.60866
139.02	-8.4335
139.23	-8.63913
139.44	-7.41214
139.65	-8.84531
139.86	-9.19872
140.07	-6.92161
140.28	-7.3254
140.49	-8.65301
140.7	-8.82641
140.91	-7.68709
141.12	-8.05404
141.33	-9.33138
141.54	-8.98461
141.75	-9.82094
141.96	-10.1005
142.17	-9.55994
142.38	-10.3528
142.59	-9.74688
142.8	-9.64929
143.01	-10.5123
143.22	-11.6254
143.43	-12.0087
143.64	-9.99619
143.85	-10.1568
144.06	-8.57331
144.27	-8.40405
144.48	-9.71527
144.69	-8.7277
144.9	-7.90736
145.11	-6.82145
145.32	-6.92317
145.53	-7.79068
145.74	-8.84387
145.95	-9.59745
146.16	-11.5125
146.37	-12.0048
146.58	-11.0619
146.79	-9.55213
147.0	-9.04102
147.21	-8.68657
147.42	-8.20006
147.63	-8.03725
147.84	-9.22091
148.05	-10.4439
148.26	-10.505
148.47	-11.2341
148.68	-6.48546
148.89	-7.87846
149.1	-9.01562
149.31	-9.25491
149.52	-9.96448
149.73	-8.49885
149.94	-7.92068
150.15	-8.99601
150.36	-9.05241
150.57	-8.13559
150.78	-7.48901
150.99	-6.39654
151.2	-6.78215
151.41	-7.94727
151.62	-10.0278
151.83	-9.1357
152.04	-9.33633
152.25	-7.60754
152.46	-7.49376
152.67	-8.52196
152.88	-8.04479
153.09	-7.89749
153.3	-8.38429

&

0.21	-0.856629
0.42	-1.72503
0.63	-2.21894
0.84	-3.1767
1.05	-4.73252
1.26	-4.26174
1.47	-4.91946
1.68	-4.67978
1.89	-4.90352
2.1	-5.32853
2.31	-6.52359
2.52	-6.40597
2.73	-7.3493
2.94	-6.89134
3.15	-7.96002
3.36	-6.83091
3.57	-6.99286
3.78	-6.74732
3.99	-6.42984
4.2	-5.04009
4.41	-6.06917
4.62	-6.9732
4.83	-6.76996
5.04	-7.8986
5.25	-8.63285
5.46	-8.33037
5.67	-8.96171
5.88	-8.03645
6.09	-6.49939
6.3	-7.31552
6.51	-8.38499
6.72	-7.71814
6.93	-5.80615
7.14	-5.76798
7.35	-6.10379
7.56	-6.19118
7.77	-6.08695
7.98	-5.37035
8.19	-6.45833
8.4	-6.12893
8.61	-5.91648
8.82	-6.29974
9.03	-5.33837
9.24	-4.17631
9.45	-5.61954
9.66	-6.7122
9.87	-5.9163
10.08	-6.30839
10.29	-7.24608
10.5	-9.05251
10.71	-9.16717
10.92	-8.78373
11.13	-7.23657
11.34	-8.42473
11.55	-9.30221
11.76	-8.58394
11.97	-8.46777
12.18	-10.3256
12.39	-8.16225
12.6	-8.97609
12.81	-8.45357
13.02	-10.173
13.23	-9.22346
13.44	-9.10408
13.65	-8.80108
13.86	-9.08141
14.07	-9.17305
14.28	-7.66533
14.49	-8.15349
14.7	-8.02775
14.91	-6.1775
15.12	-7.86941
15.33	-7.71139
15.54	-8.98687
15.75	-10.5786
15.96	-12.8211
16.17	-13.4704
16.38	-10.5738
16.59	-9.70632
16.8	-10.743
17.01	-9.7774
17.22	-9.75231
17.43	-10.4202
17.64	-8.12308
17.85	-7.11626
18.06	-8.05978
18.27	-7.04463
18.48	-6.32946
18.69	-5.43806
18.9	-5.8963
19.11	-5.62339
19.32	-3.67487
19.53	-4.13942
19.74	-5.18846
19.95	-6.57176
20.16	-6.5376
20.37	-7.71119
20.58	-8.35945
20.79	-8.43651
21.0	-8.89108
21.21	-9.7822
21.42	-10.5532
21.63	-9.41662
21.84	-7.36899
22.05	-6.26825
22.26	-6.03001
22.47	-5.17727
22.68	-4.7116
22.89	-5.37521
23.1	-6.84231
23.31	-6.99597
23.52	-5.86597
23.73	-3.75811
23.94	-4.03596
24.15	-4.53149
24.36	-4.91731
24.57	-5.2467
24.78	-5.45923
24.99	-6.49656
25.2	-6.82574
25.41	-7.07567
25.62	-6.52573
25.83	-6.41722
26.04	-6.63716
26.25	-6.15311
26.46	-6.73465
26.67	-5.46145
26.88	-6.57293
27.09	-7.08294
27.3	-4.6504
27.51	-5.85435
27.72	-6.16009
27.93	-4.77942
28.14	-5.79102
28.35	-6.84664
28.56	-6.93974
28.77	-4.14818
28.98	-4.35016
29.19	-5.40467
29.4	-5.45257
29.61	-7.11953
29.82	-8.61325
30.03	-11.0563
30.24	-10.8316
30.45	-9.12136
30.66	-8.49718
30.87	-9.01764
31.08	-8.12759
31.29	-7.92461
31.5	-6.96283
31.71	-6.45788
31.92	-6.72504
32.13	-6.81074
32.34	-5.83936
32.55	-6.39505
32.76	-5.18126
32.97	-4.76029
33.18	-5.48074
33.39	-5.39049
33.6	-6.26079
33.81	-5.8587
34.02	-5.31249
34.23	-6.86506
34.44	-6.82874
34.65	-5.73814
34.86	-4.29452
35.07	-3.53836
35.28	-4.4095
35.49	-5.00695
35.7	-2.86858
35.91	-3.02412
36.12	-2.83128
36.33	-3.56613
36.54	-3.67218
36.75	-3.74759
36.96	-3.95085
37.17	-4.07548
37.38	-4.89557
37.59	-5.44133
37.8	-6.19092
38.01	-6.90425
38.22	-6.59716
38.43	-6.09502
38.64	-6.54948
38.85	-7.6235
39.06	-8.43482
39.27	-7.97146
39.48	-6.57507
39.69	-8.027
39.9	-8.23025
40.11	-7.55874
40.32	-6.07851
40.53	-6.26179
40.74	-6.0363
40.95	-4.42988
41.16	-5.32405
41.37	-6.55898
41.58	-6.05241
41.79	-6.49988
42.0	-5.96112
42.21	-6.40293
42.42	-6.79274
42.63	-7.03821
42.84	-6.48369
43.05	-6.13005
43.26	-7.43553
43.47	-6.01638
43.68	-6.88499
43.89	-7.31131
44.1	-7.21774
44.31	-8.04431
44.52	-8.67039
44.73	-8.85519
44.94	-9.69459
45.15	-10.4326
45.36	-7.38917
45.57	-5.66733
45.78	-6.59193
45.99	-5.88933
46.2	-4.62978
46.41	-3.56548
46.62	-4.0634
46.83	-4.14664
47.04	-2.98734
47.25	-2.66429
47.46	-3.35671
47.67	-4.13041
47.88	-3.6911
48.09	-3.42096
48.3	-4.95165
48.51	-5.71198
48.72	-6.02044
48.93	-6.66194
49.14	-5.45606
49.35	-6.281
49.56	-6.46644
49.77	-5.87563
49.98	-5.83661
50.19	-5.29835
50.4	-4.75445
50.61	-4.51115
50.82	-6.1483
51.03	-4.93099
51.24	-4.42634
51.45	-5.2661
51.66	-5.79992
51.87	-5.46671
52.08	-4.87972
52.29	-4.68552
52.5	-4.37332
52.71	-3.25165
52.92	-3.55552
53.13	-4.1008
53.34	-4.6898
53.55	-5.17108
53.76	-4.36182
53.97	-4.55787
54.18	-4.95497
54.39	-6.81971
54.6	-7.79615
54.81	-8.02247
55.02	-8.63666
55.23	-7.84746
55.44	-9.35157
55.65	-8.32473
55.86	-8.37873
56.07	-6.30223
56.28	-3.66519
56.49	-4.79333
56.7	-6.22658
56.91	-7.00425
57.12	-7.39951
57.33	-8.16957
57.54	-9.80499
57.75	-12.0405
57.96	-12.5368
58.17	-10.8454
58.38	-7.70073
58.59	-8.06841
58.8	-6.40118
59.01	-6.13225
59.22	-6.63055
59.43	-7.16068
59.64	-6.78687
59.85	-7.90869
60.06	-6.57307
60.27	-3.32831
60.48	-3.67067
60.69	-3.39249
60.9	-1.63192
61.11	-1.77138
61.32	-1.87424
61.53	-2.96197
61.74	-4.19226
61.95	-5.57498
62.16	-7.15895
62.37	-7.58063
62.58	-6.77544
62.79	-9.05863
63.0	-9.28016
63.21	-7.34844
63.42	-8.03505
63.63	-8.47282
63.84	-8.15173
64.05	-8.13151
64.26	-7.68448
64.47	-6.65295
64.68	-7.30543
64.89	-5.54812
65.1	-4.30598
65.31	-5.64806
65.52	-5.91097
65.73	-5.92465
65.94	-7.43906
66.15	-8.1706
66.36	-10.1444
66.57	-9.48737
66.78	-9.77568
66.99	-9.94068
67.2	-6.93286
67.41	-6.41753
67.62	-4.24568
67.83	-5.8106
68.04	-5.75636
68.25	-5.9564
68.46	-4.69263
68.67	-5.96076
68.88	-7.24861
69.09	-7.7887
69.3	-9.06664
69.51	-9.69656
69.72	-10.1054
69.93	-10.5033
70.14	-9.01769
70.35	-5.27374
70.56	-5.1165
70.77	-4.94858
70.98	-3.5388
71.19	-4.71186
71.4	-2.9714
71.61	-3.54093
71.82	-4.79327
72.03	-6.28121
72.24	-7.6547
72.45	-9.26853
72.66	-8.62146
72.87	-8.88498
73.08	-8.25094
73.29	-8.68295
73.5	-8.22183
73.71	-8.35397
73.92	-8.11241
74.13	-9.20908
74.34	-9.5265
74.55	-10.0714
74.76	-8.08159
74.97	-8.61768
75.18	-6.7911
75.39	-8.36848
75.6	-6.50299
75.81	-6.27214
76.02	-6.9149
76.23	-7.56216
76.44	-5.89758
76.65	-6.1226
76.86	-6.23482
77.07	-7.02833
77.28	-8.46753
77.49	-9.19721
77.7	-7.39604
77.91	-7.56854
78.12	-6.28403
78.33	-5.09772
78.54	-5.9575
78.75	-6.64964
78.96	-7.11726
79.17	-7.16769
79.38	-7.90149
79.59	-8.43147
79.8	-9.50067
80.01	-9.04999
80.22	-10.1517
80.43	-10.5788
80.64	-11.6287
80.85	-12.6353
81.06	-11.9667
81.27	-10.1866
81.48	-9.68401
81.69	-9.49591
81.9	-8.54802
82.11	-7.48557
82.32	-7.9917
82.53	-8.66592
82.74	-7.71603
82.95	-8.28791
83.16	-8.52809
83.37	-8.56734
83.58	-6.40099
83.79	-5.7644
84.0	-4.94785
84.21	-4.69484
84.42	-5.38891
84.63	-5.27607
84.84	-7.23269
85.05	-8.04983
85.26	-7.82905
85.47	-4.64834
85.68	-5.39378
85.89	-5.83674
86.1	-4.78367
86.31	-5.85355
86.52	-5.41867
86.73	-5.5425
86.94	-4.92853
87.15	-4.45536
87.36	-3.86976
87.57	-4.96541
87.78	-4.4535
87.99	-4.54395
88.2	-5.73013
88.41	-4.00387
88.62	-4.36432
88.83	-4.46592
89.04	-5.6058
89.25	-5.61672
89.46	-6.62493
89.67	-7.7298
89.88	-6.55165
90.09	-6.47657
90.3	-4.94388
90.51	-4.79486
90.72	-5.79753
90.93	-5.94478
91.14	-5.74956
91.35	-6.50906
91.56	-8.56718
91.77	-8.86997
91.98	-8.72617
92.19	-7.08328
92.4	-8.23692
92.61	-9.85752
92.82	-10.0351
93.03	-8.05166
93.24	-6.45951
93.45	-7.52592
93.66	-8.10153
93.87	-4.79415
94.08	-4.82054
94.29	-5.29005
94.5	-5.63125
94.71	-6.13637
94.92	-7.55423
95.13	-8.61312
95.34	-8.64417
95.55	-8.51678
95.76	-8.5491
95.97	-8.3148
96.18	-9.98457
96.39	-10.0005
96.6	-9.83151
96.81	-10.7594
97.02	-10.0498
97.23	-11.1142
97.44	-10.6438
97.65	-9.33216
97.86	-9.13751
98.07	-5.78867
98.28	-4.45285
98.49	-4.84812
98.7	-5.80713
98.91	-5.92262
99.12	-6.17689
99.33	-6.20545
99.54	-7.7247
99.75	-8.19531
99.96	-9.19346
100.17	-9.65455
100.38	-10.3391
100.59	-9.28449
100.8	-9.95108
101.01	-10.6392
101.22	-9.91742
101.43	-10.99
101.64	-10.6971
101.85	-10.5433
102.06	-7.26308
102.27	-6.98806
102.48	-6.63411
102.69	-7.58508
102.9	-5.93367
103.11	-7.06124
103.32	-7.65742
103.53	-9.2956
103.74	-6.21829
103.95	-6.81823
104.16	-6.54789
104.37	-5.79681
104.58	-6.06064
104.79	-4.52369
105.0	-5.99509
105.21	-5.62145
105.42	-5.59168
105.63	-6.70178
105.84	-7.21662
106.05	-5.31827
106.26	-3.27222
106.47	-4.4244
106.68	-4.28862
106.89	-5.00005
107.1	-6.44721
107.31	-6.0271
107.52	-5.98311
107.73	-5.57913
107.94	-6.5074
108.15	-7.74207
108.36	-7.80624
108.57	-6.92161
108.78	-8.32447
108.99	-8.87065
109.2	-10.4202
109.41	-10.2783
109.62	-6.4675
109.83	-6.60586
110.04	-6.00148
110.25	-5.57097
110.46	-5.23749
110.67	-5.41615
110.88	-4.38886
111.09	-5.7014
111.3	-6.47848
111.51	-7.07252
111.72	-7.11318
111.93	-6.79897
112.14	-6.72652
112.35	-5.02003
112.56	-4.94754
112.77	-6.47017
112.98	-7.36453
113.19	-5.97854
113.4	-6.0774
113.61	-5.90704
113.82	-7.23292
114.03	-7.0134
114.24	-8.09843
114.45	-6.32223
114.66	-6.09627
114.87	-6.57156
115.08	-8.23751
115.29	-8.7062
115.5	-5.75545
115.71	-5.02532
115.92	-4.7308
116.13	-5.73284
116.34	-6.45997
116.55	-7.16733
116.76	-5.19118
116.97	-5.94901
117.18	-7.25169
117.39	-5.73729
117.6	-5.46907
117.81	-6.37484
118.02	-6.92366
118.23	-6.41659
118.44	-6.12159
118.65	-5.96485
118.86	-7.24545
119.07	-8.81777
119.28	-9.86595
119.49	-8.82701
119.7	-8.65864
119.91	-6.48181
120.12	-6.30819
120.33	-5.45714
120.54	-6.71601
120.75	-7.23004
120.96	-6.18367
121.17	-5.02711
121.38	-4.89281
121.59	-6.00874
121.8	-6.01855
122.01	-6.57616
122.22	-5.46809
122.43	-6.04457
122.64	-7.41268
122.85	-7.88868
123.06	-6.11141
123.27	-6.89639
123.48	-5.50382
123.69	-4.84096
123.9	-6.08736
124.11	-3.03878
124.32	-3.49977
124.53	-5.27129
124.74	-6.14189
124.95	-4.58585
125.16	-5.21799
125.37	-6.64925
125.58	-6.13121
125.79	-6.70208
126.0	-8.64068
126.21	-8.11538
126.42	-9.67344
126.63	-10.022
126.84	-10.1325
127.05	-9.27628
127.26	-8.83335
127.47	-7.93714
127.68	-8.55334
127.89	-7.4018
128.1	-8.35941
128.31	-8.29652
128.52	-8.76832
128.73	-9.78764
128.94	-9.66915
129.15	-10.9621
129.36	-9.61651
129.57	-8.89353
129.78	-6.91909
129.99	-7.06742
130.2	-8.29116
130.41	-8.26004
130.62	-5.7363
130.83	-5.14946
131.04	-6.16829
131.25	-5.25717
131.46	-5.99576
131.67	-5.7766
131.88	-5.47048
132.09	-4.90781
132.3	-6.10633
132.51	-4.87008
132.72	-5.30054
132.93	-6.59113
133.14	-6.69153
133.35	-6.57046
133.56	-7.67889
133.77	-6.04152
133.98	-7.65609
134.19	-6.78167
134.4	-6.51219
134.61	-6.49534
134.82	-6.39465
135.03	-6.91102
135.24	-6.84935
135.45	-8.43583
135.66	-9.02168
135.87	-7.79312
136.08	-8.28438
136.29	-8.88433
136.5	-9.69287
136.71	-9.39088
136.92	-8.5158
137.13	-10.5366
137.34	-10.1027
137.55	-10.6546
137.76	-7.78592
137.97	-6.04995
138.18	-6.05796
138.39	-6.6657
138.6	-4.66807
138.81	-4.59503
139.02	-5.87037
139.23	-5.50041
139.44	-3.71986
139.65	-4.7828
139.86	-5.71063
140.07	-5.56895
140.28	-4.31217
140.49	-5.06734
140.7	-5.02505
140.91	-3.9381
141.12	-3.88272
141.33	-3.63547
141.54	-4.02269
141.75	-3.76244
141.96	-4.834
142.17	-4.68249
142.38	-6.12997
142.59	-5.54565
142.8	-5.79436
143.01	-7.14236
143.22	-8.85243
143.43	-10.0023
143.64	-8.67545
143.85	-9.34901
144.06	-7.03219
144.27	-7.36339
144.48	-8.83376
144.69	-9.29058
144.9	-7.03867
145.11	-5.75979
145.32	-4.79049
145.53	-5.8124
145.74	-6.50234
145.95	-6.17355
146.16	-8.04925
146.37	-8.55745
146.58	-9.05769
146.79	-8.97635
147.0	-8.18129
147.21	-8.60911
147.42	-6.77811
147.63	-5.57697
147.84	-4.26016
148.05	-5.7767
148.26	-7.19427
148.47	-8.7855
148.68	-5.55855
148.89	-6.81136
149.1	-7.60732
149.31	-8.51688
149.52	-9.48302
149.73	-8.59692
149.94	-7.69894
150.15	-7.75125
150.36	-7.19974
150.57	-7.36707
150.78	-7.37356
150.99	-6.93864
151.2	-5.48174
151.41	-6.43288
151.62	-5.80139
151.83	-5.8529
152.04	-5.91267
152.25	-5.17127
152.46	-4.99025
152.67	-5.86245
152.88	-6.37749
153.09	-6.86853
153.3	-6.03891

&

