0.21	10.0
0.42	10.0
0.63	10.0
0.84	10.0
1.05	10.0
1.26	10.0
1.47	10.0
1.68	10.0
1.89	10.0
2.1	10.0
2.31	10.0
2.52	10.0
2.73	10.0
2.94	10.0
3.15	10.0
3.36	10.0
3.57	10.0
3.78	10.0
3.99	10.0
4.2	10.0
4.41	10.0
4.62	10.0
4.83	10.0
5.04	10.0
5.25	10.0
5.46	10.0
5.67	10.0
5.88	10.0
6.09	10.0
6.3	10.0
6.51	10.0
6.72	10.0
6.93	10.0
7.14	10.0
7.35	10.0
7.56	10.0
7.77	10.0
7.98	10.0
8.19	10.0
8.4	10.0
8.61	10.0
8.82	10.0
9.03	10.0
9.24	10.0
9.45	10.0
9.66	10.0
9.87	10.0
10.08	10.0
10.29	10.0
10.5	10.0
10.71	10.0
10.92	10.0
11.13	10.0
11.34	10.0
11.55	10.0
11.76	10.0
11.97	10.0
12.18	10.0
12.39	10.0
12.6	10.0
12.81	10.0
13.02	10.0
13.23	10.0
13.44	10.0
13.65	10.0
13.86	10.0
14.07	10.0
14.28	10.0
14.49	10.0
14.7	10.0
14.91	10.0
15.12	10.0
15.33	10.0
15.54	10.0
15.75	10.0
15.96	10.0
16.17	10.0
16.38	10.0
16.59	10.0
16.8	10.0
17.01	10.0
17.22	10.0
17.43	10.0
17.64	10.0
17.85	10.0
18.06	10.0
18.27	10.0
18.48	10.0
18.69	10.0
18.9	10.0
19.11	10.0
19.32	10.0
19.53	10.0
19.74	10.0
19.95	10.0
20.16	10.0
20.37	10.0
20.58	10.0
20.79	10.0
21.0	10.0
21.21	10.0
21.42	10.0
21.63	10.0
21.84	10.0
22.05	10.0
22.26	10.0
22.47	10.0
22.68	10.0
22.89	10.0
23.1	10.0
23.31	10.0
23.52	10.0
23.73	10.0
23.94	10.0
24.15	10.0
24.36	10.0
24.57	10.0
24.78	10.0
24.99	10.0
25.2	10.0
25.41	10.0
25.62	10.0
25.83	10.0
26.04	10.0
26.25	10.0
26.46	10.0
26.67	10.0
26.88	10.0
27.09	10.0
27.3	10.0
27.51	10.0
27.72	10.0
27.93	10.0
28.14	10.0
28.35	10.0
28.56	10.0
28.77	10.0
28.98	10.0
29.19	10.0
29.4	10.0
29.61	10.0
29.82	10.0
30.03	10.0
30.24	10.0
30.45	10.0
30.66	10.0
30.87	10.0
31.08	10.0
31.29	10.0
31.5	10.0
31.71	10.0
31.92	10.0
32.13	10.0
32.34	10.0
32.55	10.0
32.76	10.0
32.97	10.0
33.18	10.0
33.39	10.0
33.6	10.0
33.81	10.0
34.02	10.0
34.23	10.0
34.44	10.0
34.65	10.0
34.86	10.0
35.07	10.0
35.28	10.0
35.49	10.0
35.7	10.0
35.91	10.0
36.12	10.0
36.33	10.0
36.54	10.0
36.75	10.0
36.96	10.0
37.17	10.0
37.38	10.0
37.59	10.0
37.8	10.0
38.01	10.0
38.22	10.0
38.43	10.0
38.64	10.0
38.85	10.0
39.06	10.0
39.27	10.0
39.48	10.0
39.69	10.0
39.9	10.0
40.11	10.0
40.32	10.0
40.53	10.0
40.74	10.0
40.95	10.0
41.16	10.0
41.37	10.0
41.58	10.0
41.79	10.0
42.0	10.0
42.21	10.0
42.42	10.0
42.63	10.0
42.84	10.0
43.05	10.0
43.26	10.0
43.47	10.0
43.68	10.0
43.89	10.0
44.1	10.0
44.31	10.0
44.52	10.0
44.73	10.0
44.94	10.0
45.15	10.0
45.36	10.0
45.57	10.0
45.78	10.0
45.99	10.0
46.2	10.0
46.41	10.0
46.62	10.0
46.83	10.0
47.04	10.0
47.25	10.0
47.46	10.0
47.67	10.0
47.88	10.0
48.09	10.0
48.3	10.0
48.51	10.0
48.72	10.0
48.93	10.0
49.14	10.0
49.35	10.0
49.56	10.0
49.77	10.0
49.98	10.0
50.19	10.0
50.4	10.0
50.61	10.0
50.82	10.0
51.03	10.0
51.24	10.0
51.45	10.0
51.66	10.0
51.87	10.0
52.08	10.0
52.29	10.0
52.5	10.0
52.71	10.0
52.92	10.0
53.13	10.0
53.34	10.0
53.55	10.0
53.76	10.0
53.97	10.0
54.18	10.0
54.39	10.0
54.6	10.0
54.81	10.0
55.02	10.0
55.23	10.0
55.44	10.0
55.65	10.0
55.86	10.0
56.07	10.0
56.28	10.0
56.49	10.0
56.7	10.0
56.91	10.0
57.12	10.0
57.33	10.0
57.54	10.0
57.75	10.0
57.96	10.0
58.17	10.0
58.38	10.0
58.59	10.0
58.8	10.0
59.01	10.0
59.22	10.0
59.43	10.0
59.64	10.0
59.85	10.0
60.06	10.0
60.27	10.0
60.48	10.0
60.69	10.0
60.9	10.0
61.11	10.0
61.32	10.0
61.53	10.0
61.74	10.0
61.95	10.0
62.16	10.0
62.37	10.0
62.58	10.0
62.79	10.0
63.0	10.0
63.21	10.0
63.42	10.0
63.63	10.0
63.84	10.0
64.05	10.0
64.26	10.0
64.47	10.0
64.68	10.0
64.89	10.0
65.1	10.0
65.31	10.0
65.52	10.0
65.73	10.0
65.94	10.0
66.15	10.0
66.36	10.0
66.57	10.0
66.78	10.0
66.99	10.0
67.2	10.0
67.41	10.0
67.62	10.0
67.83	10.0
68.04	10.0
68.25	10.0
68.46	10.0
68.67	10.0
68.88	10.0
69.09	10.0
69.3	10.0
69.51	10.0
69.72	10.0
69.93	10.0
70.14	10.0
70.35	10.0
70.56	10.0
70.77	10.0
70.98	10.0
71.19	10.0
71.4	10.0
71.61	10.0
71.82	10.0
72.03	10.0
72.24	10.0
72.45	10.0
72.66	10.0
72.87	10.0
73.08	10.0
73.29	10.0
73.5	10.0
73.71	10.0
73.92	10.0
74.13	10.0
74.34	10.0
74.55	10.0
74.76	10.0
74.97	10.0
75.18	10.0
75.39	10.0
75.6	10.0
75.81	10.0
76.02	10.0
76.23	10.0
76.44	10.0
76.65	10.0
76.86	10.0
77.07	10.0
77.28	10.0
77.49	10.0
77.7	10.0
77.91	10.0
78.12	10.0
78.33	10.0
78.54	10.0
78.75	10.0
78.96	10.0
79.17	10.0
79.38	10.0
79.59	10.0
79.8	10.0
80.01	10.0
80.22	10.0
80.43	10.0
80.64	10.0
80.85	10.0
81.06	10.0
81.27	10.0
81.48	10.0
81.69	10.0
81.9	10.0
82.11	10.0
82.32	10.0
82.53	10.0
82.74	10.0
82.95	10.0
83.16	10.0
83.37	10.0
83.58	10.0
83.79	10.0
84.0	10.0
84.21	10.0
84.42	10.0
84.63	10.0
84.84	10.0
85.05	10.0
85.26	10.0
85.47	10.0
85.68	10.0
85.89	10.0
86.1	10.0
86.31	10.0
86.52	10.0
86.73	10.0
86.94	10.0
87.15	10.0
87.36	10.0
87.57	10.0
87.78	10.0
87.99	10.0
88.2	10.0
88.41	10.0
88.62	10.0
88.83	10.0
89.04	10.0
89.25	10.0
89.46	10.0
89.67	10.0
89.88	10.0
90.09	10.0
90.3	10.0
90.51	10.0
90.72	10.0
90.93	10.0
91.14	10.0
91.35	10.0
91.56	10.0
91.77	10.0
91.98	10.0
92.19	10.0
92.4	10.0
92.61	10.0
92.82	10.0
93.03	10.0
93.24	10.0
93.45	10.0
93.66	10.0
93.87	10.0
94.08	10.0
94.29	10.0
94.5	10.0
94.71	10.0
94.92	10.0
95.13	10.0
95.34	10.0
95.55	10.0
95.76	10.0
95.97	10.0
96.18	10.0
96.39	10.0
96.6	10.0
96.81	10.0
97.02	10.0
97.23	10.0
97.44	10.0
97.65	10.0
97.86	10.0
98.07	10.0
98.28	10.0
98.49	10.0
98.7	10.0
98.91	10.0
99.12	10.0
99.33	10.0
99.54	10.0
99.75	10.0
99.96	10.0
100.17	10.0
100.38	10.0
100.59	10.0
100.8	10.0
101.01	10.0
101.22	10.0
101.43	10.0
101.64	10.0
101.85	10.0
102.06	10.0
102.27	10.0
102.48	10.0
102.69	10.0
102.9	10.0
103.11	10.0
103.32	10.0
103.53	10.0
103.74	10.0
103.95	10.0
104.16	10.0
104.37	10.0
104.58	10.0
104.79	10.0
105.0	10.0
105.21	10.0
105.42	10.0
105.63	10.0
105.84	10.0
106.05	10.0
106.26	10.0
106.47	10.0
106.68	10.0
106.89	10.0
107.1	10.0
107.31	10.0
107.52	10.0
107.73	10.0
107.94	10.0
108.15	10.0
108.36	10.0
108.57	10.0
108.78	10.0
108.99	10.0
109.2	10.0
109.41	10.0
109.62	10.0
109.83	10.0
110.04	10.0
110.25	10.0
110.46	10.0
110.67	10.0
110.88	10.0
111.09	10.0
111.3	10.0
111.51	10.0
111.72	10.0
111.93	10.0
112.14	10.0
112.35	10.0
112.56	10.0
112.77	10.0
112.98	10.0
113.19	10.0
113.4	10.0
113.61	10.0
113.82	10.0
114.03	10.0
114.24	10.0
114.45	10.0
114.66	10.0
114.87	10.0
115.08	10.0
115.29	10.0
115.5	10.0
115.71	10.0
115.92	10.0
116.13	10.0
116.34	10.0
116.55	10.0
116.76	10.0
116.97	10.0
117.18	10.0
117.39	10.0
117.6	10.0
117.81	10.0
118.02	10.0
118.23	10.0
118.44	10.0
118.65	10.0
118.86	10.0
119.07	10.0
119.28	10.0
119.49	10.0
119.7	10.0
119.91	10.0
120.12	10.0
120.33	10.0
120.54	10.0
120.75	10.0
120.96	10.0
121.17	10.0
121.38	10.0
121.59	10.0
121.8	10.0
122.01	10.0
122.22	10.0
122.43	10.0
122.64	10.0
122.85	10.0
123.06	10.0
123.27	10.0
123.48	10.0
123.69	10.0
123.9	10.0
124.11	10.0
124.32	10.0
124.53	10.0
124.74	10.0
124.95	10.0
125.16	10.0
125.37	10.0
125.58	10.0
125.79	10.0
126.0	10.0
126.21	10.0
126.42	10.0
126.63	10.0
126.84	10.0
127.05	10.0
127.26	10.0
127.47	10.0
127.68	10.0
127.89	10.0
128.1	10.0
128.31	10.0
128.52	10.0
128.73	10.0
128.94	10.0
129.15	10.0
129.36	10.0
129.57	10.0
129.78	10.0
129.99	10.0
130.2	10.0
130.41	10.0
130.62	10.0
130.83	10.0
131.04	10.0
131.25	10.0
131.46	10.0
131.67	10.0
131.88	10.0
132.09	10.0
132.3	10.0
132.51	10.0
132.72	10.0
132.93	10.0
133.14	10.0
133.35	10.0
133.56	10.0
133.77	10.0
133.98	10.0
134.19	10.0
134.4	10.0
134.61	10.0
134.82	10.0
135.03	10.0
135.24	10.0
135.45	10.0
135.66	10.0
135.87	10.0
136.08	10.0
136.29	10.0
136.5	10.0
136.71	10.0
136.92	10.0
137.13	10.0
137.34	10.0
137.55	10.0
137.76	10.0
137.97	10.0
138.18	10.0
138.39	10.0
138.6	10.0
138.81	10.0
139.02	10.0
139.23	10.0
139.44	10.0
139.65	10.0
139.86	10.0
140.07	10.0
140.28	10.0
140.49	10.0
140.7	10.0
140.91	10.0
141.12	10.0
141.33	10.0
141.54	10.0
141.75	10.0
141.96	10.0
142.17	10.0
142.38	10.0
142.59	10.0
142.8	10.0
143.01	10.0
143.22	10.0
143.43	10.0
143.64	10.0
143.85	10.0
144.06	10.0
144.27	10.0
144.48	10.0
144.69	10.0
144.9	10.0
145.11	10.0
145.32	10.0
145.53	10.0
145.74	10.0
145.95	10.0
146.16	10.0
146.37	10.0
146.58	10.0
146.79	10.0
147.0	10.0
147.21	10.0
147.42	10.0
147.63	10.0
147.84	10.0
148.05	10.0
148.26	10.0
148.47	10.0
148.68	10.0
148.89	10.0
149.1	10.0
149.31	10.0
149.52	10.0
149.73	10.0
149.94	10.0
150.15	10.0
150.36	10.0
150.57	10.0
150.78	10.0
150.99	10.0
151.2	10.0
151.41	10.0
151.62	10.0
151.83	10.0
152.04	10.0
152.25	10.0
152.46	10.0
152.67	10.0
152.88	10.0
153.09	10.0
153.3	10.0
153.51	10.0
153.72	10.0
153.93	10.0
154.14	10.0
154.35	10.0
154.56	10.0
154.77	10.0
154.98	10.0
155.19	10.0
155.4	10.0
155.61	10.0
155.82	10.0
156.03	10.0
156.24	10.0
156.45	10.0
156.66	10.0
156.87	10.0
157.08	10.0
157.29	10.0
157.5	10.0
157.71	10.0
157.92	10.0
158.13	10.0
158.34	10.0
158.55	10.0
158.76	10.0
158.97	10.0
159.18	10.0
159.39	10.0
159.6	10.0
159.81	10.0
160.02	10.0
160.23	10.0
160.44	10.0
160.65	10.0
160.86	10.0
161.07	10.0
161.28	10.0
161.49	10.0
161.7	10.0
161.91	10.0
162.12	10.0
162.33	10.0
162.54	10.0
162.75	10.0
162.96	10.0
163.17	10.0
163.38	10.0
163.59	10.0
163.8	10.0
164.01	10.0
164.22	10.0
164.43	10.0
164.64	10.0
164.85	10.0
165.06	10.0
165.27	10.0
165.48	10.0
165.69	10.0
165.9	10.0
166.11	10.0
166.32	10.0
166.53	10.0
166.74	10.0
166.95	10.0
167.16	10.0
167.37	10.0
167.58	10.0
167.79	10.0
168.0	10.0
168.21	10.0
168.42	10.0
168.63	10.0
168.84	10.0
169.05	10.0
169.26	10.0
169.47	10.0
169.68	10.0
169.89	10.0
170.1	10.0
170.31	10.0
170.52	10.0
170.73	10.0
170.94	10.0
171.15	10.0
171.36	10.0
171.57	10.0
171.78	10.0
171.99	10.0
172.2	10.0
172.41	10.0
172.62	10.0
172.83	10.0
173.04	10.0
173.25	10.0
173.46	10.0
173.67	10.0
173.88	10.0
174.09	10.0
174.3	10.0
174.51	10.0
174.72	10.0
174.93	10.0
175.14	10.0
175.35	10.0
175.56	10.0
175.77	10.0
175.98	10.0
176.19	10.0
176.4	10.0
176.61	10.0
176.82	10.0
177.03	10.0
177.24	10.0
177.45	10.0
177.66	10.0
177.87	10.0
178.08	10.0
178.29	10.0
178.5	10.0
178.71	10.0
178.92	10.0
179.13	10.0
179.34	10.0
179.55	10.0
179.76	10.0
179.97	10.0
180.18	10.0
180.39	10.0
180.6	10.0
180.81	10.0
181.02	10.0
181.23	10.0
181.44	10.0
181.65	10.0
181.86	10.0
182.07	10.0
182.28	10.0
182.49	10.0
182.7	10.0
182.91	10.0
183.12	10.0
183.33	10.0
183.54	10.0
183.75	10.0
183.96	10.0
184.17	10.0
184.38	10.0
184.59	10.0
184.8	10.0
185.01	10.0
185.22	10.0
185.43	10.0
185.64	10.0
185.85	10.0
186.06	10.0
186.27	10.0
186.48	10.0
186.69	10.0
186.9	10.0
187.11	10.0
187.32	10.0
187.53	10.0
187.74	10.0
187.95	10.0
188.16	10.0
188.37	10.0
188.58	10.0
188.79	10.0
189.0	10.0
189.21	10.0
189.42	10.0
189.63	10.0
189.84	10.0
190.05	10.0
190.26	10.0
190.47	10.0
190.68	10.0
190.89	10.0
191.1	10.0
191.31	10.0
191.52	10.0
191.73	10.0
191.94	10.0
192.15	10.0
192.36	10.0
192.57	10.0
192.78	10.0
192.99	10.0
193.2	10.0
193.41	10.0
193.62	10.0
193.83	10.0
194.04	10.0
194.25	10.0
194.46	10.0
194.67	10.0
194.88	10.0
195.09	10.0
195.3	10.0
195.51	10.0
195.72	10.0
195.93	10.0
196.14	10.0
196.35	10.0
196.56	10.0
196.77	10.0
196.98	10.0
197.19	10.0
197.4	10.0
197.61	10.0
197.82	10.0
198.03	10.0
198.24	10.0
198.45	10.0
198.66	10.0
198.87	10.0
199.08	10.0
199.29	10.0
199.5	10.0
199.71	10.0
199.92	10.0
200.13	10.0
200.34	10.0
200.55	10.0
200.76	10.0
200.97	10.0
201.18	10.0
201.39	10.0
201.6	10.0
201.81	10.0
202.02	10.0
202.23	10.0
202.44	10.0
202.65	10.0
202.86	10.0
203.07	10.0
203.28	10.0
203.49	10.0
203.7	10.0
203.91	10.0
204.12	10.0
204.33	10.0
204.54	10.0
204.75	10.0
204.96	10.0
205.17	10.0
205.38	10.0
205.59	10.0
205.8	10.0
206.01	10.0
206.22	10.0
206.43	10.0
206.64	10.0
206.85	10.0
207.06	10.0
207.27	10.0
207.48	10.0
207.69	10.0
207.9	10.0
208.11	10.0
208.32	10.0
208.53	10.0
208.74	10.0
208.95	10.0
209.16	10.0
209.37	10.0
209.58	10.0
209.79	10.0
210.0	10.0
210.21	10.0
210.42	10.0
210.63	10.0
210.84	10.0
211.05	10.0
211.26	10.0
211.47	10.0
211.68	10.0
211.89	10.0
212.1	10.0
212.31	10.0
212.52	10.0
212.73	10.0
212.94	10.0
213.15	10.0
213.36	10.0
213.57	10.0
213.78	10.0
213.99	10.0
214.2	10.0
214.41	10.0
214.62	10.0
214.83	10.0
215.04	10.0
215.25	10.0
215.46	10.0
215.67	10.0
215.88	10.0
216.09	10.0
216.3	10.0
216.51	10.0
216.72	10.0
216.93	10.0
217.14	10.0
217.35	10.0
217.56	10.0
217.77	10.0
217.98	10.0
218.19	10.0
218.4	10.0
218.61	10.0
218.82	10.0
219.03	10.0
219.24	10.0
219.45	10.0
219.66	10.0
219.87	10.0
220.08	10.0
220.29	10.0
220.5	10.0
220.71	10.0
220.92	10.0
221.13	10.0
221.34	10.0
221.55	10.0
221.76	10.0
221.97	10.0
222.18	10.0
222.39	10.0
222.6	10.0
222.81	10.0
223.02	10.0
223.23	10.0
223.44	10.0
223.65	10.0
223.86	10.0
224.07	10.0
224.28	10.0
224.49	10.0
224.7	10.0
224.91	10.0
225.12	10.0
225.33	10.0
225.54	10.0
225.75	10.0
225.96	10.0
226.17	10.0
226.38	10.0
226.59	10.0
226.8	10.0
227.01	10.0
227.22	10.0
227.43	10.0
227.64	10.0
227.85	10.0
228.06	10.0
228.27	10.0
228.48	10.0
228.69	10.0
228.9	10.0
229.11	10.0
229.32	10.0
229.53	10.0
229.74	10.0
229.95	10.0
230.16	10.0
230.37	10.0
230.58	10.0
230.79	10.0
231.0	10.0
231.21	10.0
231.42	10.0
231.63	10.0
231.84	10.0
232.05	10.0
232.26	10.0
232.47	10.0
232.68	10.0
232.89	10.0
233.1	10.0

&

0.21	-2.70149
0.42	-4.10331
0.63	-5.06684
0.84	-4.50727
1.05	-3.15419
1.26	-1.81469
1.47	-1.22487
1.68	-0.838836
1.89	-1.16074
2.1	-1.70277
2.31	-2.53517
2.52	-2.68147
2.73	-2.70114
2.94	-1.38415
3.15	-2.08707
3.36	-2.31186
3.57	-2.72692
3.78	-2.31684
3.99	-2.85325
4.2	-2.38691
4.41	-2.4618
4.62	-1.9951
4.83	-2.30774
5.04	-2.4687
5.25	-1.61838
5.46	-1.34454
5.67	-1.17032
5.88	-2.4694
6.09	-2.29323
6.3	-1.87484
6.51	-2.30853
6.72	-1.76619
6.93	-2.58472
7.14	-2.30702
7.35	-2.14207
7.56	-2.17595
7.77	-1.8061
7.98	-1.32197
8.19	-0.998057
8.4	-1.10719
8.61	-2.39147
8.82	-2.48631
9.03	-2.5682
9.24	-3.13821
9.45	-3.91213
9.66	-3.58542
9.87	-3.40651
10.08	-2.54109
10.29	-2.07919
10.5	-1.38412
10.71	-1.91489
10.92	-2.07382
11.13	-2.23109
11.34	-2.42929
11.55	-2.36365
11.76	-2.25263
11.97	-2.21151
12.18	-1.70036
12.39	-1.76818
12.6	-2.55149
12.81	-2.2933
13.02	-2.19251
13.23	-1.67533
13.44	-2.18975
13.65	-2.71548
13.86	-3.13716
14.07	-3.13383
14.28	-2.36492
14.49	-1.55285
14.7	-1.51403
14.91	-0.317982
15.12	-0.229069
15.33	-0.583357
15.54	-2.15629
15.75	-2.75125
15.96	-3.09366
16.17	-2.61619
16.38	-2.62211
16.59	-2.02004
16.8	-0.863797
17.01	-1.94333
17.22	-2.83814
17.43	-2.7365
17.64	-2.90766
17.85	-2.22894
18.06	-1.94192
18.27	-2.18192
18.48	-1.83392
18.69	-1.62643
18.9	-1.08606
19.11	-0.528427
19.32	-0.252965
19.53	-0.78676
19.74	-1.51395
19.95	-1.21338
20.16	-1.73217
20.37	-2.23511
20.58	-2.2467
20.79	-3.15224
21.0	-3.02985
21.21	-2.26897
21.42	-2.12074
21.63	-1.78286
21.84	-1.72401
22.05	-2.06947
22.26	-2.01283
22.47	-2.07483
22.68	-2.00996
22.89	-2.19794
23.1	-1.73274
23.31	-2.57496
23.52	-3.79698
23.73	-3.21334
23.94	-2.00981
24.15	-1.96735
24.36	-3.22335
24.57	-2.88009
24.78	-2.59007
24.99	-2.23872
25.2	-3.33057
25.41	-2.92666
25.62	-1.57146
25.83	-0.653998
26.04	-0.590041
26.25	-0.945064
26.46	-1.37067
26.67	-1.40009
26.88	-1.1356
27.09	-1.21836
27.3	-1.30187
27.51	-1.69835
27.72	-2.61199
27.93	-2.62241
28.14	-2.1829
28.35	-1.07946
28.56	-1.13753
28.77	-1.2101
28.98	-1.96626
29.19	-1.55506
29.4	-2.45452
29.61	-2.96175
29.82	-2.51368
30.03	-2.19543
30.24	-2.47737
30.45	-2.30047
30.66	-2.24197
30.87	-2.87183
31.08	-1.53849
31.29	-2.88281
31.5	-3.06867
31.71	-3.00103
31.92	-2.18797
32.13	-1.38753
32.34	-0.181104
32.55	-0.843629
32.76	-1.3062
32.97	-1.83703
33.18	-2.15877
33.39	-3.7563
33.6	-4.05388
33.81	-3.02531
34.02	-2.79019
34.23	-2.38742
34.44	-0.323439
34.65	-1.07364
34.86	-2.30947
35.07	-2.728
35.28	-3.46106
35.49	-2.31272
35.7	-2.13573
35.91	-1.36926
36.12	-0.979328
36.33	-0.085904
36.54	-0.638714
36.75	-2.02393
36.96	-2.36316
37.17	-2.25114
37.38	-2.39441
37.59	-2.61386
37.8	-2.74325
38.01	-2.67405
38.22	-2.09767
38.43	-2.04113
38.64	-1.85006
38.85	-1.67584
39.06	-0.671466
39.27	-0.274524
39.48	-0.725921
39.69	-1.06151
39.9	-1.96296
40.11	-3.39789
40.32	-3.78851
40.53	-3.48169
40.74	-2.26001
40.95	-2.16389
41.16	-3.20578
41.37	-3.00709
41.58	-2.81953
41.79	-1.43411
42.0	-0.052204
42.21	-0.201203
42.42	-0.72139
42.63	-1.12153
42.84	-1.98849
43.05	-2.34156
43.26	-2.14855
43.47	-2.21417
43.68	-2.10392
43.89	-2.3592
44.1	-1.87962
44.31	-2.09741
44.52	-1.91616
44.73	-2.07443
44.94	-2.50494
45.15	-1.38414
45.36	-1.47123
45.57	-2.01389
45.78	-2.37616
45.99	-1.51627
46.2	-1.33353
46.41	-2.01898
46.62	-2.89567
46.83	-2.26797
47.04	-1.65945
47.25	-2.71729
47.46	-3.44394
47.67	-3.39679
47.88	-2.44415
48.09	-1.27741
48.3	-1.62328
48.51	-2.16321
48.72	-2.45293
48.93	-3.36424
49.14	-3.3918
49.35	-3.29881
49.56	-3.034
49.77	-2.15548
49.98	-1.63119
50.19	-1.65204
50.4	-2.18691
50.61	-2.54447
50.82	-2.44567
51.03	-2.5403
51.24	-2.13397
51.45	-1.42922
51.66	-1.70037
51.87	-1.44435
52.08	-2.20145
52.29	-2.5655
52.5	-2.39968
52.71	-2.75467
52.92	-2.40013
53.13	-2.40729
53.34	-2.85826
53.55	-3.42586
53.76	-3.17216
53.97	-2.8697
54.18	-2.9386
54.39	-3.32958
54.6	-2.77388
54.81	-2.4244
55.02	-1.9889
55.23	-1.83861
55.44	-2.32372
55.65	-2.94273
55.86	-1.42134
56.07	-2.00667
56.28	-1.66069
56.49	-1.91863
56.7	-1.8895
56.91	-2.43661
57.12	-2.24517
57.33	-2.27967
57.54	-2.62427
57.75	-3.07648
57.96	-3.64644
58.17	-2.90922
58.38	-3.07201
58.59	-2.76636
58.8	-2.72416
59.01	-1.85088
59.22	-2.10279
59.43	-3.12067
59.64	-2.42981
59.85	-2.71083
60.06	-2.35091
60.27	-2.02843
60.48	-1.97899
60.69	-2.00565
60.9	-2.61634
61.11	-2.70556
61.32	-1.94696
61.53	-1.75957
61.74	-2.13748
61.95	-0.832449
62.16	-2.01372
62.37	-2.12413
62.58	-1.91107
62.79	-1.9348
63.0	-1.61692
63.21	-1.07113
63.42	-1.68696
63.63	-2.9075
63.84	-2.7893
64.05	-2.21795
64.26	-2.32037
64.47	-2.94344
64.68	-2.10622
64.89	-2.52758
65.1	-2.10027
65.31	-2.48872
65.52	-3.2204
65.73	-2.09741
65.94	-2.75817
66.15	-2.04376
66.36	-0.5076
66.57	-0.213365
66.78	-1.05757
66.99	-1.91569
67.2	-2.04841
67.41	-1.82298
67.62	-0.894094
67.83	-0.702156
68.04	-1.43665
68.25	-1.78082
68.46	-2.57152
68.67	-3.11607
68.88	-2.61169
69.09	-2.5206
69.3	-2.18979
69.51	-0.575916
69.72	-0.97796
69.93	-0.830578
70.14	-0.960622
70.35	-1.62343
70.56	-1.42939
70.77	-1.60925
70.98	-3.08333
71.19	-3.27919
71.4	-2.86698
71.61	-2.77455
71.82	-3.00349
72.03	-1.75739
72.24	-1.62179
72.45	-1.34844
72.66	-0.97078
72.87	-2.14804
73.08	-1.91154
73.29	-2.21437
73.5	-1.84704
73.71	-1.40709
73.92	-1.33604
74.13	-1.38322
74.34	-1.57745
74.55	-2.31305
74.76	-2.25929
74.97	-2.91054
75.18	-2.52502
75.39	-3.49788
75.6	-2.26412
75.81	-1.42901
76.02	-1.3609
76.23	-0.596105
76.44	-1.87978
76.65	-2.2066
76.86	-2.03672
77.07	-1.10038
77.28	-1.11324
77.49	-1.90689
77.7	-2.53449
77.91	-2.42325
78.12	-2.67933
78.33	-2.8581
78.54	-2.82584
78.75	-3.00282
78.96	-2.04339
79.17	-1.94597
79.38	-1.23808
79.59	-1.24621
79.8	-1.09487
80.01	-1.26289
80.22	-1.26539
80.43	-3.08539
80.64	-4.39804
80.85	-5.1926
81.06	-3.89287
81.27	-2.59782
81.48	-2.16608
81.69	-2.38009
81.9	-2.99109
82.11	-2.72282
82.32	-2.21094
82.53	-1.58064
82.74	-1.86122
82.95	-0.710136
83.16	-1.34647
83.37	-2.49966
83.58	-2.90812
83.79	-2.74486
84.0	-3.60994
84.21	-3.04901
84.42	-1.58499
84.63	-1.83689
84.84	-1.92633
85.05	-1.68526
85.26	-1.95477
85.47	-2.16024
85.68	-1.53118
85.89	-1.94948
86.1	-1.92502
86.31	-2.59106
86.52	-2.77444
86.73	-2.09696
86.94	-1.93364
87.15	-1.91094
87.36	-1.85345
87.57	-1.41449
87.78	-1.87586
87.99	-1.91551
88.2	-1.66685
88.41	-1.37836
88.62	-2.13379
88.83	-2.21094
89.04	-1.99106
89.25	-2.38183
89.46	-2.20489
89.67	-2.38275
89.88	-1.91254
90.09	-1.86235
90.3	-1.7831
90.51	0.071766
90.72	-0.568585
90.93	-1.09753
91.14	-1.98553
91.35	-2.14356
91.56	-1.83334
91.77	-1.77946
91.98	-1.70166
92.19	-3.00331
92.4	-3.62136
92.61	-2.04349
92.82	-1.93857
93.03	-0.903715
93.24	-1.67019
93.45	-2.5529
93.66	-2.88732
93.87	-1.61104
94.08	-1.49259
94.29	-1.47055
94.5	-2.38116
94.71	-3.27216
94.92	-2.12244
95.13	-2.47553
95.34	-2.31412
95.55	-2.26366
95.76	-2.36068
95.97	-2.32767
96.18	-2.39779
96.39	-1.79441
96.6	-1.18838
96.81	-1.31029
97.02	-1.49448
97.23	-1.60371
97.44	-1.24448
97.65	-1.31818
97.86	-1.70738
98.07	-1.75665
98.28	-2.79652
98.49	-3.0017
98.7	-3.10697
98.91	-3.07393
99.12	-2.67705
99.33	-1.71792
99.54	-1.22792
99.75	-0.800726
99.96	-0.828626
100.17	-1.55664
100.38	-2.22565
100.59	-2.34184
100.8	-1.51482
101.01	-2.49174
101.22	-3.38266
101.43	-3.37699
101.64	-3.5045
101.85	-3.2646
102.06	-3.21686
102.27	-2.82306
102.48	-2.00391
102.69	-2.16751
102.9	-1.33196
103.11	-0.614878
103.32	-0.939577
103.53	-0.841353
103.74	-1.76599
103.95	-2.22062
104.16	-2.2975
104.37	-3.14002
104.58	-2.75009
104.79	-2.27748
105.0	-2.32347
105.21	-2.24343
105.42	-1.91975
105.63	-1.94766
105.84	-2.06034
106.05	-2.51404
106.26	-2.22413
106.47	-1.73202
106.68	-2.42797
106.89	-2.92557
107.1	-2.29695
107.31	-2.14283
107.52	-1.75368
107.73	-2.16189
107.94	-1.67856
108.15	-1.65427
108.36	-1.77648
108.57	-1.41228
108.78	-1.05085
108.99	-0.500724
109.2	-1.63175
109.41	-0.743223
109.62	-1.72586
109.83	-3.0209
110.04	-3.39642
110.25	-2.2715
110.46	-2.82929
110.67	-2.76795
110.88	-1.84478
111.09	-1.30899
111.3	-0.986305
111.51	-0.869486
111.72	-1.63761
111.93	-2.59373
112.14	-2.75644
112.35	-2.18716
112.56	-2.53091
112.77	-2.95171
112.98	-2.49981
113.19	-3.62181
113.4	-2.76592
113.61	-2.03831
113.82	-1.425
114.03	-2.1096
114.24	-1.63004
114.45	-2.28932
114.66	-2.30982
114.87	-2.82057
115.08	-0.878009
115.29	-1.68192
115.5	-1.79978
115.71	-1.44985
115.92	-1.5039
116.13	-1.57464
116.34	-1.26407
116.55	-1.87897
116.76	-2.70708
116.97	-1.28848
117.18	-2.72045
117.39	-3.2114
117.6	-3.25331
117.81	-2.44369
118.02	-2.98603
118.23	-2.40585
118.44	-2.02228
118.65	-1.76271
118.86	-2.22817
119.07	-1.67697
119.28	-1.37777
119.49	-1.27472
119.7	-0.69532
119.91	-0.535353
120.12	-1.13991
120.33	-1.45532
120.54	-1.98216
120.75	-1.48582
120.96	-1.37176
121.17	-1.84355
121.38	-2.27142
121.59	-2.37479
121.8	-2.9379
122.01	-3.46578
122.22	-3.11441
122.43	-2.98614
122.64	-3.13705
122.85	-2.24174
123.06	-1.77175
123.27	-1.14085
123.48	-0.696699
123.69	-1.4317
123.9	-1.70853
124.11	-1.92289
124.32	-0.906164
124.53	-1.31961
124.74	-1.4179
124.95	-2.35519
125.16	-1.84745
125.37	-2.61445
125.58	-1.94871
125.79	-2.54971
126.0	-3.14506
126.21	-2.35162
126.42	-1.83007
126.63	-2.03586
126.84	-1.6951
127.05	-1.82384
127.26	-1.58744
127.47	-1.88565
127.68	-2.03699
127.89	-1.50189
128.1	-1.78703
128.31	-1.24947
128.52	-1.99118
128.73	-1.14292
128.94	-2.16967
129.15	-2.15521
129.36	-2.10679
129.57	-1.27617
129.78	-1.43443
129.99	-1.29725
130.2	-2.62297
130.41	-2.87841
130.62	-2.67546
130.83	-2.37092
131.04	-2.71943
131.25	-2.45742
131.46	-2.22986
131.67	-1.67786
131.88	-1.66111
132.09	-1.51808
132.3	-2.08075
132.51	-2.62163
132.72	-2.6892
132.93	-2.06643
133.14	-1.03623
133.35	-2.05526
133.56	-2.83185
133.77	-1.97829
133.98	-2.14344
134.19	-1.77406
134.4	-2.05547
134.61	-2.17654
134.82	-2.09475
135.03	-2.79583
135.24	-2.81487
135.45	-2.77033
135.66	-2.22044
135.87	-1.79556
136.08	-2.00686
136.29	-1.52434
136.5	-2.42198
136.71	-3.37412
136.92	-3.26456
137.13	-3.10654
137.34	-2.71852
137.55	-2.29717
137.76	-1.99347
137.97	-2.79715
138.18	-3.61134
138.39	-3.29987
138.6	-2.65942
138.81	-1.2323
139.02	-1.40703
139.23	-0.496553
139.44	-0.91577
139.65	-1.28499
139.86	-0.871459
140.07	-1.38247
140.28	-1.75331
140.49	-1.78887
140.7	-2.73758
140.91	-2.93075
141.12	-1.27535
141.33	-2.3983
141.54	-1.6633
141.75	-2.63531
141.96	-2.96857
142.17	-1.71102
142.38	-2.4774
142.59	-2.67218
142.8	-3.2329
143.01	-2.56197
143.22	-2.2608
143.43	-1.06934
143.64	-0.788981
143.85	-1.22035
144.06	-1.4752
144.27	-1.92212
144.48	-2.3084
144.69	-2.85159
144.9	-2.58337
145.11	-2.11559
145.32	-3.27019
145.53	-2.45933
145.74	-2.3087
145.95	-1.44507
146.16	-0.978812
146.37	-2.07572
146.58	-2.44898
146.79	-2.75105
147.0	-2.48739
147.21	-1.85525
147.42	-2.47411
147.63	-2.47745
147.84	-2.94692
148.05	-3.0871
148.26	-2.20721
148.47	-2.23009
148.68	-2.50166
148.89	-1.41892
149.1	-1.22734
149.31	-1.28066
149.52	-1.69756
149.73	-1.79839
149.94	-2.16462
150.15	-2.35195
150.36	-2.98956
150.57	-2.34319
150.78	-1.0119
150.99	-1.24937
151.2	-2.18025
151.41	-2.31035
151.62	-1.80703
151.83	-1.86568
152.04	-2.2373
152.25	-2.90941
152.46	-2.82424
152.67	-3.0794
152.88	-2.79005
153.09	-2.17451
153.3	-2.27902
153.51	-2.5647
153.72	-2.33234
153.93	-1.73329
154.14	-1.49601
154.35	-1.64023
154.56	-1.99183
154.77	-2.94453
154.98	-3.55255
155.19	-3.82429
155.4	-2.01505
155.61	-0.680694
155.82	-0.589849
156.03	-1.22893
156.24	-1.16211
156.45	-1.99922
156.66	-2.41243
156.87	-2.7139
157.08	-3.03174
157.29	-1.89773
157.5	-2.00295
157.71	-1.08872
157.92	-1.66453
158.13	-1.72379
158.34	-1.87405
158.55	-3.19764
158.76	-3.03056
158.97	-2.78949
159.18	-0.687705
159.39	-1.24891
159.6	-1.94212
159.81	-2.72013
160.02	-2.27083
160.23	-1.90501
160.44	-1.81414
160.65	-2.54636
160.86	-2.87721
161.07	-2.15105
161.28	-2.11363
161.49	-1.28514
161.7	-1.11991
161.91	-1.97559
162.12	-2.15379
162.33	-1.95552
162.54	-1.9491
162.75	-2.05668
162.96	-2.52089
163.17	-2.82316
163.38	-2.55871
163.59	-1.82616
163.8	-0.822284
164.01	-1.49182
164.22	-1.84806
164.43	-2.57019
164.64	-2.43796
164.85	-2.2171
165.06	-1.93396
165.27	-2.05052
165.48	-1.73205
165.69	-2.25957
165.9	-2.3137
166.11	-1.94285
166.32	-2.28265
166.53	-1.61345
166.74	-1.77347
166.95	-1.7162
167.16	-1.27193
167.37	-1.35564
167.58	-1.7678
167.79	-1.97453
168.0	-2.27172
168.21	-2.60872
168.42	-1.457
168.63	-1.25762
168.84	-1.28226
169.05	-1.24962
169.26	-1.792
169.47	-1.97427
169.68	-2.59708
169.89	-3.43968
170.1	-2.99261
170.31	-3.01603
170.52	-2.36432
170.73	-2.00237
170.94	-1.11685
171.15	-0.66484
171.36	-0.585353
171.57	-1.54542
171.78	-1.46582
171.99	-1.90283
172.2	-2.55573
172.41	-1.93719
172.62	-1.56774
172.83	-1.01112
173.04	-2.41124
173.25	-3.18007
173.46	-2.78221
173.67	-2.37002
173.88	-2.52495
174.09	-0.964497
174.3	-1.30929
174.51	-2.52616
174.72	-2.63431
174.93	-2.85186
175.14	-3.10969
175.35	-2.68425
175.56	-1.54589
175.77	-1.06567
175.98	-1.97108
176.19	-2.59009
176.4	-3.26397
176.61	-2.28903
176.82	-1.90825
177.03	-3.10392
177.24	-2.43767
177.45	-2.08014
177.66	-1.13891
177.87	-2.13977
178.08	-2.72898
178.29	-3.23696
178.5	-3.72454
178.71	-2.35952
178.92	-2.23941
179.13	-1.48532
179.34	-1.07352
179.55	-1.75934
179.76	-2.45744
179.97	-2.48938
180.18	-1.9661
180.39	-0.314437
180.6	-0.576894
180.81	-1.11547
181.02	-1.67925
181.23	-3.37667
181.44	-4.56528
181.65	-3.36232
181.86	-2.34668
182.07	-2.47881
182.28	-3.25845
182.49	-3.48507
182.7	-2.32423
182.91	-2.4518
183.12	-2.50352
183.33	-1.97409
183.54	-1.51701
183.75	-1.31248
183.96	-2.53957
184.17	-3.496
184.38	-3.2471
184.59	-3.41161
184.8	-3.27141
185.01	-1.96886
185.22	-0.906442
185.43	-0.82625
185.64	-0.788432
185.85	-0.535959
186.06	-1.40982
186.27	-2.24829
186.48	-2.30218
186.69	-2.33137
186.9	-1.67085
187.11	-2.10108
187.32	-1.65929
187.53	-2.04139
187.74	-2.18731
187.95	-2.9359
188.16	-3.75
188.37	-3.07569
188.58	-3.15245
188.79	-1.84919
189.0	-1.44051
189.21	-2.1039
189.42	-1.4379
189.63	-2.42667
189.84	-3.29926
190.05	-3.16015
190.26	-3.03453
190.47	-2.05038
190.68	-0.569417
190.89	-0.963827
191.1	-0.989178
191.31	-2.69876
191.52	-3.10552
191.73	-3.69499
191.94	-2.62355
192.15	-2.58153
192.36	-2.63955
192.57	-1.6871
192.78	-0.857619
192.99	-0.57104
193.2	-1.00681
193.41	-2.07341
193.62	-2.67876
193.83	-3.83063
194.04	-2.20873
194.25	-2.81929
194.46	-2.83391
194.67	-2.65281
194.88	-1.38301
195.09	-1.97771
195.3	-2.29024
195.51	-2.10054
195.72	-1.68681
195.93	-1.92766
196.14	-2.41715
196.35	-2.69927
196.56	-2.83572
196.77	-2.51236
196.98	-2.79758
197.19	-3.60317
197.4	-2.36667
197.61	-1.16254
197.82	-1.22262
198.03	-1.05431
198.24	-2.01779
198.45	-1.91246
198.66	-2.32065
198.87	-1.77758
199.08	-0.71469
199.29	-1.18986
199.5	-1.664
199.71	-1.92473
199.92	-1.25342
200.13	-0.559245
200.34	-1.1476
200.55	-1.71365
200.76	-2.20442
200.97	-2.4604
201.18	-1.83182
201.39	-1.74816
201.6	-2.16224
201.81	-2.98882
202.02	-2.65868
202.23	-2.57667
202.44	-1.5638
202.65	-2.13085
202.86	-2.41328
203.07	-2.72753
203.28	-3.70855
203.49	-2.88908
203.7	-2.55373
203.91	-2.15912
204.12	-1.43065
204.33	-0.948397
204.54	-1.37054
204.75	-0.214115
204.96	-0.955292
205.17	-1.61987
205.38	-1.93376
205.59	-1.99896
205.8	-3.11149
206.01	-2.76869
206.22	-2.90656
206.43	-2.86733
206.64	-3.14282
206.85	-3.49909
207.06	-1.82927
207.27	-1.83521
207.48	-2.22933
207.69	-2.43985
207.9	-2.06836
208.11	-2.41178
208.32	-1.19576
208.53	-1.12974
208.74	-1.34288
208.95	-2.78135
209.16	-3.21887
209.37	-3.58757
209.58	-3.42411
209.79	-2.87053
210.0	-2.1055
210.21	-1.18534
210.42	-1.94437
210.63	-2.98014
210.84	-3.08784
211.05	-2.81823
211.26	-2.00351
211.47	-2.77095
211.68	-2.21723
211.89	-2.72155
212.1	-2.13761
212.31	-2.16675
212.52	-2.27839
212.73	-1.54917
212.94	-2.4502
213.15	-3.25802
213.36	-2.82222
213.57	-2.53119
213.78	-2.09602
213.99	-1.6397
214.2	-1.59444
214.41	-1.38211
214.62	-1.4881
214.83	-1.43267
215.04	-1.76299
215.25	-1.30723
215.46	-0.191556
215.67	-0.83772
215.88	-1.48783
216.09	-1.55847
216.3	-2.46542
216.51	-2.58088
216.72	-2.78977
216.93	-2.83183
217.14	-2.36987
217.35	-1.89616
217.56	-1.4584
217.77	-2.16229
217.98	-2.22086
218.19	-1.67849
218.4	-1.50571
218.61	-1.79712
218.82	-2.48378
219.03	-3.04459
219.24	-2.68202
219.45	-2.52289
219.66	-3.10711
219.87	-2.3989
220.08	-2.06945
220.29	-1.64367
220.5	-1.60796
220.71	-1.18042
220.92	-1.12258
221.13	-2.68676
221.34	-3.3418
221.55	-3.74071
221.76	-2.91155
221.97	-2.337
222.18	-1.71952
222.39	-1.27483
222.6	-1.30901
222.81	0.139625
223.02	-0.364042
223.23	-0.885051
223.44	-1.73068
223.65	-2.0269
223.86	-2.65444
224.07	-2.26914
224.28	-2.91137
224.49	-1.88046
224.7	-1.98466
224.91	-2.15496
225.12	-1.84321
225.33	-1.83208
225.54	-2.56162
225.75	-2.89814
225.96	-2.2119
226.17	-1.43458
226.38	-1.12247
226.59	-1.18453
226.8	-2.23341
227.01	-1.94264
227.22	-2.34731
227.43	-3.18287
227.64	-2.76912
227.85	-3.43448
228.06	-2.95625
228.27	-3.18662
228.48	-2.49291
228.69	-2.62363
228.9	-2.61025
229.11	-2.33315
229.32	-1.53969
229.53	-1.56508
229.74	-0.509857
229.95	-0.264279
230.16	-0.215044
230.37	-0.981052
230.58	-1.06658
230.79	-2.44226
231.0	-3.61201
231.21	-3.4068
231.42	-2.98852
231.63	-2.02771
231.84	-1.88119
232.05	-1.90177
232.26	-2.8087
232.47	-2.74059
232.68	-3.02899
232.89	-2.24164
233.1	-1.34019

&

0.21	-1.07071
0.42	-2.62823
0.63	-5.25762
0.84	-6.63489
1.05	-7.44095
1.26	-7.13231
1.47	-6.32087
1.68	-6.35903
1.89	-4.75549
2.1	-3.72192
2.31	-4.43998
2.52	-5.00699
2.73	-6.07188
2.94	-4.9905
3.15	-5.39944
3.36	-5.24952
3.57	-6.10888
3.78	-4.79601
3.99	-5.6089
4.2	-5.1844
4.41	-5.16789
4.62	-5.07578
4.83	-5.69599
5.04	-5.69573
5.25	-4.95576
5.46	-4.66357
5.67	-3.84101
5.88	-4.23076
6.09	-4.87532
6.3	-4.81973
6.51	-4.86378
6.72	-4.57304
6.93	-5.11266
7.14	-5.66636
7.35	-5.29359
7.56	-5.09832
7.77	-4.76301
7.98	-5.19512
8.19	-5.29939
8.4	-4.2809
8.61	-3.1148
8.82	-3.26615
9.03	-3.34229
9.24	-3.82726
9.45	-5.92978
9.66	-6.42057
9.87	-6.67257
10.08	-6.212
10.29	-5.22653
10.5	-3.93782
10.71	-4.65163
10.92	-5.33077
11.13	-4.20332
11.34	-3.97697
11.55	-4.76753
11.76	-5.91515
11.97	-4.96425
12.18	-4.34517
12.39	-3.64475
12.6	-4.23688
12.81	-5.31709
13.02	-5.59034
13.23	-5.32923
13.44	-5.34051
13.65	-4.63164
13.86	-4.90854
14.07	-5.68215
14.28	-6.48965
14.49	-6.24116
14.7	-6.85163
14.91	-6.32723
15.12	-4.81058
15.33	-3.93722
15.54	-2.9248
15.75	-3.2995
15.96	-4.61321
16.17	-5.08604
16.38	-6.00248
16.59	-5.91943
16.8	-5.36488
17.01	-3.45109
17.22	-4.2566
17.43	-5.22342
17.64	-5.9845
17.85	-6.21456
18.06	-5.77184
18.27	-5.72595
18.48	-6.22632
18.69	-6.34599
18.9	-6.76901
19.11	-5.63288
19.32	-5.46357
19.53	-4.71475
19.74	-4.3334
19.95	-4.38699
20.16	-4.90005
20.37	-3.68945
20.58	-4.20093
20.79	-4.037
21.0	-5.47089
21.21	-5.29389
21.42	-5.75999
21.63	-6.24774
21.84	-5.90504
22.05	-5.52056
22.26	-4.45613
22.47	-4.55424
22.68	-4.66964
22.89	-5.30079
23.1	-4.58506
23.31	-4.36737
23.52	-5.47058
23.73	-5.86303
23.94	-4.8697
24.15	-3.62432
24.36	-4.87648
24.57	-5.37858
24.78	-4.62763
24.99	-3.50304
25.2	-5.00702
25.41	-6.41467
25.62	-6.47087
25.83	-6.53165
26.04	-5.83001
26.25	-5.78308
26.46	-4.88988
26.67	-5.40649
26.88	-4.05364
27.09	-3.91113
27.3	-4.32884
27.51	-3.99525
27.72	-5.273
27.93	-5.49854
28.14	-5.99975
28.35	-5.03203
28.56	-4.80473
28.77	-4.55562
28.98	-4.72084
29.19	-3.60365
29.4	-4.3252
29.61	-5.02218
29.82	-4.91296
30.03	-4.76536
30.24	-5.22785
30.45	-4.72358
30.66	-4.72471
30.87	-5.17538
31.08	-4.24207
31.29	-3.46399
31.5	-5.00704
31.71	-6.50296
31.92	-6.76063
32.13	-6.34784
32.34	-5.30903
32.55	-4.53685
32.76	-3.96574
32.97	-3.68277
33.18	-2.85754
33.39	-4.24102
33.6	-6.13463
33.81	-6.83283
34.02	-7.39499
34.23	-7.04403
34.44	-4.93466
34.65	-3.84676
34.86	-4.03174
35.07	-4.7244
35.28	-5.91513
35.49	-6.41591
35.7	-6.73343
35.91	-7.12915
36.12	-5.72618
36.33	-4.66458
36.54	-3.36445
36.75	-3.57643
36.96	-4.028
37.17	-4.62041
37.38	-5.0371
37.59	-4.81621
37.8	-5.86862
38.01	-6.66888
38.22	-6.17829
38.43	-6.2521
38.64	-5.87117
38.85	-6.3096
39.06	-6.0912
39.27	-5.44191
39.48	-4.60332
39.69	-3.06771
39.9	-2.80628
40.11	-4.0139
40.32	-5.84753
40.53	-6.44753
40.74	-5.99794
40.95	-4.28217
41.16	-4.72126
41.37	-5.59324
41.58	-7.13196
41.79	-7.89277
42.0	-6.52423
42.21	-4.82282
42.42	-4.13521
42.63	-3.69115
42.84	-3.96547
43.05	-4.89813
43.26	-4.38544
43.47	-4.77427
43.68	-5.14592
43.89	-5.47312
44.1	-5.93628
44.31	-5.08744
44.52	-5.15532
44.73	-5.48003
44.94	-6.30911
45.15	-6.23414
45.36	-4.74542
45.57	-5.19949
45.78	-5.51018
45.99	-4.66309
46.2	-4.54493
46.41	-4.20573
46.62	-4.92041
46.83	-4.32568
47.04	-4.6397
47.25	-4.84684
47.46	-5.96002
47.67	-5.83035
47.88	-6.0865
48.09	-5.73532
48.3	-4.60415
48.51	-4.45492
48.72	-3.7507
48.93	-4.25421
49.14	-4.91146
49.35	-5.72887
49.56	-5.8207
49.77	-5.9854
49.98	-5.69567
50.19	-4.56939
50.4	-4.28966
50.61	-4.9007
50.82	-5.15479
51.03	-6.1267
51.24	-6.74125
51.45	-5.64936
51.66	-5.95452
51.87	-4.77073
52.08	-4.89101
52.29	-4.60153
52.5	-4.71819
52.71	-4.90574
52.92	-5.14366
53.13	-2.87292
53.34	-2.4182
53.55	-3.22028
53.76	-3.68444
53.97	-3.8172
54.18	-3.94033
54.39	-4.88969
54.6	-5.44594
54.81	-5.82554
55.02	-5.6847
55.23	-4.76821
55.44	-4.55083
55.65	-5.2041
55.86	-4.93567
56.07	-5.34225
56.28	-4.41638
56.49	-5.1688
56.7	-4.63956
56.91	-4.61255
57.12	-5.2938
57.33	-4.78906
57.54	-4.0154
57.75	-4.63075
57.96	-6.14877
58.17	-5.70512
58.38	-4.66204
58.59	-5.10645
58.8	-5.33992
59.01	-4.75062
59.22	-4.25311
59.43	-4.51807
59.64	-4.9723
59.85	-6.3595
60.06	-6.4364
60.27	-5.37852
60.48	-5.80606
60.69	-4.88125
60.9	-5.19168
61.11	-5.64703
61.32	-4.93139
61.53	-5.30735
61.74	-5.89753
61.95	-5.47363
62.16	-5.44621
62.37	-5.91872
62.58	-5.31063
62.79	-6.4885
63.0	-5.84312
63.21	-4.93942
63.42	-2.85037
63.63	-3.589
63.84	-5.22732
64.05	-4.71478
64.26	-4.32695
64.47	-4.99219
64.68	-4.30334
64.89	-5.2657
65.1	-3.40703
65.31	-3.63937
65.52	-5.08988
65.73	-5.10481
65.94	-5.53099
66.15	-6.55696
66.36	-5.93762
66.57	-4.82419
66.78	-4.52361
66.99	-4.72843
67.2	-5.54599
67.41	-6.14267
67.62	-4.6051
67.83	-3.72766
68.04	-3.49725
68.25	-4.38123
68.46	-3.98952
68.67	-4.85467
68.88	-5.33686
69.09	-5.74404
69.3	-6.28163
69.51	-6.15326
69.72	-5.4362
69.93	-5.57
70.14	-4.97983
70.35	-4.3724
70.56	-3.94177
70.77	-4.08115
70.98	-3.65749
71.19	-4.82465
71.4	-4.59902
71.61	-5.55729
71.82	-6.57796
72.03	-6.91188
72.24	-5.86734
72.45	-5.15927
72.66	-4.75362
72.87	-5.31582
73.08	-5.06949
73.29	-6.21525
73.5	-6.25095
73.71	-6.43242
73.92	-4.88377
74.13	-5.21715
74.34	-4.85241
74.55	-4.13207
74.76	-4.01504
74.97	-4.77509
75.18	-4.36822
75.39	-5.41156
75.6	-6.67369
75.81	-6.31278
76.02	-6.047
76.23	-4.29759
76.44	-3.80528
76.65	-4.49867
76.86	-5.03402
77.07	-4.7475
77.28	-3.65345
77.49	-4.34518
77.7	-4.32669
77.91	-3.91079
78.12	-3.94265
78.33	-5.30574
78.54	-5.43868
78.75	-5.88521
78.96	-5.45027
79.17	-6.06593
79.38	-6.28149
79.59	-6.14092
79.8	-5.04942
80.01	-4.32824
80.22	-3.44996
80.43	-2.22943
80.64	-3.36932
80.85	-5.7289
81.06	-6.76895
81.27	-6.62843
81.48	-6.43467
81.69	-5.83981
81.9	-5.1854
82.11	-5.33684
82.32	-6.11825
82.53	-4.97859
82.74	-5.0468
82.95	-4.51905
83.16	-4.0916
83.37	-4.18921
83.58	-4.13497
83.79	-4.66363
84.0	-5.27221
84.21	-5.88558
84.42	-5.11676
84.63	-5.15128
84.84	-5.19017
85.05	-5.29201
85.26	-5.06548
85.47	-6.20641
85.68	-5.56043
85.89	-4.072
86.1	-4.18825
86.31	-4.72377
86.52	-5.7691
86.73	-5.29552
86.94	-5.4437
87.15	-5.78264
87.36	-5.18576
87.57	-4.48077
87.78	-4.80239
87.99	-5.41496
88.2	-5.08849
88.41	-4.59335
88.62	-4.98367
88.83	-5.39188
89.04	-4.87999
89.25	-4.93047
89.46	-5.40728
89.67	-6.27256
89.88	-5.76152
90.09	-6.01305
90.3	-6.78618
90.51	-5.4955
90.72	-4.70522
90.93	-4.17911
91.14	-4.79826
91.35	-4.95679
91.56	-4.38059
91.77	-3.77275
91.98	-3.08112
92.19	-4.22397
92.4	-5.65594
92.61	-6.19919
92.82	-6.41559
93.03	-5.29939
93.24	-4.92771
93.45	-5.30417
93.66	-5.72304
93.87	-5.55539
94.08	-4.51004
94.29	-3.97667
94.5	-3.63411
94.71	-4.66134
94.92	-4.11299
95.13	-4.41117
95.34	-5.60529
95.55	-4.98235
95.76	-5.44332
95.97	-4.57098
96.18	-4.95703
96.39	-5.61226
96.6	-5.49847
96.81	-5.34246
97.02	-5.58264
97.23	-5.36638
97.44	-4.35759
97.65	-3.88618
97.86	-4.67441
98.07	-3.56157
98.28	-3.21799
98.49	-3.87764
98.7	-4.09341
98.91	-4.98133
99.12	-5.99088
99.33	-6.36813
99.54	-5.35085
99.75	-4.78268
99.96	-4.42324
100.17	-4.47244
100.38	-5.48144
100.59	-5.3391
100.8	-4.11144
101.01	-3.2151
101.22	-4.41991
101.43	-3.66654
101.64	-5.02835
101.85	-5.51443
102.06	-5.57785
102.27	-5.39114
102.48	-5.71498
102.69	-6.10818
102.9	-6.30783
103.11	-5.65938
103.32	-5.10635
103.53	-5.04028
103.74	-3.93736
103.95	-4.71431
104.16	-4.32857
104.37	-5.641
104.58	-5.52131
104.79	-5.63587
105.0	-5.5075
105.21	-5.21658
105.42	-5.46624
105.63	-4.60342
105.84	-5.21738
106.05	-5.07066
106.26	-5.14857
106.47	-4.58358
106.68	-5.38859
106.89	-5.66611
107.1	-5.53422
107.31	-5.38236
107.52	-5.50437
107.73	-6.03525
107.94	-5.95848
108.15	-5.42786
108.36	-6.46734
108.57	-6.37196
108.78	-6.35264
108.99	-5.85686
109.2	-4.45906
109.41	-3.8526
109.62	-2.47157
109.83	-3.58866
110.04	-4.91265
110.25	-3.95847
110.46	-5.15572
110.67	-6.12654
110.88	-7.15235
111.09	-6.65522
111.3	-6.57199
111.51	-4.92745
111.72	-4.34689
111.93	-4.51707
112.14	-3.74569
112.35	-3.94969
112.56	-4.27235
112.77	-4.28285
112.98	-4.49825
113.19	-6.01585
113.4	-6.04794
113.61	-6.5127
113.82	-5.4401
114.03	-5.37514
114.24	-4.87275
114.45	-4.85382
114.66	-5.11307
114.87	-5.27924
115.08	-5.78908
115.29	-4.83867
115.5	-5.07045
115.71	-5.30779
115.92	-4.56621
116.13	-5.28911
116.34	-4.75342
116.55	-4.07782
116.76	-4.29809
116.97	-3.20774
117.18	-3.56624
117.39	-3.22321
117.6	-4.24463
117.81	-4.68812
118.02	-4.87226
118.23	-5.40478
118.44	-5.99556
118.65	-5.9155
118.86	-5.99649
119.07	-6.91361
119.28	-6.17667
119.49	-5.68043
119.7	-5.13229
119.91	-4.85612
120.12	-4.66961
120.33	-5.24301
120.54	-5.50242
120.75	-5.76212
120.96	-4.80822
121.17	-3.65426
121.38	-3.99982
121.59	-3.70063
121.8	-3.99131
122.01	-4.12033
122.22	-5.2952
122.43	-5.94091
122.64	-6.97681
122.85	-6.72241
123.06	-7.11983
123.27	-6.41746
123.48	-5.52158
123.69	-4.58249
123.9	-4.85974
124.11	-5.30559
124.32	-5.07222
124.53	-4.7329
124.74	-4.40415
124.95	-4.95243
125.16	-4.50689
125.37	-4.70864
125.58	-3.63918
125.79	-3.87976
126.0	-5.56268
126.21	-4.90661
126.42	-4.7685
126.63	-4.43653
126.84	-5.52
127.05	-5.38924
127.26	-5.3709
127.47	-4.63979
127.68	-4.78372
127.89	-4.99224
128.1	-5.07465
128.31	-4.21587
128.52	-4.31297
128.73	-3.53079
128.94	-4.04075
129.15	-4.64566
129.36	-5.57693
129.57	-4.21652
129.78	-3.81193
129.99	-3.0272
130.2	-3.91394
130.41	-5.09936
130.62	-5.28509
130.83	-5.34461
131.04	-6.00402
131.25	-6.23074
131.46	-6.85942
131.67	-4.91101
131.88	-5.7853
132.09	-5.97706
132.3	-4.71899
132.51	-5.00862
132.72	-5.93616
132.93	-5.00734
133.14	-3.95926
133.35	-4.77933
133.56	-5.4731
133.77	-4.79558
133.98	-5.03806
134.19	-4.88949
134.4	-5.18152
134.61	-4.74879
134.82	-4.01028
135.03	-4.09675
135.24	-5.33206
135.45	-5.58314
135.66	-5.19261
135.87	-4.84476
136.08	-4.56252
136.29	-4.17167
136.5	-4.03248
136.71	-4.93699
136.92	-5.27563
137.13	-4.79491
137.34	-5.78877
137.55	-5.88528
137.76	-4.08018
137.97	-4.5869
138.18	-5.33523
138.39	-5.51504
138.6	-6.19935
138.81	-6.22418
139.02	-5.52052
139.23	-5.59122
139.44	-6.04703
139.65	-5.19708
139.86	-4.35794
140.07	-3.99162
140.28	-4.06124
140.49	-3.96457
140.7	-4.62963
140.91	-5.49547
141.12	-4.12404
141.33	-5.13622
141.54	-2.75744
141.75	-2.88632
141.96	-3.87261
142.17	-3.29051
142.38	-4.53014
142.59	-4.33247
142.8	-5.1343
143.01	-5.84089
143.22	-5.97228
143.43	-5.12659
143.64	-4.90763
143.85	-4.73553
144.06	-4.42894
144.27	-5.44275
144.48	-4.43574
144.69	-5.59675
144.9	-5.40784
145.11	-4.09882
145.32	-4.48863
145.53	-5.21081
145.74	-5.92897
145.95	-5.23657
146.16	-4.18563
146.37	-4.26438
146.58	-4.2184
146.79	-5.34171
147.0	-5.84129
147.21	-4.99696
147.42	-4.81161
147.63	-4.19528
147.84	-4.26248
148.05	-6.0009
148.26	-5.33861
148.47	-5.45236
148.68	-5.49325
148.89	-5.06863
149.1	-5.40736
149.31	-5.34191
149.52	-4.82218
149.73	-4.26276
149.94	-4.96013
150.15	-4.3459
150.36	-5.75117
150.57	-6.40664
150.78	-5.32338
150.99	-4.31032
151.2	-4.68448
151.41	-4.94591
151.62	-5.67359
151.83	-4.78508
152.04	-4.61088
152.25	-4.66636
152.46	-4.8412
152.67	-5.04099
152.88	-4.69881
153.09	-5.11805
153.3	-4.95699
153.51	-4.93149
153.72	-5.77414
153.93	-6.05115
154.14	-4.12536
154.35	-4.09579
154.56	-3.6747
154.77	-3.45795
154.98	-4.97275
155.19	-6.90356
155.4	-7.38627
155.61	-6.81648
155.82	-6.58491
156.03	-5.90296
156.24	-5.00512
156.45	-4.69309
156.66	-3.90805
156.87	-4.52721
157.08	-6.06445
157.29	-5.82374
157.5	-5.71098
157.71	-4.88812
157.92	-4.50674
158.13	-4.46863
158.34	-3.51559
158.55	-4.72126
158.76	-4.58616
158.97	-6.00592
159.18	-4.61269
159.39	-3.92698
159.6	-3.8261
159.81	-4.43205
160.02	-4.12492
160.23	-4.38414
160.44	-4.47459
160.65	-4.93517
160.86	-5.34504
161.07	-5.21356
161.28	-5.6295
161.49	-5.89063
161.7	-5.54715
161.91	-4.82453
162.12	-5.4006
162.33	-5.54221
162.54	-4.1296
162.75	-3.71243
162.96	-4.24344
163.17	-4.51236
163.38	-5.58211
163.59	-5.77952
163.8	-4.232
164.01	-4.52264
164.22	-3.50306
164.43	-4.62083
164.64	-5.26171
164.85	-5.66248
165.06	-6.57063
165.27	-5.37143
165.48	-5.4576
165.69	-5.67525
165.9	-5.95488
166.11	-5.81728
166.32	-6.23096
166.53	-6.39056
166.74	-5.6783
166.95	-5.53209
167.16	-5.979
167.37	-5.106
167.58	-4.47725
167.79	-4.30346
168.0	-5.02612
168.21	-6.17596
168.42	-6.11462
168.63	-5.78607
168.84	-4.98574
169.05	-4.78495
169.26	-4.28725
169.47	-3.68859
169.68	-3.97085
169.89	-4.51812
170.1	-4.52521
170.31	-4.97498
170.52	-6.07969
170.73	-7.09366
170.94	-6.27935
171.15	-5.40748
171.36	-4.37241
171.57	-4.60907
171.78	-5.3268
171.99	-4.43973
172.2	-5.1069
172.41	-4.63325
172.62	-4.62763
172.83	-3.82175
173.04	-4.14305
173.25	-4.46042
173.46	-5.36074
173.67	-4.56307
173.88	-5.67832
174.09	-3.81021
174.3	-3.41741
174.51	-4.18289
174.72	-4.62302
174.93	-4.77731
175.14	-5.64868
175.35	-6.04169
175.56	-5.75378
175.77	-5.36416
175.98	-5.02446
176.19	-3.9692
176.4	-4.47283
176.61	-4.72318
176.82	-4.23367
177.03	-5.24089
177.24	-5.50802
177.45	-5.17781
177.66	-3.49537
177.87	-3.10163
178.08	-4.19765
178.29	-5.33901
178.5	-6.45438
178.71	-5.68
178.92	-6.75681
179.13	-6.72942
179.34	-4.9514
179.55	-4.65777
179.76	-4.45801
179.97	-5.4899
180.18	-6.01125
180.39	-4.88286
180.6	-4.53805
180.81	-3.50942
181.02	-2.80121
181.23	-3.94441
181.44	-5.38866
181.65	-6.58261
181.86	-5.35025
182.07	-4.70542
182.28	-4.46182
182.49	-5.11729
182.7	-5.00387
182.91	-4.86271
183.12	-5.37145
183.33	-4.9566
183.54	-4.65903
183.75	-3.92192
183.96	-3.5388
184.17	-4.31729
184.38	-4.53062
184.59	-5.82595
184.8	-7.17673
185.01	-8.30154
185.22	-7.51402
185.43	-6.09352
185.64	-4.74447
185.85	-3.98714
186.06	-4.33213
186.27	-4.61337
186.48	-4.68587
186.69	-5.17521
186.9	-5.34673
187.11	-4.58383
187.32	-5.166
187.53	-3.74716
187.74	-4.31876
187.95	-3.70238
188.16	-5.34566
188.37	-5.93384
188.58	-6.40802
188.79	-5.52677
189.0	-4.42402
189.21	-5.02943
189.42	-5.07988
189.63	-4.29145
189.84	-4.13928
190.05	-4.7635
190.26	-5.90478
190.47	-5.34478
190.68	-5.52714
190.89	-4.37315
191.1	-3.58318
191.31	-3.35112
191.52	-3.97053
191.73	-4.99276
191.94	-4.83705
192.15	-5.37717
192.36	-6.301
192.57	-6.7113
192.78	-6.00778
192.99	-5.9712
193.2	-3.86225
193.41	-3.98753
193.62	-4.89591
193.83	-5.61583
194.04	-4.9601
194.25	-4.24987
194.46	-4.83012
194.67	-5.32451
194.88	-4.7713
195.09	-5.30644
195.3	-5.13009
195.51	-4.58367
195.72	-3.98753
195.93	-4.50461
196.14	-4.5905
196.35	-4.10682
196.56	-5.0308
196.77	-4.57457
196.98	-3.9817
197.19	-5.12346
197.4	-5.46487
197.61	-5.49173
197.82	-5.01958
198.03	-4.65405
198.24	-5.46823
198.45	-6.31645
198.66	-5.73343
198.87	-5.33887
199.08	-4.40447
199.29	-4.92719
199.5	-5.27466
199.71	-5.57858
199.92	-5.32099
200.13	-4.6787
200.34	-4.44762
200.55	-4.96323
200.76	-5.02572
200.97	-5.78883
201.18	-5.39265
201.39	-4.92447
201.6	-4.34038
201.81	-5.72983
202.02	-5.55549
202.23	-5.45284
202.44	-4.06788
202.65	-4.16524
202.86	-5.06983
203.07	-5.10443
203.28	-6.02265
203.49	-6.54113
203.7	-6.27555
203.91	-6.87699
204.12	-7.25591
204.33	-6.10823
204.54	-6.40116
204.75	-5.33644
204.96	-4.82408
205.17	-5.31893
205.38	-4.33491
205.59	-3.47798
205.8	-4.01447
206.01	-3.95704
206.22	-4.62194
206.43	-4.41704
206.64	-4.89555
206.85	-6.4903
207.06	-5.81779
207.27	-5.42863
207.48	-4.96549
207.69	-5.11787
207.9	-6.30785
208.11	-6.21399
208.32	-6.14084
208.53	-6.07735
208.74	-3.52798
208.95	-3.6043
209.16	-4.38899
209.37	-5.35004
209.58	-5.32154
209.79	-6.43055
210.0	-6.25664
210.21	-4.34106
210.42	-3.72838
210.63	-5.40717
210.84	-5.44949
211.05	-5.16042
211.26	-4.37989
211.47	-5.08916
211.68	-4.75267
211.89	-5.8661
212.1	-5.8211
212.31	-5.76093
212.52	-4.65087
212.73	-4.3449
212.94	-4.49017
213.15	-5.7184
213.36	-5.81795
213.57	-6.48323
213.78	-6.40952
213.99	-5.79801
214.2	-6.05094
214.41	-5.47052
214.62	-5.44048
214.83	-5.74718
215.04	-6.57428
215.25	-6.43367
215.46	-5.90813
215.67	-4.91795
215.88	-3.67591
216.09	-3.23545
216.3	-4.11479
216.51	-3.49604
216.72	-4.30774
216.93	-5.00344
217.14	-5.33565
217.35	-5.12648
217.56	-4.48112
217.77	-4.28906
217.98	-4.83515
218.19	-4.8236
218.4	-4.96727
218.61	-5.04112
218.82	-4.56965
219.03	-5.21848
219.24	-6.21819
219.45	-5.27174
219.66	-5.67414
219.87	-5.49265
220.08	-6.58173
220.29	-5.84962
220.5	-5.10635
220.71	-4.27513
220.92	-3.5201
221.13	-3.10052
221.34	-4.15954
221.55	-5.03487
221.76	-5.87758
221.97	-6.62056
222.18	-6.5135
222.39	-7.24265
222.6	-7.31515
222.81	-5.01473
223.02	-4.37625
223.23	-4.17203
223.44	-3.57811
223.65	-4.16539
223.86	-4.3813
224.07	-3.75981
224.28	-4.62956
224.49	-4.66785
224.7	-5.46758
224.91	-5.65713
225.12	-5.56439
225.33	-4.39038
225.54	-4.59116
225.75	-5.27221
225.96	-5.5392
226.17	-5.56418
226.38	-5.0372
226.59	-3.88885
226.8	-4.13585
227.01	-3.59202
227.22	-3.86567
227.43	-4.40903
227.64	-3.76664
227.85	-4.10605
228.06	-3.95102
228.27	-4.96278
228.48	-5.1038
228.69	-5.0809
228.9	-5.57955
229.11	-6.44681
229.32	-6.623
229.53	-6.08161
229.74	-6.09897
229.95	-5.77551
230.16	-4.2259
230.37	-2.87305
230.58	-3.1968
230.79	-2.5777
231.0	-3.93625
231.21	-4.495
231.42	-4.75524
231.63	-4.76935
231.84	-4.67564
232.05	-4.48845
232.26	-4.91359
232.47	-6.0546
232.68	-6.37592
232.89	-6.22327
233.1	-4.68646

&

