0.194737	0.001215
0.389474	-0.000964
0.584211	-0.014769
0.778947	-0.020947
0.973684	-0.031528
1.16842	-0.043663
1.36316	-0.05017
1.5579	-0.054921
1.75263	-0.059323
1.94737	-0.06104
2.1421	-0.069462
2.33684	-0.068062
2.53158	-0.05571
2.72632	-0.066118
2.92105	-0.074825
3.11579	-0.044752
3.31053	-0.04351
3.50526	-0.036606
3.7	-0.043599
3.89474	-0.052947
4.08947	-0.060806
4.28421	-0.066007
4.47895	-0.049166
4.67368	-0.041883
4.86842	-0.054514
5.06316	-0.052549
5.2579	-0.072949
5.45263	-0.07595
5.64737	-0.073787
5.84211	-0.086606
6.03684	-0.074047
6.23158	-0.084292
6.42632	-0.074384
6.62105	-0.073712
6.81579	-0.069053
7.01053	-0.057237
7.20526	-0.05409
7.4	-0.037521
7.59474	-0.057621
7.78947	-0.063458
7.98421	-0.06519
8.17895	-0.051808
8.37368	-0.033236
8.56842	-0.038128
8.76316	-0.019516
8.9579	-0.034811
9.15263	-0.048794
9.34737	-0.048966
9.5421	-0.068654
9.73684	-0.062219
9.93158	-0.047475
10.1263	-0.053832
10.3211	-0.062654
10.5158	-0.07568
10.7105	-0.065767
10.9053	-0.040919
11.1	-0.048695
11.2947	-0.04056
11.4895	-0.038617
11.6842	-0.050526
11.8789	-0.059513
12.0737	-0.052346
12.2684	-0.052265
12.4632	-0.044948
12.6579	-0.06362
12.8526	-0.058647
13.0474	-0.070884
13.2421	-0.03861
13.4368	-0.034364
13.6316	-0.025876
13.8263	-0.027032
14.0211	-0.053836
14.2158	-0.060694
14.4105	-0.066139
14.6053	-0.063944
14.8	-0.053583
14.9947	-0.068142
15.1895	-0.060096
15.3842	-0.070034
15.5789	-0.09816
15.7737	-0.098351
15.9684	-0.077274
16.1632	-0.064191
16.3579	-0.038995
16.5526	-0.03642
16.7474	-0.040744
16.9421	-0.027784
17.1368	-0.050442
17.3316	-0.048341
17.5263	-0.037538
17.7211	-0.028848
17.9158	-0.053018
18.1105	-0.070151
18.3053	-0.081124
18.5	-0.075003
18.6947	-0.0746
18.8895	-0.089488
19.0842	-0.095175
19.2789	-0.073667
19.4737	-0.052838
19.6684	-0.042045
19.8632	-0.016173
20.0579	-0.006336
20.2526	-0.039472
20.4474	-0.020796
20.6421	-0.017191
20.8368	-0.022733
21.0316	-0.033572
21.2263	-0.04975
21.4211	-0.028217
21.6158	-0.053004
21.8105	-0.043036
22.0053	-0.077391
22.2	-0.05561
22.3947	-0.060134
22.5895	-0.049527
22.7842	-0.052564
22.9789	-0.041598
23.1737	-0.046882
23.3684	-0.051636
23.5632	-0.049957
23.7579	-0.049031
23.9526	-0.04015
24.1474	-0.04654
24.3421	-0.044482
24.5368	-0.051332
24.7316	-0.064844
24.9263	-0.085052
25.1211	-0.08891
25.3158	-0.085296
25.5105	-0.066392
25.7053	-0.07082
25.9	-0.029583
26.0947	-0.036806
26.2895	-0.019274
26.4842	-0.021797
26.6789	-0.013144
26.8737	-0.025635
27.0684	-0.060806
27.2632	-0.079033
27.4579	-0.085372
27.6526	-0.060609
27.8474	-0.028453
28.0421	-0.029783
28.2368	-0.038249
28.4316	-0.044515
28.6263	-0.046586
28.8211	-0.084914
29.0158	-0.115509
29.2105	-0.117241
29.4053	-0.110433
29.6	-0.100209
29.7947	-0.101218
29.9895	-0.057055
30.1842	-0.080135
30.3789	-0.060168
30.5737	-0.054017
30.7684	-0.054028
30.9632	-0.028015
31.1579	-0.021823
31.3526	-0.04158
31.5474	-0.058852
31.7421	-0.052814
31.9368	-0.048357
32.1316	-0.018015
32.3263	-0.010119
32.5211	0.007238
32.7158	0.01076
32.9105	-0.022787
33.1053	-0.053876
33.3	-0.068151
33.4947	-0.061901
33.6895	-0.050213
33.8842	-0.063711
34.0789	-0.056811
34.2737	-0.030436
34.4684	-0.011258
34.6632	-0.025506
34.8579	-0.052012
35.0526	-0.05252
35.2474	-0.068026
35.4421	-0.074409
35.6368	-0.075099
35.8316	-0.063175
36.0263	-0.103282
36.2211	-0.109998
36.4158	-0.088476
36.6105	-0.106498
36.8053	-0.094019
37.0	-0.062296
37.1947	-0.020253
37.3895	-0.00655
37.5842	0.00993
37.7789	0.001759
37.9737	-0.045709
38.1684	-0.078368
38.3632	-0.080879
38.5579	-0.105587
38.7526	-0.081137
38.9474	-0.073315
39.1421	-0.06879
39.3368	-0.054546
39.5316	-0.007191
39.7263	-0.029965
39.9211	-0.045053
40.1158	-0.067069
40.3105	-0.077739
40.5053	-0.073496
40.7	-0.038985
40.8947	-0.050453
41.0895	-0.081588
41.2842	-0.087268
41.4789	-0.105886
41.6737	-0.065069
41.8684	-0.046625
42.0632	-0.038694
42.2579	-0.022052
42.4526	0.025357
42.6474	0.011035
42.8421	-0.00388
43.0368	-0.043677
43.2316	-0.01707
43.4263	-0.048115
43.6211	-0.101026
43.8158	-0.096486
44.0105	-0.094173
44.2053	-0.108064
44.4	-0.082403
44.5947	-0.113576
44.7895	-0.095963
44.9842	-0.071702
45.1789	-0.068287
45.3737	-0.055129
45.5684	-0.050789
45.7632	-0.058067
45.9579	-0.06674
46.1526	-0.044942
46.3474	-0.083397
46.5421	-0.06791
46.7368	-0.050316
46.9316	-0.05297
47.1263	-0.046522
47.3211	-0.078146
47.5158	-0.053972
47.7105	-0.026411
47.9053	-0.000253
48.1	0.009456
48.2947	-0.028782
48.4895	-0.036981
48.6842	-0.030891
48.8789	-0.061097
49.0737	-0.076386
49.2684	-0.076894
49.4632	-0.110598
49.6579	-0.072492
49.8526	-0.072703
50.0474	-0.108028
50.2421	-0.04098
50.4368	0.000666
50.6316	-0.001405
50.8263	0.000931
51.0211	0.000585
51.2158	0.017477
51.4105	-0.025212
51.6053	-0.040056
51.8	-0.045926
51.9947	-0.061464
52.1895	-0.081961
52.3842	-0.055044
52.5789	-0.051727
52.7737	-0.02455
52.9684	-0.009861
53.1632	-0.030623
53.3579	-0.040091
53.5526	-0.062081
53.7474	-0.066091
53.9421	-0.093884
54.1368	-0.076087
54.3316	-0.049927
54.5263	-0.046908
54.7211	-0.046784
54.9158	-0.057576
55.1105	-0.068947
55.3053	-0.088681
55.5	-0.059844
55.6947	-0.040562
55.8895	-0.010851
56.0842	0.019631
56.2789	0.006975
56.4737	-0.031688
56.6684	-0.06439
56.8632	-0.051356
57.0579	-0.05807
57.2526	-0.070046
57.4474	-0.061372
57.6421	-0.052596
57.8368	-0.082859
58.0316	-0.092432
58.2263	-0.098282
58.4211	-0.069295
58.6158	-0.043471
58.8105	-0.033688
59.0053	-0.053215
59.2	-0.053559
59.3947	-0.044026
59.5895	-0.058453
59.7842	-0.073961
59.9789	-0.056792
60.1737	-0.051857
60.3684	-0.04329
60.5632	-0.068892
60.7579	-0.082386
60.9526	-0.047395
61.1474	-0.058349
61.3421	-0.051903
61.5368	-0.068651
61.7316	-0.075262
61.9263	-0.025494
62.1211	-0.014039
62.3158	-0.016379
62.5105	-0.007735
62.7053	0.01532
62.9	-0.042205
63.0947	-0.056947
63.2895	-0.088587
63.4842	-0.091592
63.6789	-0.094092
63.8737	-0.108904
64.0684	-0.064452
64.2632	-0.085535
64.4579	-0.096972
64.6526	-0.058293
64.8474	-0.052013
65.0421	-0.057414
65.2368	-0.067384
65.4316	-0.041231
65.6263	-0.028149
65.8211	0.0058
66.0158	0.022117
66.2105	0.005566
66.4053	-0.047446
66.6	-0.046846
66.7947	-0.084242
66.9895	-0.061028
67.1842	-0.077114
67.3789	-0.075217
67.5737	-0.08098
67.7684	-0.063051
67.9632	0.004046
68.1579	0.001501
68.3526	-0.00463
68.5474	-0.074708
68.7421	-0.089027
68.9368	-0.100699
69.1316	-0.104173
69.3263	-0.094168
69.5211	-0.087544
69.7158	-0.087322
69.9105	-0.066826
70.1053	-0.062369
70.3	-0.052348
70.4947	-0.055097
70.6895	-0.063438
70.8842	-0.074685
71.0789	-0.118055
71.2737	-0.145807
71.4684	-0.141666
71.6632	-0.129361
71.8579	-0.094926
72.0526	-0.112794
72.2474	-0.120118
72.4421	-0.111189
72.6368	-0.046421
72.8316	-0.034599
73.0263	-0.021489
73.2211	-0.025319
73.4158	-0.048399
73.6105	-0.034173
73.8053	0.004524
74.0	0.004089
74.1947	-0.033015
74.3895	-0.066201
74.5842	-0.073036
74.7789	-0.085255
74.9737	-0.043377
75.1684	-0.077396
75.3632	-0.086983
75.5579	-0.095096
75.7526	-0.118312
75.9474	-0.098083
76.1421	-0.077677
76.3368	-0.111789
76.5316	-0.089176
76.7263	-0.088605
76.9211	-0.045953
77.1158	-0.024269
77.3105	-0.032646
77.5053	0.025732
77.7	0.020384
77.8947	0.015687
78.0895	0.007975
78.2842	-0.016985
78.4789	-0.032175
78.6737	-0.026837
78.8684	-0.0588
79.0632	-0.038691
79.2579	-0.028081
79.4526	-0.037191
79.6474	-0.039057
79.8421	-0.05072
80.0368	-0.054239
80.2316	-0.066624
80.4263	-0.109168
80.6211	-0.148071
80.8158	-0.128141
81.0105	-0.147237
81.2053	-0.176783
81.4	-0.131961
81.5947	-0.124446
81.7895	-0.129331
81.9842	-0.098564
82.1789	-0.095744
82.3737	-0.046508
82.5684	-0.026814
82.7632	-0.004179
82.9579	-0.010121
83.1526	-0.016518
83.3474	-0.070929
83.5421	-0.099242
83.7368	-0.09061
83.9316	-0.105368
84.1263	-0.111282
84.3211	-0.120691
84.5158	-0.102715
84.7105	-0.118183
84.9053	-0.13074
85.1	-0.094835
85.2947	-0.081023
85.4895	-0.074835
85.6842	-0.072854
85.8789	-0.028546
86.0737	-0.048866
86.2684	-0.047152
86.4632	-0.062599
86.6579	-0.042331
86.8526	-0.049812
87.0474	-0.01887
87.2421	-0.025634
87.4368	-0.066265
87.6316	-0.077267
87.8263	-0.076703
88.0211	-0.02886
88.2158	-0.027516
88.4105	-0.021483
88.6053	-0.021986
88.8	-0.034572
88.9947	-0.032103
89.1895	-0.095088
89.3842	-0.097953
89.5789	-0.104949
89.7737	-0.103278
89.9684	-0.143768
90.1632	-0.111071
90.3579	-0.051109
90.5526	-0.011393
90.7474	-0.009001
90.9421	0.040419
91.1368	0.003995
91.3316	0.007272
91.5263	-0.01926
91.7211	-0.019566
91.9158	0.000834
92.1105	-0.055604
92.3053	-0.09377
92.5	-0.102067
92.6947	-0.063787
92.8895	-0.114379
93.0842	-0.126299
93.2789	-0.105329
93.4737	-0.105767
93.6684	-0.104797
93.8632	-0.067471
94.0579	-0.04749
94.2526	0.012123
94.4474	0.024612
94.6421	0.057208
94.8368	0.015271
95.0316	0.023416
95.2263	-0.057801
95.4211	-0.064543
95.6158	-0.111078
95.8105	-0.147154
96.0053	-0.103398
96.2	-0.154378
96.3947	-0.115248
96.5895	-0.124073
96.7842	-0.091223
96.9789	-0.10177
97.1737	-0.102736
97.3684	-0.040177
97.5632	-0.032507
97.7579	-0.009704
97.9526	0.066472
98.1474	0.038499
98.3421	0.000126
98.5368	-0.066643
98.7316	-0.074538
98.9263	-0.111088
99.1211	-0.070981
99.3158	-0.066499
99.5105	-0.110115
99.7053	-0.092304
99.9	-0.154258
100.095	-0.131588
100.289	-0.11809
100.484	-0.12036
100.679	-0.145612
100.874	-0.136565
101.068	-0.136099
101.263	-0.103044
101.458	-0.105594
101.653	-0.116724
101.847	-0.092437
102.042	-0.050616
102.237	-0.040484
102.432	-0.079231
102.626	-0.044417
102.821	-0.065564
103.016	-0.039174
103.211	-0.074171
103.405	-0.039525
103.6	-0.090614
103.795	-0.094345
103.989	-0.067297
104.184	-0.082868
104.379	-0.084176
104.574	-0.094435
104.768	-0.058873
104.963	-0.007776
105.158	-0.044292
105.353	-0.054605
105.547	-0.071726
105.742	-0.043323
105.937	-0.052573
106.132	-0.037133
106.326	-0.014242
106.521	0.019707
106.716	0.018134
106.911	-0.02505
107.105	-0.086563
107.3	-0.102094
107.495	-0.119456
107.689	-0.112833
107.884	-0.117105
108.079	-0.152751
108.274	-0.128603
108.468	-0.11255
108.663	-0.152257
108.858	-0.118616
109.053	-0.10638
109.247	-0.129254
109.442	-0.136651
109.637	-0.151704
109.832	-0.13168
110.026	-0.107538
110.221	-0.088878
110.416	-0.060021
110.611	-0.039789
110.805	-0.005296
111.0	-0.046087
111.195	-0.074555
111.389	-0.103121
111.584	-0.09885
111.779	-0.085407
111.974	-0.070347
112.168	0.020881
112.363	0.035702
112.558	0.02547
112.753	0.038345
112.947	0.013674
113.142	-0.008486
113.337	-0.022418
113.532	-0.045056
113.726	-0.066309
113.921	-0.075589
114.116	-0.053204
114.311	-0.067818
114.505	-0.054711
114.7	-0.051576
114.895	-0.09059
115.089	-0.09046
115.284	-0.058534
115.479	-0.058023
115.674	-0.035725
115.868	-0.048541
116.063	-0.082752
116.258	-0.099565
116.453	-0.130743
116.647	-0.111331
116.842	-0.090507
117.037	-0.093295
117.232	-0.090734
117.426	-0.09443
117.621	-0.113952
117.816	-0.112951
118.011	-0.087722
118.205	-0.084356
118.4	-0.052746
118.595	-0.029727
118.789	-0.058223
118.984	-0.042696
119.179	0.019655
119.374	-0.012824
119.568	-0.072452
119.763	-0.029238
119.958	-0.035696
120.153	-0.051512
120.347	-0.038035
120.542	-0.049656
120.737	-0.074404
120.932	-0.100745
121.126	-0.108311
121.321	-0.094095
121.516	-0.068503
121.711	-0.009413
121.905	0.018913
122.1	0.026644
122.295	-0.010781
122.489	-0.047746
122.684	-0.047933
122.879	0.002459
123.074	0.025686
123.268	-0.000296
123.463	-0.084512
123.658	-0.054933
123.853	-0.069265
124.047	-0.062989
124.242	-0.1098
124.437	-0.09781
124.632	-0.089934
124.826	-0.077696
125.021	-0.0781
125.216	-0.035722
125.411	-0.044977
125.605	0.011084
125.8	0.01238
125.995	0.057779
126.189	0.023581
126.384	0.014183
126.579	0.012378
126.774	-0.036749
126.968	-0.033641
127.163	-0.060535
127.358	-0.087475
127.553	-0.137363
127.747	-0.17205
127.942	-0.149801
128.137	-0.104089
128.332	-0.098701
128.526	-0.077305
128.721	-0.03103
128.916	-0.033055
129.111	-0.028897
129.305	0.003093
129.5	0.017161
129.695	-0.022989
129.889	-0.074045
130.084	-0.076377
130.279	-0.090241
130.474	-0.074463
130.668	-0.108463
130.863	-0.118862
131.058	-0.11607
131.253	-0.137236
131.447	-0.087718
131.642	-0.072956
131.837	-0.046949
132.032	0.003207
132.226	0.043124
132.421	-0.048578
132.616	-0.056484
132.811	-0.045765
133.005	-0.062873
133.2	-0.029141
133.395	-0.020993
133.589	-0.044757
133.784	-0.038737
133.979	-0.000947
134.174	-0.028423
134.368	-0.008417
134.563	0.031098
134.758	0.035928
134.953	0.033625
135.147	-0.006211
135.342	-0.041327
135.537	-0.051128
135.732	-0.085319
135.926	-0.11316
136.121	-0.109536
136.316	-0.081329
136.511	-0.039335
136.705	-0.015245
136.9	0.02465
137.095	0.020595
137.289	-0.009842
137.484	-0.074609
137.679	-0.1086
137.874	-0.112271
138.068	-0.104265
138.263	-0.130737
138.458	-0.175065
138.653	-0.169571
138.847	-0.15855
139.042	-0.13573
139.237	-0.113664
139.432	-0.069067
139.626	-0.050936
139.821	0.002113
140.016	-0.079589
140.211	-0.057246
140.405	-0.017315
140.6	0.001776
140.795	-0.016382
140.989	-0.013212
141.184	-0.014201
141.379	-0.017766
141.574	-0.028913
141.768	0.010227
141.963	-0.071071
142.158	-0.121686
142.353	-0.1122
142.547	-0.15256
142.742	-0.161241
142.937	-0.128291
143.132	-0.119447
143.326	-0.085454
143.521	-0.052169
143.716	-0.020309
143.911	-0.037089
144.105	-0.073815
144.3	-0.104968
144.495	-0.074657
144.689	-0.084939
144.884	-0.033108
145.079	-0.019315
145.274	-0.020403
145.468	-0.088105
145.663	-0.10619
145.858	-0.123674
146.053	-0.067111
146.247	-0.080489
146.442	-0.026429
146.637	-0.062466
146.832	-0.085454
147.026	-0.099217
147.221	-0.144934
147.416	-0.083017
147.611	-0.066588
147.805	-0.040917
148.0	-0.061779
148.195	-0.040702
148.389	-0.065105
148.584	-0.095178
148.779	-0.113278
148.974	-0.123219
149.168	-0.09677
149.363	-0.042898
149.558	-0.054933
149.753	-0.075385
149.947	-0.02487
150.142	-0.037494
150.337	0.010899
150.532	0.050301
150.726	-0.002801
150.921	0.010442
151.116	-0.028304
151.311	-0.070716
151.505	-0.072089
151.7	-0.11932
151.895	-0.182958
152.089	-0.117997
152.284	-0.133626
152.479	-0.105694
152.674	-0.061897
152.868	-0.03207
153.063	-0.050942
153.258	-0.072115
153.453	0.000113
153.647	-0.013622
153.842	-0.0056
154.037	-0.032258
154.232	-0.029966
154.426	-0.055199
154.621	-0.008786
154.816	-0.037228
155.011	-0.016843
155.205	-0.056111
155.4	-0.028176
155.595	-0.043782
155.789	-0.026803
155.984	-0.005121
156.179	-0.032642
156.374	-0.039333
156.568	-0.021016
156.763	-0.031736
156.958	-0.022109
157.153	-0.000207
157.347	-0.050519
157.542	-0.100531
157.737	-0.109923
157.932	-0.106249
158.126	-0.07464
158.321	-0.060909
158.516	-0.070076
158.711	-0.044238
158.905	-0.039321
159.1	-0.043884
159.295	-0.084051
159.489	-0.069791
159.684	-0.092365
159.879	-0.101151
160.074	-0.114907
160.268	-0.080476
160.463	-0.032476
160.658	0.005997
160.853	0.017806
161.047	0.043483
161.242	0.011884
161.437	-0.046763
161.632	-0.085423
161.826	-0.118117
162.021	-0.1334
162.216	-0.115345
162.411	-0.112904
162.605	-0.085242
162.8	-0.068135
162.995	-0.062252
163.189	-0.128397
163.384	-0.088561
163.579	-0.035369
163.774	-0.080109
163.968	-0.027723
164.163	-0.024209
164.358	-0.016627
164.553	-0.005628
164.747	-0.043885
164.942	-0.033039
165.137	-0.051505
165.332	-0.06418
165.526	-0.088303
165.721	-0.123444
165.916	-0.176457
166.111	-0.170279
166.305	-0.147103
166.5	-0.096976
166.695	-0.052456
166.889	-0.042744
167.084	-0.041411
167.279	-0.026534
167.474	0.03018
167.668	0.019659
167.863	-0.030482
168.058	-0.110959
168.253	-0.113692
168.447	-0.036651
168.642	-0.083708
168.837	-0.048663
169.032	-0.042502
169.226	-0.026898
169.421	0.015656
169.616	-0.042026
169.811	-0.07699
170.005	-0.14364
170.2	-0.160815
170.395	-0.121787
170.589	-0.076998
170.784	-0.138271
170.979	-0.151728
171.174	-0.082308
171.368	-0.069017
171.563	-0.048617
171.758	-0.101633
171.953	-0.085583
172.147	-0.053574
172.342	-0.045191
172.537	-0.034329
172.732	-0.009415
172.926	0.002967
173.121	0.009412
173.316	0.027296
173.511	-0.004191
173.705	-0.02368
173.9	-0.041523
174.095	-0.04477
174.289	-0.079999
174.484	-0.058506
174.679	-0.047613
174.874	-0.026825
175.068	-0.018393
175.263	-0.007437
175.458	-0.020783
175.653	-0.037474
175.847	-0.026337
176.042	-0.107286
176.237	-0.077755
176.432	-0.02156
176.626	-0.005253
176.821	-0.025175
177.016	-0.033487
177.211	-0.055483
177.405	-0.109787
177.6	-0.095048
177.795	-0.153889
177.989	-0.169159
178.184	-0.107711
178.379	-0.098382
178.574	-0.145764
178.768	-0.096118
178.963	-0.060919
179.158	-0.071491
179.353	-0.106507
179.547	-0.106198
179.742	-0.084664
179.937	-0.129607
180.132	-0.081663
180.326	-0.020165
180.521	-0.043485
180.716	-0.068019
180.911	-0.036988
181.105	-0.092204
181.3	-0.034459
181.495	0.008465
181.689	0.00478
181.884	0.032228
182.079	0.038923
182.274	0.001712
182.468	-0.011006
182.663	-0.05738
182.858	-0.10911
183.053	-0.105788
183.247	-0.119022
183.442	-0.038698
183.637	0.000507
183.832	-0.013751
184.026	-0.080059
184.221	-0.079092
184.416	-0.057861
184.611	-0.142171
184.805	-0.131528
185.0	-0.108352
185.195	-0.107641
185.389	-0.087847
185.584	-0.066795
185.779	-0.055672
185.974	0.023741
186.168	0.031884
186.363	0.031875
186.558	-0.018633
186.753	-0.056428
186.947	-0.074203
187.142	-0.11283
187.337	-0.076416
187.532	-0.07122
187.726	-0.039517
187.921	0.019647
188.116	-0.037407
188.311	-0.048598
188.505	0.025955
188.7	-0.023904
188.895	-0.103578
189.089	-0.083223
189.284	-0.083323
189.479	-0.13066
189.674	-0.09366
189.868	-0.11211
190.063	-0.059676
190.258	-0.06687
190.453	-0.148826
190.647	-0.16439
190.842	-0.127585
191.037	-0.095424
191.232	-0.063385
191.426	-0.032745
191.621	-0.018442
191.816	-0.090803
192.011	-0.040166
192.205	-0.057596
192.4	-0.041029
192.595	-0.048343
192.789	-0.087754
192.984	-0.040139
193.179	-0.008428
193.374	-0.05467
193.568	-0.021194
193.763	-0.000356
193.958	-0.034031
194.153	-0.12461
194.347	-0.074654
194.542	-0.103336
194.737	-0.013451
194.932	-0.062216
195.126	-0.067851
195.321	-0.081268
195.516	-0.057719
195.711	-0.051727
195.905	-0.012057
196.1	-0.015028
196.295	-0.028724
196.489	0.025893
196.684	-0.021733
196.879	-0.040533
197.074	-0.091208
197.268	-0.10417
197.463	-0.141623
197.658	-0.154173
197.853	-0.217232
198.047	-0.237927
198.242	-0.156794
198.437	-0.127253
198.632	-0.126983
198.826	-0.107217
199.021	-0.044493
199.216	-0.033901
199.411	-0.01096
199.605	0.010145
199.8	-0.10827
199.995	-0.17471
200.189	-0.140753
200.384	-0.140719
200.579	-0.131929
200.774	-0.085813
200.968	-0.039862
201.163	-0.033238
201.358	-0.017236
201.553	0.023682
201.747	-0.002342
201.942	0.018042
202.137	0.005751
202.332	-0.013554
202.526	-0.114004
202.721	-0.143378
202.916	-0.16381
203.111	-0.082252
203.305	-0.061252
203.5	-0.027936
203.695	-0.07796
203.889	-0.049078
204.084	-0.081196
204.279	-0.030356
204.474	0.006007
204.668	0.003194
204.863	-0.004439
205.058	-0.080345
205.253	-0.101697
205.447	-0.109048
205.642	-0.140191
205.837	-0.165918
206.032	-0.143696
206.226	-0.066367
206.421	-0.055568
206.616	-0.025174
206.811	0.015732
207.005	-0.045184
207.2	-0.041284
207.395	-0.072965
207.589	-0.107368
207.784	-0.120588
207.979	-0.160071
208.174	-0.089751
208.368	-0.114385
208.563	-0.078155
208.758	-0.077731
208.953	-0.057628
209.147	-0.035282
209.342	-0.052112
209.537	-0.048976
209.732	-0.102287
209.926	-0.069369
210.121	-0.063314
210.316	-0.091803
210.511	-0.08399
210.705	-0.008527
210.9	-0.054798
211.095	-0.068899
211.289	-0.084151
211.484	-0.062963
211.679	-0.110344
211.874	-0.078809
212.068	-0.103701
212.263	-0.074505
212.458	-0.088634
212.653	-0.061703
212.847	-0.013554
213.042	-0.010125
213.237	-0.009872
213.432	-0.020285
213.626	-0.031393
213.821	-0.05416
214.016	-0.047645
214.211	-0.015591
214.405	0.001937
214.6	-0.008851
214.795	-0.018886
214.989	-0.089942
215.184	-0.03685
215.379	-0.051939
215.574	-0.072478
215.768	-0.043971
215.963	-0.050143
216.158	0.020717
216.353	0.017107
216.547	0.015193
216.742	0.011186
216.937	-0.010911
217.132	-0.064622
217.326	-0.037025
217.521	-0.075309
217.716	-0.082637
217.911	-0.049417
218.105	0.075244
218.3	0.058028
218.495	0.068747
218.689	0.076607
218.884	0.017113
219.079	-0.084805
219.274	-0.121302
219.468	-0.117828
219.663	-0.097319
219.858	-0.082387
220.053	-0.062212
220.247	-0.034074
220.442	-0.074597
220.637	-0.150211
220.832	-0.112489
221.026	-0.111262
221.221	-0.033346
221.416	-0.055677
221.611	-0.073031
221.805	-0.052145
222.0	-0.019333
222.195	0.019651
222.389	-0.002439
222.584	-0.044445
222.779	-0.089082
222.974	-0.124574
223.168	-0.16767
223.363	-0.199635
223.558	-0.169688
223.753	-0.159015
223.947	-0.127087
224.142	-0.167518
224.337	-0.119476
224.532	-0.085338
224.726	-0.06186
224.921	-0.035307
225.116	0.027657
225.311	0.08716
225.505	0.014339
225.7	0.013455
225.895	0.036581
226.089	0.055011
226.284	0.05083
226.479	0.020785
226.674	-0.005723
226.868	-0.02631
227.063	-0.091862
227.258	-0.036194
227.453	-0.0394
227.647	-0.138151
227.842	-0.160009
228.037	-0.153178
228.232	-0.150109
228.426	-0.102834
228.621	-0.026932
228.816	-0.004834
229.011	0.004264
229.205	-0.008307
229.4	-0.059824
229.595	-0.038384
229.789	-0.087004
229.984	-0.064451
230.179	0.042355
230.374	0.015224
230.568	-0.03582
230.763	-0.020493
230.958	0.001549
231.153	-0.033769
231.347	-0.075044
231.542	-0.095139
231.737	-0.103725
231.932	-0.10549
232.126	-0.06468
232.321	-0.049192
232.516	-0.112727
232.711	-0.080554
232.905	-0.037674
233.1	-0.03286
233.295	-0.040519
233.489	0.02253
233.684	0.055188
233.879	0.018377
234.074	0.006085
234.268	-0.002812
234.463	-0.051889
234.658	-0.05832
234.853	0.008379
235.047	-0.000416
235.242	-0.05167
235.437	-0.072565
235.632	-0.094412
235.826	-0.103998
236.021	-0.066717
236.216	-0.008036
236.411	-0.044
236.605	-0.078805
236.8	-0.039367
236.995	-0.083304
237.189	0.000425
237.384	0.064849
237.579	0.069111
237.774	0.008082
237.968	-0.045994
238.163	-0.156549
238.358	-0.173616
238.553	-0.156493
238.747	-0.162345
238.942	-0.156848
239.137	-0.134905
239.332	-0.119102
239.526	-0.109356
239.721	-0.076807
239.916	-0.019608
240.111	0.010717
240.305	0.001147
240.5	0.042115
240.695	-0.003664
240.889	-0.058702
241.084	-0.089542
241.279	-0.112901
241.474	-0.131548
241.668	-0.0939
241.863	-0.148064
242.058	-0.108398
242.253	-0.073493
242.447	-0.064309
242.642	-0.076368
242.837	-0.067938
243.032	-0.100832
243.226	-0.051221
243.421	-0.026233
243.616	-0.01917
243.811	0.020147
244.005	0.019424
244.2	-0.019376
244.395	-0.012413
244.589	-0.039543
244.784	-0.034705
244.979	-0.044985
245.174	-0.051355
245.368	-0.050708
245.563	-0.050874
245.758	-0.074523
245.953	-0.090817
246.147	-0.01573
246.342	-0.025547
246.537	-0.015662
246.732	-0.024832
246.926	-0.050226
247.121	-0.028923
247.316	-0.013785
247.511	-0.050702
247.705	-0.011619
247.9	-0.061797
248.095	-0.083497
248.289	-0.081631
248.484	-0.148739
248.679	-0.086271
248.874	-0.093629
249.068	-0.056467
249.263	-0.08525
249.458	-0.118673
249.653	-0.184462
249.847	-0.131103
250.042	-0.15355
250.237	-0.156716
250.432	-0.038914
250.626	-0.006497
250.821	-0.04241
251.016	-0.003614
251.211	-0.018592
251.405	-0.057566
251.6	-0.050621
251.795	-0.04659
251.989	-0.022211
252.184	-0.000492
252.379	-0.036776
252.574	-0.086882
252.768	-0.120758
252.963	-0.027349
253.158	-0.053758
253.353	-0.107508
253.547	-0.157389
253.742	-0.185196
253.937	-0.159251
254.132	-0.032588
254.326	0.032325
254.521	0.088586
254.716	0.025947
254.911	-0.0491
255.105	-0.069477
255.3	-0.080207
255.495	-0.067544
255.689	-0.053221
255.884	-0.052612
256.079	-0.008354
256.274	-0.009022
256.468	-0.065784
256.663	-0.040174
256.858	-0.046857
257.053	-0.07218
257.247	-0.011723
257.442	0.014704
257.637	0.012634
257.832	0.036864
258.026	0.00764
258.221	-0.08765
258.416	-0.074879
258.611	-0.096938
258.805	-0.154215
259.0	-0.102582
259.195	-0.057805
259.389	-0.007178
259.584	0.060558
259.779	0.016005
259.974	-0.007986
260.168	-0.038249
260.363	-0.053981
260.558	-0.031194
260.753	-0.087729
260.947	-0.049192
261.142	-0.115409
261.337	-0.163928
261.532	-0.154475
261.726	-0.144579
261.921	-0.22624
262.116	-0.10759
262.311	0.034041
262.505	-0.022016
262.7	-0.006465
262.895	0.023865
263.089	0.029185
263.284	-0.030491
263.479	-0.008252
263.674	-0.042056
263.868	-0.012787
264.063	-0.002427
264.258	0.045447
264.453	0.065322
264.647	0.044768
264.842	0.011582
265.037	-0.00019
265.232	-0.033002
265.426	-0.044485
265.621	-0.090748
265.816	-0.12374
266.011	-0.183541
266.205	-0.171669
266.4	-0.114674
266.595	-0.002963
266.789	0.050742
266.984	-0.016164
267.179	-0.019835
267.374	-0.07353
267.568	-0.083167
267.763	-0.171689
267.958	-0.173101
268.153	-0.08007
268.347	-0.093755
268.542	-0.047039
268.737	-0.02882
268.932	-0.024007
269.126	0.008882
269.321	-0.023777
269.516	-0.038698
269.711	-0.054951
269.905	-0.051865
270.1	-0.050008
270.295	-0.100012
270.489	-0.071781
270.684	-0.061096
270.879	-0.071238
271.074	-0.05606
271.268	-0.020146
271.463	-0.057128
271.658	-0.060559
271.853	-0.138771
272.047	-0.121321
272.242	-0.100949
272.437	-0.138501
272.632	-0.075984
272.826	-0.00369
273.021	-0.029397
273.216	-0.05723
273.411	-0.060179
273.605	-0.038604
273.8	-0.052356
273.995	-0.015015
274.189	-0.010352
274.384	-0.050143
274.579	-0.061715
274.774	-0.005067
274.968	0.064025
275.163	0.051943
275.358	0.02611
275.553	-0.025537
275.747	-0.015805
275.942	0.011208
276.137	0.011199
276.332	-0.050151
276.526	-0.053306
276.721	-0.158494
276.916	-0.152797
277.111	-0.13632
277.305	-0.05432
277.5	0.036924
277.695	0.010743
277.889	0.011774
278.084	-0.015988
278.279	-0.056715
278.474	-0.097068
278.668	-0.117304
278.863	-0.104845
279.058	-0.123192
279.253	-0.078502
279.447	-0.001398
279.642	0.027077
279.837	0.047728
280.032	-0.049345
280.226	-0.108957
280.421	-0.136585
280.616	-0.124134
280.811	-0.177226
281.005	-0.178098
281.2	-0.153825
281.395	-0.153503
281.589	-0.157663
281.784	-0.066445
281.979	-0.065835
282.174	0.00703
282.368	0.023203
282.563	0.038807
282.758	0.048282
282.953	0.019978
283.147	0.004815
283.342	0.050179
283.537	0.058053
283.732	0.06818
283.926	0.112378
284.121	0.152843
284.316	0.132142
284.511	0.043213
284.705	-0.076287
284.9	-0.092605
285.095	-0.169945
285.289	-0.169168
285.484	-0.150965
285.679	-0.105115
285.874	-0.092848
286.068	-0.093916
286.263	-0.046858
286.458	-0.066641
286.653	-0.017011
286.847	0.019894
287.042	0.054635
287.237	0.050521

&

0.194737	-0.001701
0.389474	-0.026329
0.584211	-0.053489
0.778947	-0.05288
0.973684	-0.062358
1.16842	-0.065368
1.36316	-0.060633
1.5579	-0.044377
1.75263	-0.039737
1.94737	-0.039164
2.1421	-0.046703
2.33684	-0.037543
2.53158	-0.027457
2.72632	-0.03651
2.92105	-0.016468
3.11579	-0.009405
3.31053	-0.019627
3.50526	-0.030653
3.7	-0.033842
3.89474	-0.024337
4.08947	-0.026083
4.28421	-0.007981
4.47895	-0.004199
4.67368	-0.020116
4.86842	-0.024823
5.06316	-0.028497
5.2579	-0.037397
5.45263	-0.035418
5.64737	-0.037588
5.84211	-0.017681
6.03684	-0.007794
6.23158	-0.013183
6.42632	-0.029877
6.62105	-0.034005
6.81579	-0.045091
7.01053	-0.042217
7.20526	-0.045478
7.4	-0.042371
7.59474	-0.042451
7.78947	-0.029082
7.98421	-0.03045
8.17895	-0.040283
8.37368	-0.01883
8.56842	-0.03452
8.76316	-0.048768
8.9579	-0.052148
9.15263	-0.046796
9.34737	-0.038497
9.5421	-0.056473
9.73684	-0.055901
9.93158	-0.054385
10.1263	-0.048444
10.3211	-0.042599
10.5158	-0.039532
10.7105	-0.047055
10.9053	-0.054645
11.1	-0.067168
11.2947	-0.056137
11.4895	-0.05029
11.6842	-0.049803
11.8789	-0.049453
12.0737	-0.04235
12.2684	-0.047334
12.4632	-0.031193
12.6579	-0.020072
12.8526	-0.044062
13.0474	-0.030563
13.2421	-0.018835
13.4368	-0.03007
13.6316	-0.036609
13.8263	-0.043185
14.0211	-0.063623
14.2158	-0.044193
14.4105	-0.062315
14.6053	-0.050849
14.8	-0.037222
14.9947	-0.070447
15.1895	-0.06612
15.3842	-0.076135
15.5789	-0.067539
15.7737	-0.048755
15.9684	-0.020018
16.1632	-0.01308
16.3579	0.016028
16.5526	0.004185
16.7474	-0.027146
16.9421	-0.035211
17.1368	-0.039814
17.3316	-0.030272
17.5263	-0.031244
17.7211	-0.063848
17.9158	-0.068026
18.1105	-0.076984
18.3053	-0.055579
18.5	-0.053973
18.6947	-0.028966
18.8895	-0.023652
19.0842	0.011264
19.2789	0.011023
19.4737	0.026392
19.6684	0.026295
19.8632	0.000665
20.0579	-0.047746
20.2526	-0.052514
20.4474	-0.049897
20.6421	-0.032223
20.8368	-0.051306
21.0316	-0.085839
21.2263	-0.044468
21.4211	-0.044864
21.6158	-0.06097
21.8105	-0.049643
22.0053	-0.031339
22.2	-0.032967
22.3947	-0.023282
22.5895	-0.004968
22.7842	-0.02097
22.9789	-0.019607
23.1737	-0.008532
23.3684	-0.017368
23.5632	-0.021511
23.7579	-0.026577
23.9526	-0.032438
24.1474	-0.055128
24.3421	-0.04889
24.5368	-0.071033
24.7316	-0.0577
24.9263	-0.055595
25.1211	-0.029822
25.3158	-0.015849
25.5105	0.022566
25.7053	-0.009069
25.9	-0.020373
26.0947	-0.031219
26.2895	-0.031788
26.4842	-0.014303
26.6789	-0.032158
26.8737	-0.051639
27.0684	-0.057425
27.2632	-0.039575
27.4579	-0.011153
27.6526	-0.019052
27.8474	-0.032763
28.0421	-0.053358
28.2368	-0.069485
28.4316	-0.080053
28.6263	-0.086
28.8211	-0.068658
29.0158	-0.075132
29.2105	-0.010754
29.4053	-0.020991
29.6	-0.013487
29.7947	-0.025636
29.9895	-0.038105
30.1842	0.004865
30.3789	0.008651
30.5737	-0.025083
30.7684	-0.012413
30.9632	-0.006826
31.1579	-0.016443
31.3526	-0.039294
31.5474	-0.037274
31.7421	0.000339
31.9368	0.01688
32.1316	0.012487
32.3263	-0.001202
32.5211	-0.035572
32.7158	-0.064351
32.9105	-0.081383
33.1053	-0.045782
33.3	-0.030649
33.4947	-0.027017
33.6895	-0.003556
33.8842	-0.030992
34.0789	-0.027233
34.2737	-0.023207
34.4684	-0.033114
34.6632	-0.060951
34.8579	-0.056261
35.0526	-0.070859
35.2474	-0.057631
35.4421	-0.062288
35.6368	-0.080943
35.8316	-0.073149
36.0263	-0.078433
36.2211	-0.040819
36.4158	-0.030081
36.6105	-0.019202
36.8053	0.00832
37.0	0.023745
37.1947	0.004946
37.3895	-0.000272
37.5842	-0.004344
37.7789	-0.052473
37.9737	-0.072393
38.1684	-0.051752
38.3632	-0.03012
38.5579	-0.007594
38.7526	-0.007416
38.9474	-0.007612
39.1421	0.008536
39.3368	0.003815
39.5316	-0.0322
39.7263	-0.066438
39.9211	-0.052678
40.1158	-0.029274
40.3105	-0.01368
40.5053	0.005568
40.7	0.009089
40.8947	-0.007414
41.0895	-0.032273
41.2842	-0.024541
41.4789	-0.01248
41.6737	0.019558
41.8684	0.013894
42.0632	0.015892
42.2579	0.008823
42.4526	0.006774
42.6474	-0.017355
42.8421	-0.00423
43.0368	-0.047144
43.2316	-0.033043
43.4263	-0.085263
43.6211	-0.089507
43.8158	-0.069098
44.0105	-0.056249
44.2053	-0.057859
44.4	-0.048173
44.5947	-0.002026
44.7895	-0.012019
44.9842	-0.005039
45.1789	0.009657
45.3737	-0.00178
45.5684	-0.033492
45.7632	-0.02426
45.9579	-0.047977
46.1526	-0.040474
46.3474	-0.046175
46.5421	-0.051133
46.7368	-0.04178
46.9316	-0.017169
47.1263	-0.038313
47.3211	-0.037815
47.5158	-0.034596
47.7105	-0.05013
47.9053	-0.059502
48.1	-0.054833
48.2947	-0.046451
48.4895	-0.075637
48.6842	-0.092416
48.8789	-0.071379
49.0737	-0.032716
49.2684	-0.008628
49.4632	-0.031434
49.6579	-0.02183
49.8526	0.018583
50.0474	0.020789
50.2421	0.057689
50.4368	0.034313
50.6316	0.009957
50.8263	-0.019843
51.0211	-0.021106
51.2158	-0.035658
51.4105	-0.082523
51.6053	-0.074195
51.8	-0.073315
51.9947	-0.044245
52.1895	-0.029968
52.3842	-0.008355
52.5789	-0.011331
52.7737	-0.040659
52.9684	-0.045216
53.1632	-0.060004
53.3579	-0.046583
53.5526	-0.037742
53.7474	-0.020476
53.9421	-0.020854
54.1368	-0.006251
54.3316	0.000159
54.5263	-0.017032
54.7211	-0.042906
54.9158	-0.05773
55.1105	-0.057868
55.3053	-0.009276
55.5	0.016848
55.6947	-0.005238
55.8895	0.014707
56.0842	-0.002092
56.2789	-0.047166
56.4737	-0.051052
56.6684	-0.081753
56.8632	-0.058094
57.0579	-0.059126
57.2526	-0.049425
57.4474	-0.033755
57.6421	-0.051929
57.8368	-0.060412
58.0316	-0.042773
58.2263	-0.007571
58.4211	-0.020066
58.6158	-0.015036
58.8105	-0.070675
59.0053	-0.056273
59.2	-0.057782
59.3947	-0.048478
59.5895	-0.056994
59.7842	-0.045591
59.9789	-0.039342
60.1737	-0.046769
60.3684	-0.036107
60.5632	-0.03816
60.7579	-0.052131
60.9526	-0.041764
61.1474	-0.070134
61.3421	-0.048676
61.5368	-0.0328
61.7316	-0.006745
61.9263	-0.039982
62.1211	-0.0424
62.3158	-0.071365
62.5105	-0.059557
62.7053	-0.102143
62.9	-0.107454
63.0947	-0.050238
63.2895	-0.062438
63.4842	-0.068153
63.6789	-0.045712
63.8737	-0.054167
64.0684	-0.04512
64.2632	-0.038637
64.4579	-0.041928
64.6526	-0.01364
64.8474	0.0165
65.0421	0.005722
65.2368	0.020572
65.4316	0.0113
65.6263	0.003256
65.8211	-0.020938
66.0158	-0.051311
66.2105	-0.053712
66.4053	-0.077056
66.6	-0.073459
66.7947	-0.076796
66.9895	-0.04773
67.1842	-0.056895
67.3789	-0.037726
67.5737	-0.003765
67.7684	0.012298
67.9632	-6.1e-05
68.1579	-0.035034
68.3526	-0.053407
68.5474	-0.062831
68.7421	-0.069763
68.9368	-0.052843
69.1316	-0.020858
69.3263	-0.028852
69.5211	-0.001945
69.7158	-0.039347
69.9105	-0.034579
70.1053	-0.023573
70.3	-0.045289
70.4947	-0.105405
70.6895	-0.094011
70.8842	-0.113232
71.0789	-0.079076
71.2737	-0.051808
71.4684	-0.027194
71.6632	-0.007459
71.8579	-0.036886
72.0526	-0.024684
72.2474	-0.01136
72.4421	-0.016796
72.6368	0.017669
72.8316	0.046415
73.0263	0.03094
73.2211	-0.015656
73.4158	-0.027807
73.6105	-0.01675
73.8053	-0.022754
74.0	-0.063898
74.1947	-0.105155
74.3895	-0.103887
74.5842	-0.099881
74.7789	-0.083665
74.9737	-0.101927
75.1684	-0.125593
75.3632	-0.122589
75.5579	-0.06128
75.7526	-0.06456
75.9474	-0.062486
76.1421	-0.066362
76.3368	-0.069072
76.5316	-0.01343
76.7263	0.013936
76.9211	0.008452
77.1158	0.01437
77.3105	-0.02226
77.5053	-0.035111
77.7	-0.046246
77.8947	-0.029112
78.0895	-0.043651
78.2842	-0.026479
78.4789	-0.025203
78.6737	-0.003285
78.8684	-0.041271
79.0632	-0.036926
79.2579	-0.030719
79.4526	-0.023863
79.6474	-0.043097
79.8421	-0.065201
80.0368	-0.083691
80.2316	-0.055133
80.4263	-0.062376
80.6211	-0.024861
80.8158	-0.017099
81.0105	-0.043955
81.2053	-0.005901
81.4	0.016986
81.5947	0.002573
81.7895	0.015379
81.9842	0.022553
82.1789	0.024044
82.3737	0.056662
82.5684	0.017224
82.7632	-0.037223
82.9579	-0.029597
83.1526	-0.096758
83.3474	-0.10644
83.5421	-0.106474
83.7368	-0.110716
83.9316	-0.11133
84.1263	-0.097669
84.3211	-0.075559
84.5158	-0.053843
84.7105	-0.054012
84.9053	-0.050548
85.1	0.014695
85.2947	-0.014619
85.4895	-0.032316
85.6842	-0.073614
85.8789	-0.045328
86.0737	-0.069955
86.2684	-0.072575
86.4632	-0.022735
86.6579	-0.049724
86.8526	-0.00355
87.0474	-0.024988
87.2421	-0.086193
87.4368	-0.047146
87.6316	-0.037451
87.8263	-0.025121
88.0211	-0.059241
88.2158	-0.052985
88.4105	-0.053654
88.6053	-0.063101
88.8	-0.09225
88.9947	-0.050049
89.1895	-0.077156
89.3842	-0.117857
89.5789	-0.114254
89.7737	-0.060981
89.9684	0.027961
90.1632	0.042416
90.3579	0.03187
90.5526	0.032719
90.7474	0.041352
90.9421	0.032532
91.1368	-0.000608
91.3316	0.009388
91.5263	-0.003468
91.7211	-0.017935
91.9158	-0.089089
92.1105	-0.115999
92.3053	-0.085839
92.5	-0.080555
92.6947	-0.086723
92.8895	-0.078454
93.0842	-0.031595
93.2789	0.008055
93.4737	-0.014205
93.6684	0.000631
93.8632	0.050026
94.0579	0.047728
94.2526	0.030274
94.4474	-0.018254
94.6421	-0.084546
94.8368	-0.099879
95.0316	-0.142976
95.2263	-0.099595
95.4211	-0.13005
95.6158	-0.154301
95.8105	-0.125225
96.0053	-0.054725
96.2	-0.032092
96.3947	-0.02332
96.5895	0.056618
96.7842	0.033422
96.9789	0.057114
97.1737	0.066187
97.3684	0.064236
97.5632	0.037363
97.7579	0.027732
97.9526	-0.021211
98.1474	-0.066291
98.3421	-0.060025
98.5368	-0.08751
98.7316	-0.06029
98.9263	-0.070935
99.1211	-0.045008
99.3158	-0.103257
99.5105	-0.095733
99.7053	-0.081543
99.9	-0.061589
100.095	-0.070368
100.289	-0.069656
100.484	-0.071872
100.679	-0.055887
100.874	-0.004657
101.068	-0.003459
101.263	0.0149
101.458	0.004249
101.653	0.01527
101.847	-0.004796
102.042	-0.031355
102.237	-0.035899
102.432	-0.037997
102.626	-0.034949
102.821	-0.037694
103.016	-0.023924
103.211	-0.038516
103.405	-0.044582
103.6	-0.06394
103.795	-0.063921
103.989	-0.053794
104.184	-0.03271
104.379	-0.014962
104.574	0.004218
104.768	-0.013619
104.963	-0.028608
105.158	-0.040541
105.353	-0.035367
105.547	-0.044185
105.742	-0.03688
105.937	-0.028976
106.132	-0.045962
106.326	-0.087134
106.521	-0.073146
106.716	-0.090261
106.911	-0.114566
107.105	-0.102896
107.3	-0.102447
107.495	-0.095911
107.689	-0.051168
107.884	-0.067415
108.079	-0.084415
108.274	-0.046488
108.468	-0.069472
108.663	-0.088698
108.858	-0.056484
109.053	-0.060107
109.247	-0.065523
109.442	-0.041552
109.637	-0.051964
109.832	-0.023596
110.026	0.013712
110.221	0.042723
110.416	0.059163
110.611	0.006605
110.805	-0.026028
111.0	-0.026326
111.195	-0.03836
111.389	-0.046711
111.584	-0.03596
111.779	0.012932
111.974	0.056262
112.168	0.021557
112.363	-0.030295
112.558	-0.034129
112.753	-0.07119
112.947	-0.074028
113.142	-0.019757
113.337	-0.029417
113.532	-0.027223
113.726	-0.047559
113.921	-0.029089
114.116	-0.060014
114.311	-0.019831
114.505	-0.019578
114.7	-0.059014
114.895	-0.051388
115.089	-0.05067
115.284	-0.028916
115.479	-0.0379
115.674	-0.087204
115.868	-0.07687
116.063	-0.076419
116.258	-0.115449
116.453	-0.085278
116.647	-0.046955
116.842	-0.028345
117.037	-0.036881
117.232	-0.036873
117.426	-0.049722
117.621	-0.007604
117.816	0.029288
118.011	0.052525
118.205	0.046812
118.4	0.005145
118.595	-0.03486
118.789	-0.092715
118.984	-0.063602
119.179	-0.0503
119.374	-0.081753
119.568	-0.085393
119.763	-0.121241
119.958	-0.091021
120.153	-0.09051
120.347	-0.088422
120.542	-0.103048
120.737	-0.058714
120.932	-0.041258
121.126	-0.007518
121.321	0.05714
121.516	0.081479
121.711	0.045638
121.905	0.026941
122.1	-0.040385
122.295	-0.055729
122.489	-0.057843
122.684	-0.08515
122.879	-0.052442
123.074	-0.09041
123.268	-0.119353
123.463	-0.093465
123.658	-0.093606
123.853	-0.069096
124.047	-0.038606
124.242	-0.042967
124.437	-0.073168
124.632	-0.03259
124.826	-0.008879
125.021	0.025552
125.216	0.032039
125.411	-0.018312
125.605	0.010625
125.8	0.005923
125.995	-0.017905
126.189	0.000482
126.384	-0.074532
126.579	-0.084402
126.774	-0.130138
126.968	-0.120778
127.163	-0.063994
127.358	-0.089262
127.553	-0.107123
127.747	-0.045793
127.942	0.010468
128.137	0.010545
128.332	0.025372
128.526	0.028928
128.721	-0.017428
128.916	-0.002955
129.111	-0.045569
129.305	-0.029706
129.5	-0.051757
129.695	-0.057994
129.889	-0.089695
130.084	-0.078352
130.279	-0.03099
130.474	-0.021391
130.668	-0.023108
130.863	0.026178
131.058	0.048454
131.253	-0.007713
131.447	0.006109
131.642	0.013906
131.837	0.011779
132.032	0.026422
132.226	-0.004396
132.421	0.013425
132.616	-0.000221
132.811	0.000963
133.005	-0.002569
133.2	0.023048
133.395	-0.040014
133.589	-0.02061
133.784	0.046266
133.979	-0.046842
134.174	-0.021836
134.368	-0.014337
134.563	0.004538
134.758	-0.033316
134.953	-0.037513
135.147	-0.083333
135.342	-0.05395
135.537	-0.046344
135.732	-0.018924
135.926	-0.038626
136.121	-0.008963
136.316	0.002871
136.511	-0.053006
136.705	-0.047525
136.9	-0.06777
137.095	-0.088704
137.289	-0.083596
137.484	-0.138252
137.679	-0.086803
137.874	-0.053111
138.068	-0.060896
138.263	-0.075324
138.458	-0.025016
138.653	-0.039706
138.847	0.01562
139.042	0.01676
139.237	0.01593
139.432	0.009553
139.626	0.039723
139.821	0.030812
140.016	-0.032776
140.211	0.005985
140.405	0.018651
140.6	0.01865
140.795	0.008972
140.989	-0.00387
141.184	-0.020527
141.379	-0.055354
141.574	-0.073664
141.768	-0.072155
141.963	-0.104095
142.158	-0.09765
142.353	-0.096914
142.547	-0.085265
142.742	-0.028615
142.937	-0.004068
143.132	0.009927
143.326	0.035699
143.521	0.050261
143.716	0.007395
143.911	0.001644
144.105	-0.053313
144.3	0.001411
144.495	0.017106
144.689	0.027729
144.884	0.049889
145.079	0.023864
145.274	-0.046746
145.468	-0.038375
145.663	-0.015546
145.858	-0.00566
146.053	0.005974
146.247	0.044159
146.442	0.009073
146.637	-0.015191
146.832	-0.065594
147.026	-0.053743
147.221	-0.02789
147.416	0.006514
147.611	-0.027875
147.805	-0.031861
148.0	-0.05357
148.195	-0.082948
148.389	-0.074984
148.584	-0.048388
148.779	-0.002734
148.974	0.087196
149.168	0.056219
149.363	0.038897
149.558	0.050113
149.753	0.012144
149.947	0.0186
150.142	0.007378
150.337	-0.02812
150.532	-0.044732
150.726	-0.063286
150.921	-0.11505
151.116	-0.148298
151.311	-0.162245
151.505	-0.116066
151.7	-0.086587
151.895	-0.041649
152.089	0.006715
152.284	-0.011799
152.479	0.037903
152.674	0.056782
152.868	0.051379
153.063	0.036684
153.258	0.021576
153.453	0.009068
153.647	0.011258
153.842	0.013661
154.037	-0.014586
154.232	-0.036488
154.426	-0.063076
154.621	-0.097114
154.816	-0.116332
155.011	-0.083673
155.205	-0.066894
155.4	-0.05953
155.595	-0.08681
155.789	-0.048923
155.984	-0.072478
156.179	-0.032197
156.374	-0.047405
156.568	-0.03384
156.763	-0.064688
156.958	-0.035673
157.153	-0.096007
157.347	-0.125005
157.542	-0.102476
157.737	-0.07659
157.932	-0.078018
158.126	-0.079466
158.321	-0.019063
158.516	0.004767
158.711	0.014219
158.905	-0.005446
159.1	-0.012616
159.295	-0.018739
159.489	-0.057867
159.684	-0.100859
159.879	-0.054654
160.074	0.016846
160.268	0.036374
160.463	0.042263
160.658	0.035952
160.853	0.000536
161.047	-0.052105
161.242	-0.059538
161.437	-0.09759
161.632	-0.071095
161.826	-0.074158
162.021	-0.054782
162.216	-0.079799
162.411	-0.020482
162.605	-0.066712
162.8	-0.074815
162.995	-0.045387
163.189	-0.000331
163.384	0.021354
163.579	0.046879
163.774	-0.013782
163.968	0.007567
164.163	0.024829
164.358	0.005655
164.553	-0.027983
164.747	-0.064294
164.942	-0.117067
165.137	-0.097849
165.332	-0.091611
165.526	-0.115569
165.721	-0.089717
165.916	-0.087588
166.111	-0.061517
166.305	-0.014031
166.5	0.027039
166.695	0.005246
166.889	-0.076064
167.084	-0.046171
167.279	-0.051904
167.474	-0.079527
167.668	-0.111145
167.863	-0.121461
168.058	-0.096505
168.253	-0.071867
168.447	-0.029187
168.642	-0.053221
168.837	-0.035039
169.032	-0.016659
169.226	-0.057336
169.421	-0.089485
169.616	-0.095792
169.811	-0.15638
170.005	-0.082345
170.2	-0.035307
170.395	-0.014069
170.589	-0.082231
170.784	-0.0656
170.979	-0.048243
171.174	-0.061338
171.368	-0.056315
171.563	-0.039329
171.758	-0.033787
171.953	-0.007902
172.147	0.042044
172.342	0.044348
172.537	0.021291
172.732	-0.022579
172.926	-0.053759
173.121	-0.055521
173.316	-0.086387
173.511	-0.135084
173.705	-0.082506
173.9	-0.049895
174.095	-0.081018
174.289	-0.053485
174.484	-0.071904
174.679	-0.018875
174.874	-0.034151
175.068	-0.052691
175.263	-0.085571
175.458	-0.097019
175.653	-0.098376
175.847	-0.049064
176.042	-0.073048
176.237	-0.023389
176.432	-0.002263
176.626	0.0355
176.821	-0.026301
177.016	-0.03211
177.211	-0.052485
177.405	-0.048023
177.6	-0.062975
177.795	-0.080292
177.989	-0.092321
178.184	-0.075068
178.379	-0.084453
178.574	-0.059619
178.768	-0.013966
178.963	-0.039753
179.158	-0.115642
179.353	-0.089266
179.547	-0.0547
179.742	-0.032102
179.937	0.013276
180.132	0.009065
180.326	0.022671
180.521	-0.031482
180.716	-0.072232
180.911	-0.074506
181.105	-0.034408
181.3	0.043326
181.495	0.056881
181.689	-0.005657
181.884	-0.054255
182.079	-0.024102
182.274	-0.062265
182.468	-0.120353
182.663	-0.095807
182.858	-0.062929
183.053	-0.030232
183.247	-0.037543
183.442	-0.031774
183.637	-0.066078
183.832	-0.07898
184.026	-0.093619
184.221	-0.097935
184.416	-0.072747
184.611	-0.019426
184.805	0.003533
185.0	-0.000525
185.195	0.050861
185.389	0.02844
185.584	0.0423
185.779	0.007291
185.974	0.025003
186.168	-0.034028
186.363	-0.053838
186.558	-0.134402
186.753	-0.121173
186.947	-0.151999
187.142	-0.092797
187.337	-0.053954
187.532	-0.086798
187.726	-0.085699
187.921	-0.104911
188.116	-0.053472
188.311	-0.069545
188.505	-0.066209
188.7	-0.132535
188.895	-0.121688
189.089	-0.098952
189.284	-0.096713
189.479	-0.060542
189.674	-0.028999
189.868	-0.014929
190.063	-0.041437
190.258	-0.110511
190.453	-0.133843
190.647	-0.075753
190.842	-0.023215
191.037	-0.005983
191.232	0.003289
191.426	-0.053881
191.621	-0.042016
191.816	-0.034908
192.011	-0.015752
192.205	-0.055256
192.4	-0.033259
192.595	-0.045836
192.789	-0.018852
192.984	-0.060921
193.179	-0.065922
193.374	-0.033729
193.568	-0.068955
193.763	-0.061436
193.958	-0.104136
194.153	-0.071692
194.347	-0.012878
194.542	-0.058879
194.737	-0.063261
194.932	-0.069001
195.126	-0.01798
195.321	-0.019213
195.516	-0.058391
195.711	-0.027272
195.905	-0.018514
196.1	-0.091465
196.295	-0.11564
196.489	-0.083101
196.684	-0.102443
196.879	-0.173616
197.074	-0.150768
197.268	-0.157067
197.463	-0.120703
197.658	-0.133444
197.853	-0.073471
198.047	0.02537
198.242	0.070977
198.437	0.055537
198.632	0.011379
198.826	0.019408
199.021	-0.059586
199.216	-0.082923
199.411	-0.084292
199.605	-0.09933
199.8	-0.117081
199.995	-0.056165
200.189	-0.000363
200.384	0.009641
200.579	0.030988
200.774	0.062829
200.968	0.091572
201.163	0.050008
201.358	0.034357
201.553	0.047094
201.747	-0.023404
201.942	-0.05094
202.137	-0.091189
202.332	-0.116593
202.526	-0.096728
202.721	-0.086463
202.916	-0.038355
203.111	0.027158
203.305	-0.026265
203.5	-0.040623
203.695	-0.045444
203.889	-0.030663
204.084	-0.053081
204.279	-0.004221
204.474	-0.046938
204.668	-0.069599
204.863	-0.105764
205.058	-0.168124
205.253	-0.13601
205.447	-0.15083
205.642	-0.135555
205.837	-0.072329
206.032	-0.06089
206.226	-0.019853
206.421	-0.052982
206.616	-0.01367
206.811	-0.025627
207.005	-0.038852
207.2	-0.060587
207.395	-0.040364
207.589	-0.077684
207.784	-0.053047
207.979	-0.027474
208.174	-0.064267
208.368	-0.00344
208.563	0.040613
208.758	0.083855
208.953	0.056515
209.147	-0.009698
209.342	-0.034846
209.537	-0.04182
209.732	-0.040848
209.926	-0.060514
210.121	-0.096968
210.316	-0.118898
210.511	-0.109387
210.705	-0.091919
210.9	-0.030552
211.095	-0.009001
211.289	0.03404
211.484	-0.001633
211.679	0.036282
211.874	-0.027762
212.068	-0.017926
212.263	-0.018992
212.458	0.015509
212.653	-0.000548
212.847	-0.025058
213.042	-0.012777
213.237	0.043232
213.432	0.027829
213.626	-0.015041
213.821	-0.044594
214.016	-0.042204
214.211	0.01219
214.405	-0.014591
214.6	-0.075352
214.795	-0.032605
214.989	-0.026514
215.184	0.012233
215.379	-0.008107
215.574	-0.037
215.768	-0.036239
215.963	-0.012805
216.158	-0.013531
216.353	-0.036652
216.547	0.010713
216.742	-0.034268
216.937	-0.029312
217.132	-0.024838
217.326	-0.007173
217.521	-0.067361
217.716	-0.001302
217.911	0.001191
218.105	-0.012141
218.3	-0.049001
218.495	-0.0817
218.689	-0.119371
218.884	-0.148678
219.079	-0.116273
219.274	-0.08464
219.468	0.003132
219.663	-0.049877
219.858	-0.013366
220.053	-0.024181
220.247	-0.059306
220.442	-0.126198
220.637	-0.134624
220.832	-0.037494
221.026	-0.077641
221.221	-0.079412
221.416	-0.053098
221.611	-0.039937
221.805	-0.016887
222.0	-0.093503
222.195	-0.112999
222.389	-0.166629
222.584	-0.157679
222.779	-0.172045
222.974	-0.159726
223.168	-0.162887
223.363	-0.131117
223.558	-0.038172
223.753	0.042186
223.947	0.069415
224.142	0.071166
224.337	0.031668
224.532	0.008425
224.726	-0.003262
224.921	-0.025497
225.116	-0.029424
225.311	0.003358
225.505	-0.087735
225.7	-0.129026
225.895	-0.110132
226.089	-0.089311
226.284	-0.046817
226.479	-0.096772
226.674	-0.080077
226.868	-0.092929
227.063	-0.06693
227.258	-0.037269
227.453	-0.038438
227.647	-0.07253
227.842	-0.000263
228.037	0.076115
228.232	0.0633
228.426	0.110656
228.621	0.095303
228.816	0.010576
229.011	-0.007265
229.205	-0.093304
229.4	-0.10216
229.595	-0.076444
229.789	-0.060248
229.984	-0.074293
230.179	-0.069385
230.374	-0.090679
230.568	-0.09196
230.763	-0.101387
230.958	-0.131779
231.153	-0.109968
231.347	-0.177048
231.542	-0.177131
231.737	-0.163449
231.932	-0.109577
232.126	-0.106084
232.321	-0.137366
232.516	-0.016438
232.711	-0.011205
232.905	-0.01938
233.1	-0.038875
233.295	-0.055334
233.489	-0.031096
233.684	-0.059228
233.879	-0.113395
234.074	-0.08992
234.268	-0.147099
234.463	-0.138577
234.658	-0.150963
234.853	-0.134778
235.047	-0.076248
235.242	-0.051846
235.437	-0.060032
235.632	-0.055603
235.826	-0.12031
236.021	-0.08337
236.216	-0.059895
236.411	-0.064695
236.605	-0.016427
236.8	-0.023217
236.995	0.059043
237.189	0.070478
237.384	-0.000762
237.579	-0.032042
237.774	-0.068733
237.968	-0.065294
238.163	-0.048669
238.358	-0.026133
238.553	-0.026427
238.747	-0.007579
238.942	-0.007038
239.137	0.012765
239.332	0.047963
239.526	0.04883
239.721	0.089804
239.916	0.013301
240.111	-0.003001
240.305	-0.079626
240.5	-0.068747
240.695	-0.1154
240.889	-0.131068
241.084	-0.117291
241.279	-0.111843
241.474	-0.100115
241.668	-0.038881
241.863	-0.044549
242.058	0.011472
242.253	-0.060148
242.447	0.001258
242.642	-0.025914
242.837	0.014647
243.032	0.000243
243.226	-0.03128
243.421	-0.043656
243.616	-0.03426
243.811	-0.017069
244.005	-0.099869
244.2	-0.073347
244.395	-0.070176
244.589	-0.061627
244.784	-0.010793
244.979	0.015373
245.174	0.011539
245.368	-0.011693
245.563	-0.017529
245.758	0.00458
245.953	0.047282
246.147	0.056137
246.342	0.084373
246.537	0.047339
246.732	-0.022975
246.926	-0.074347
247.121	-0.023211
247.316	-0.080427
247.511	-0.04475
247.705	-0.026795
247.9	-0.041461
248.095	-0.11509
248.289	-0.051803
248.484	-0.075506
248.679	-0.113873
248.874	-0.119261
249.068	-0.068841
249.263	-0.115468
249.458	-0.080715
249.653	-0.068055
249.847	-0.028988
250.042	0.011651
250.237	0.028891
250.432	0.026918
250.626	-0.019401
250.821	-0.031245
251.016	-0.02413
251.211	-0.079631
251.405	-0.05362
251.6	-0.019159
251.795	-0.027544
251.989	-0.016217
252.184	-0.029055
252.379	-0.052272
252.574	-0.000555
252.768	-0.003351
252.963	-0.0084
253.158	-0.042207
253.353	-0.110805
253.547	-0.042165
253.742	-0.006738
253.937	0.051434
254.132	0.072535
254.326	0.007008
254.521	-0.039194
254.716	-0.055224
254.911	-0.079824
255.105	-0.108297
255.3	-0.075245
255.495	0.021968
255.689	-0.008389
255.884	-0.035555
256.079	0.057024
256.274	0.020609
256.468	0.022506
256.663	0.023223
256.858	0.002089
257.053	-0.006239
257.247	-0.012782
257.442	-0.061397
257.637	-0.061767
257.832	-0.052255
258.026	-0.11027
258.221	-0.067539
258.416	-0.120565
258.611	-0.08637
258.805	-0.052745
259.0	0.001731
259.195	-0.000284
259.389	0.022492
259.584	-0.003821
259.779	-0.045205
259.974	-0.076306
260.168	-0.136257
260.363	-0.080757
260.558	-0.122884
260.753	-0.106395
260.947	-0.161952
261.142	-0.192852
261.337	-0.146436
261.532	-0.121641
261.726	-0.108001
261.921	-0.021237
262.116	0.045573
262.311	0.095055
262.505	0.072497
262.7	-0.022938
262.895	-0.038551
263.089	-0.079867
263.284	-0.118022
263.479	-0.001089
263.674	0.022572
263.868	0.063968
264.063	0.021228
264.258	-0.032274
264.453	-0.090575
264.647	-0.126346
264.842	-0.105937
265.037	-0.134648
265.232	-0.112561
265.426	-0.166729
265.621	-0.137749
265.816	-0.103978
266.011	-0.055438
266.205	-0.016896
266.4	0.010639
266.595	0.063343
266.789	-0.017614
266.984	-0.103672
267.179	-0.025184
267.374	-0.082436
267.568	-0.118916
267.763	-0.103213
267.958	-0.032837
268.153	-0.02221
268.347	0.036694
268.542	0.015904
268.737	-0.080635
268.932	-0.068492
269.126	-0.088769
269.321	-0.084741
269.516	-0.096013
269.711	-0.032198
269.905	-0.010096
270.1	-0.055232
270.295	-0.081856
270.489	-0.020858
270.684	-0.0171
270.879	0.051547
271.074	0.027172
271.268	-0.0675
271.463	-0.10923
271.658	-0.082752
271.853	-0.091847
272.047	-0.103013
272.242	-0.008871
272.437	-0.023109
272.632	-0.014501
272.826	0.003839
273.021	0.000839
273.216	0.014299
273.411	0.010736
273.605	-0.116105
273.8	-0.079003
273.995	-0.089385
274.189	-0.15115
274.384	-0.107584
274.579	-0.019435
274.774	0.051507
274.968	0.028116
275.163	-0.006171
275.358	-0.097786
275.553	-0.122946
275.747	-0.051441
275.942	-0.072326
276.137	-0.128
276.332	-0.149966
276.526	-0.135571
276.721	-0.109269
276.916	-0.043277
277.111	-0.043296
277.305	0.061742
277.5	0.005422
277.695	-0.054121
277.889	-0.066566
278.084	-0.038716
278.279	-0.124541
278.474	-0.114181
278.668	-0.077801
278.863	-0.034829
279.058	0.020958
279.253	0.091189
279.447	0.026169
279.642	-0.057473
279.837	-0.090274
280.032	-0.185907
280.226	-0.174665
280.421	-0.082117
280.616	-0.133821
280.811	-0.140671
281.005	-0.093991
281.2	0.005117
281.395	0.005828
281.589	0.048575
281.784	0.070013
281.979	0.036977
282.174	0.015994
282.368	-0.026939
282.563	-0.02242
282.758	0.000703
282.953	-0.07028
283.147	-0.007347
283.342	0.0033
283.537	0.056144
283.732	0.151254
283.926	0.097018
284.121	0.027859
284.316	-0.102646
284.511	-0.112366
284.705	-0.147125
284.9	-0.150397
285.095	-0.11887
285.289	-0.062407
285.484	-0.095279
285.679	0.010573
285.874	0.01531
286.068	0.027118
286.263	-0.025819
286.458	0.00149
286.653	-0.023029
286.847	-0.091128
287.042	-0.066754
287.237	-0.049285

&

0.194737	0.000116
0.389474	0.000442
0.584211	0.00135
0.778947	0.002807
0.973684	0.004261
1.16842	0.005797
1.36316	0.007462
1.5579	0.008844
1.75263	0.010028
1.94737	0.010979
2.1421	0.011815
2.33684	0.013054
2.53158	0.014011
2.72632	0.014664
2.92105	0.015466
3.11579	0.016024
3.31053	0.016267
3.50526	0.016913
3.7	0.017753
3.89474	0.018778
4.08947	0.019264
4.28421	0.02005
4.47895	0.020141
4.67368	0.020502
4.86842	0.02118
5.06316	0.021589
5.2579	0.022445
5.45263	0.023587
5.64737	0.024242
5.84211	0.025106
6.03684	0.025517
6.23158	0.025778
6.42632	0.025922
6.62105	0.026734
6.81579	0.027496
7.01053	0.028641
7.20526	0.029714
7.4	0.030728
7.59474	0.031591
7.78947	0.032946
7.98421	0.033672
8.17895	0.034542
8.37368	0.035462
8.56842	0.0362
8.76316	0.036908
8.9579	0.03828
9.15263	0.039659
9.34737	0.040861
9.5421	0.041801
9.73684	0.043134
9.93158	0.044601
10.1263	0.045824
10.3211	0.046869
10.5158	0.04814
10.7105	0.04899
10.9053	0.050083
11.1	0.051473
11.2947	0.052923
11.4895	0.054663
11.6842	0.055807
11.8789	0.057173
12.0737	0.058307
12.2684	0.05932
12.4632	0.060642
12.6579	0.061305
12.8526	0.061913
13.0474	0.062704
13.2421	0.06382
13.4368	0.06425
13.6316	0.06535
13.8263	0.066165
14.0211	0.067431
14.2158	0.069049
14.4105	0.070004
14.6053	0.07151
14.8	0.072746
14.9947	0.073754
15.1895	0.075355
15.3842	0.076992
15.5789	0.078458
15.7737	0.080257
15.9684	0.081069
16.1632	0.081379
16.3579	0.082005
16.5526	0.081903
16.7474	0.081937
16.9421	0.082581
17.1368	0.083614
17.3316	0.08476
17.5263	0.085465
17.7211	0.086415
17.9158	0.088032
18.1105	0.089299
18.3053	0.091214
18.5	0.092654
18.6947	0.093885
18.8895	0.094477
19.0842	0.095008
19.2789	0.094474
19.4737	0.094536
19.6684	0.094028
19.8632	0.093375
20.0579	0.094127
20.2526	0.095262
20.4474	0.096411
20.6421	0.097929
20.8368	0.098922
21.0316	0.100556
21.2263	0.102386
21.4211	0.103502
21.6158	0.104764
21.8105	0.106298
22.0053	0.10756
22.2	0.108369
22.3947	0.109268
22.5895	0.109685
22.7842	0.109802
22.9789	0.110553
23.1737	0.111199
23.3684	0.111359
23.5632	0.112137
23.7579	0.112845
23.9526	0.113022
24.1474	0.114181
24.3421	0.115551
24.5368	0.116569
24.7316	0.118363
24.9263	0.119971
25.1211	0.121327
25.3158	0.121879
25.5105	0.122064
25.7053	0.121863
25.9	0.121929
26.0947	0.122674
26.2895	0.123745
26.4842	0.124442
26.6789	0.125093
26.8737	0.125824
27.0684	0.12741
27.2632	0.128797
27.4579	0.129642
27.6526	0.129759
27.8474	0.13048
28.0421	0.131314
28.2368	0.132688
28.4316	0.134516
28.6263	0.136549
28.8211	0.138428
29.0158	0.139905
29.2105	0.141827
29.4053	0.141847
29.6	0.142101
29.7947	0.142243
29.9895	0.142729
30.1842	0.143696
30.3789	0.143611
30.5737	0.143692
30.7684	0.144174
30.9632	0.144478
31.1579	0.144952
31.3526	0.145713
31.5474	0.146502
31.7421	0.147644
31.9368	0.147823
32.1316	0.147558
32.3263	0.147485
32.5211	0.147783
32.7158	0.148937
32.9105	0.15073
33.1053	0.152656
33.3	0.154127
33.4947	0.154694
33.6895	0.155286
33.8842	0.155621
34.0789	0.156307
34.2737	0.157177
34.4684	0.157809
34.6632	0.15868
34.8579	0.160296
35.0526	0.161758
35.2474	0.163456
35.4421	0.164742
35.6368	0.166276
35.8316	0.168275
36.0263	0.169879
36.2211	0.171338
36.4158	0.172237
36.6105	0.172777
36.8053	0.173003
37.0	0.172815
37.1947	0.172667
37.3895	0.172803
37.5842	0.173157
37.7789	0.173398
37.9737	0.174947
38.1684	0.176806
38.3632	0.177828
38.5579	0.178598
38.7526	0.178742
38.9474	0.178924
39.1421	0.179147
39.3368	0.178816
39.5316	0.178835
39.7263	0.180235
39.9211	0.181731
40.1158	0.182908
40.3105	0.183947
40.5053	0.18413
40.7	0.184246
40.8947	0.184259
41.0895	0.184276
41.2842	0.185263
41.4789	0.1856
41.6737	0.185876
41.8684	0.185468
42.0632	0.185201
42.2579	0.184936
42.4526	0.185139
42.6474	0.18553
42.8421	0.186202
43.0368	0.186752
43.2316	0.187697
43.4263	0.188805
43.6211	0.190605
43.8158	0.193103
44.0105	0.194021
44.2053	0.195488
44.4	0.196644
44.5947	0.197632
44.7895	0.197608
44.9842	0.197902
45.1789	0.198336
45.3737	0.198004
45.5684	0.197992
45.7632	0.198889
45.9579	0.199487
46.1526	0.200831
46.3474	0.201781
46.5421	0.202807
46.7368	0.204162
46.9316	0.205032
47.1263	0.205748
47.3211	0.206295
47.5158	0.207327
47.7105	0.208526
47.9053	0.209752
48.1	0.211393
48.2947	0.212858
48.4895	0.214157
48.6842	0.21582
48.8789	0.218363
49.0737	0.21987
49.2684	0.220414
49.4632	0.221084
49.6579	0.221391
49.8526	0.222108
50.0474	0.221629
50.2421	0.221274
50.4368	0.220258
50.6316	0.219767
50.8263	0.219902
51.0211	0.220546
51.2158	0.221397
51.4105	0.222732
51.6053	0.224673
51.8	0.226539
51.9947	0.228218
52.1895	0.229084
52.3842	0.229958
52.5789	0.230252
52.7737	0.230489
52.9684	0.231781
53.1632	0.23313
53.3579	0.234704
53.5526	0.235847
53.7474	0.236817
53.9421	0.237209
54.1368	0.237499
54.3316	0.237885
54.5263	0.238133
54.7211	0.238519
54.9158	0.239588
55.1105	0.240753
55.3053	0.242203
55.5	0.242548
55.6947	0.242442
55.8895	0.242298
56.0842	0.242434
56.2789	0.242892
56.4737	0.244407
56.6684	0.245955
56.8632	0.247666
57.0579	0.24873
57.2526	0.250376
57.4474	0.251588
57.6421	0.252487
57.8368	0.253608
58.0316	0.254834
58.2263	0.255768
58.4211	0.255867
58.6158	0.256412
58.8105	0.25727
59.0053	0.258741
59.2	0.260144
59.3947	0.261292
59.5895	0.262957
59.7842	0.264129
59.9789	0.26535
60.1737	0.266036
60.3684	0.267318
60.5632	0.268641
60.7579	0.269493
60.9526	0.270594
61.1474	0.271141
61.3421	0.273365
61.5368	0.274627
61.7316	0.275183
61.9263	0.275398
62.1211	0.27654
62.3158	0.277659
62.5105	0.279514
62.7053	0.281346
62.9	0.283884
63.0947	0.286361
63.2895	0.287801
63.4842	0.289023
63.6789	0.290428
63.8737	0.291394
64.0684	0.292809
64.2632	0.29362
64.4579	0.29451
64.6526	0.295551
64.8474	0.295757
65.0421	0.2956
65.2368	0.295625
65.4316	0.295304
65.6263	0.295067
65.8211	0.295458
66.0158	0.296071
66.2105	0.297674
66.4053	0.299326
66.6	0.300884
66.7947	0.302669
66.9895	0.304391
67.1842	0.305552
67.3789	0.306858
67.5737	0.307813
67.7684	0.307956
67.9632	0.307908
68.1579	0.308078
68.3526	0.309202
68.5474	0.310696
68.7421	0.311916
68.9368	0.313852
69.1316	0.314923
69.3263	0.315104
69.5211	0.31559
69.7158	0.315868
69.9105	0.316225
70.1053	0.317748
70.3	0.318072
70.4947	0.319382
70.6895	0.321728
70.8842	0.323741
71.0789	0.32636
71.2737	0.327936
71.4684	0.329006
71.6632	0.32921
71.8579	0.329522
72.0526	0.329974
72.2474	0.330636
72.4421	0.330738
72.6368	0.330687
72.8316	0.330664
73.0263	0.330124
73.2211	0.329454
73.4158	0.329853
73.6105	0.33079
73.8053	0.331343
74.0	0.332316
74.1947	0.333927
74.3895	0.336321
74.5842	0.339117
74.7789	0.340985
74.9737	0.34286
75.1684	0.345462
75.3632	0.348628
75.5579	0.351079
75.7526	0.352088
75.9474	0.353614
76.1421	0.35469
76.3368	0.356365
76.5316	0.357794
76.7263	0.358116
76.9211	0.357536
77.1158	0.357856
77.3105	0.357543
77.5053	0.358581
77.7	0.359687
77.8947	0.361179
78.0895	0.362133
78.2842	0.36369
78.4789	0.36417
78.6737	0.364953
78.8684	0.365522
79.0632	0.366218
79.2579	0.367429
79.4526	0.367991
79.6474	0.368546
79.8421	0.370017
80.0368	0.371661
80.2316	0.373634
80.4263	0.375371
80.6211	0.37586
80.8158	0.376737
81.0105	0.376826
81.2053	0.377228
81.4	0.377448
81.5947	0.376622
81.7895	0.37666
81.9842	0.376138
82.1789	0.375084
82.3737	0.374665
82.5684	0.374065
82.7632	0.373685
82.9579	0.374616
83.1526	0.375559
83.3474	0.378047
83.5421	0.380599
83.7368	0.382781
83.9316	0.38551
84.1263	0.387739
84.3211	0.389783
84.5158	0.391284
84.7105	0.39234
84.9053	0.393424
85.1	0.394342
85.2947	0.393772
85.4895	0.394323
85.6842	0.395045
85.8789	0.396845
86.0737	0.398175
86.2684	0.399912
86.4632	0.401538
86.6579	0.401718
86.8526	0.403405
87.0474	0.403768
87.2421	0.404483
87.4368	0.406507
87.6316	0.407645
87.8263	0.408203
88.0211	0.409396
88.2158	0.410423
88.4105	0.412058
88.6053	0.413509
88.8	0.415139
88.9947	0.417169
89.1895	0.418918
89.3842	0.420379
89.5789	0.423146
89.7737	0.425341
89.9684	0.42673
90.1632	0.426263
90.3579	0.424749
90.5526	0.424188
90.7474	0.423726
90.9421	0.423093
91.1368	0.422671
91.3316	0.423142
91.5263	0.423493
91.7211	0.423793
91.9158	0.424479
92.1105	0.42667
92.3053	0.42933
92.5	0.431185
92.6947	0.432775
92.8895	0.435139
93.0842	0.436193
93.2789	0.437131
93.4737	0.436914
93.6684	0.437218
93.8632	0.436971
94.0579	0.43623
94.2526	0.435001
94.4474	0.434864
94.6421	0.435931
94.8368	0.438319
95.0316	0.44095
95.2263	0.44424
95.4211	0.446493
95.6158	0.449335
95.8105	0.452666
96.0053	0.455366
96.2	0.456425
96.3947	0.457227
96.5895	0.457367
96.7842	0.455999
96.9789	0.455277
97.1737	0.453927
97.3684	0.452411
97.5632	0.451131
97.7579	0.450632
97.9526	0.450126
98.1474	0.451017
98.3421	0.453243
98.5368	0.454806
98.7316	0.456754
98.9263	0.458156
99.1211	0.459693
99.3158	0.46038
99.5105	0.463079
99.7053	0.465291
99.9	0.467025
100.095	0.468305
100.289	0.469502
100.484	0.470829
100.679	0.472098
100.874	0.473306
101.068	0.473012
101.263	0.473052
101.458	0.472638
101.653	0.472553
101.847	0.472035
102.042	0.47218
102.237	0.473179
102.432	0.474123
102.626	0.474706
102.821	0.475734
103.016	0.476481
103.211	0.477243
103.405	0.478228
103.6	0.479289
103.795	0.480768
103.989	0.482209
104.184	0.483415
104.379	0.48425
104.574	0.48456
104.768	0.484461
104.963	0.484597
105.158	0.485825
105.353	0.486581
105.547	0.487723
105.742	0.488761
105.937	0.489791
106.132	0.490381
106.326	0.491667
106.521	0.493722
106.716	0.495729
106.911	0.498465
107.105	0.500868
107.3	0.503428
107.495	0.505756
107.689	0.507714
107.884	0.508658
108.079	0.510127
108.274	0.511454
108.468	0.512355
108.663	0.514287
108.858	0.515801
109.053	0.516872
109.247	0.517911
109.442	0.519177
109.637	0.520036
109.832	0.520926
110.026	0.521342
110.221	0.520712
110.416	0.519995
110.611	0.518704
110.805	0.518744
111.0	0.519472
111.195	0.520427
111.389	0.521027
111.584	0.522258
111.779	0.52326
111.974	0.522962
112.168	0.521453
112.363	0.521505
112.558	0.522536
112.753	0.523671
112.947	0.525973
113.142	0.52803
113.337	0.528492
113.532	0.529686
113.726	0.530294
113.921	0.531242
114.116	0.532097
114.311	0.533412
114.505	0.53396
114.7	0.534369
114.895	0.535948
115.089	0.537135
115.284	0.537948
115.479	0.539155
115.674	0.539746
115.868	0.542435
116.063	0.54383
116.258	0.545409
116.453	0.548028
116.647	0.549696
116.842	0.550702
117.037	0.551644
117.232	0.551751
117.426	0.552914
117.621	0.553972
117.816	0.553973
118.011	0.553201
118.205	0.552309
118.4	0.551172
118.595	0.551293
118.789	0.552003
118.984	0.553994
119.179	0.555785
119.374	0.557072
119.568	0.559465
119.763	0.561115
119.958	0.564109
120.153	0.566383
120.347	0.568481
120.542	0.57093
120.737	0.573213
120.932	0.574586
121.126	0.575327
121.321	0.575666
121.516	0.574405
121.711	0.572657
121.905	0.571712
122.1	0.571287
122.295	0.57259
122.489	0.57436
122.684	0.575765
122.879	0.577858
123.074	0.579551
123.268	0.581638
123.463	0.584667
123.658	0.586952
123.853	0.58912
124.047	0.590389
124.242	0.591482
124.437	0.591952
124.632	0.593818
124.826	0.594532
125.021	0.594905
125.216	0.59405
125.411	0.594161
125.605	0.594404
125.8	0.594511
125.995	0.594668
126.189	0.595544
126.384	0.596241
126.579	0.598033
126.774	0.600687
126.968	0.603581
127.163	0.605954
127.358	0.608091
127.553	0.609999
127.747	0.612026
127.942	0.61267
128.137	0.612116
128.332	0.611664
128.526	0.611364
128.721	0.610327
128.916	0.611598
129.111	0.611984
129.305	0.61291
129.5	0.613985
129.695	0.615413
129.889	0.617023
130.084	0.619223
130.279	0.620682
130.474	0.621014
130.668	0.621961
130.863	0.622256
131.058	0.621524
131.253	0.620376
131.447	0.620758
131.642	0.620134
131.837	0.619958
132.032	0.619689
132.226	0.619591
132.421	0.620193
132.616	0.620152
132.811	0.620224
133.005	0.62052
133.2	0.620422
133.395	0.620079
133.589	0.62122
133.784	0.621893
133.979	0.621038
134.174	0.622397
134.368	0.623081
134.563	0.623974
134.758	0.624084
134.953	0.625245
135.147	0.626681
135.342	0.628707
135.537	0.630325
135.732	0.631272
135.926	0.632114
136.121	0.63251
136.316	0.632275
136.511	0.632439
136.705	0.634003
136.9	0.635401
137.095	0.636841
137.289	0.639613
137.484	0.641538
137.679	0.644566
137.874	0.646657
138.068	0.64805
138.263	0.648963
138.458	0.650013
138.653	0.650802
138.847	0.651103
139.042	0.650606
139.237	0.649973
139.432	0.649632
139.626	0.649643
139.821	0.648751
140.016	0.648276
140.211	0.648729
140.405	0.649097
140.6	0.648948
140.795	0.648761
140.989	0.649034
141.184	0.649188
141.379	0.649866
141.574	0.651233
141.768	0.653235
141.963	0.654963
142.158	0.657702
142.353	0.659728
142.547	0.661632
142.742	0.663198
142.937	0.663693
143.132	0.663332
143.326	0.663167
143.521	0.662268
143.716	0.661404
143.911	0.661288
144.105	0.661774
144.3	0.662661
144.495	0.662866
144.689	0.662352
144.884	0.662277
145.079	0.661079
145.274	0.660974
145.468	0.661958
145.663	0.662984
145.858	0.663348
146.053	0.663462
146.247	0.66319
146.442	0.662385
146.637	0.662161
146.832	0.662407
147.026	0.664158
147.221	0.665573
147.416	0.665803
147.611	0.665238
147.805	0.666223
148.0	0.667006
148.195	0.668224
148.389	0.670512
148.584	0.672353
148.779	0.672971
148.974	0.673336
149.168	0.670932
149.363	0.669561
149.558	0.668891
149.753	0.667613
149.947	0.667949
150.142	0.667388
150.337	0.667544
150.532	0.668521
150.726	0.669861
150.921	0.671946
151.116	0.674747
151.311	0.678112
151.505	0.681956
151.7	0.684912
151.895	0.686448
152.089	0.68691
152.284	0.686234
152.479	0.68666
152.674	0.685854
152.868	0.684774
153.063	0.683603
153.258	0.682939
153.453	0.682449
153.647	0.682646
153.842	0.682764
154.037	0.68257
154.232	0.683134
154.426	0.683869
154.621	0.68565
154.816	0.68833
155.011	0.691053
155.205	0.693138
155.4	0.694653
155.595	0.696401
155.789	0.698075
155.984	0.699907
156.179	0.701189
156.374	0.702691
156.568	0.703298
156.763	0.704601
156.958	0.706559
157.153	0.707745
157.347	0.709863
157.542	0.712554
157.737	0.714795
157.932	0.716496
158.126	0.718433
158.321	0.719843
158.516	0.72055
158.711	0.720422
158.905	0.720373
159.1	0.720423
159.295	0.721157
159.489	0.721305
159.684	0.722609
159.879	0.725168
160.074	0.725921
160.268	0.726037
160.463	0.724832
160.658	0.724216
160.853	0.723603
161.047	0.724152
161.242	0.72549
161.437	0.727319
161.632	0.729968
161.826	0.731295
162.021	0.732637
162.216	0.734084
162.411	0.735291
162.605	0.735957
162.8	0.737338
162.995	0.738991
163.189	0.740041
163.384	0.739992
163.579	0.739625
163.774	0.73872
163.968	0.738884
164.163	0.738824
164.358	0.738844
164.553	0.739016
164.747	0.739962
164.942	0.741582
165.137	0.744361
165.332	0.746458
165.526	0.74888
165.721	0.751154
165.916	0.752991
166.111	0.754725
166.305	0.755557
166.5	0.755646
166.695	0.755184
166.889	0.755321
167.084	0.757048
167.279	0.758231
167.474	0.759457
167.668	0.761532
167.863	0.764486
168.058	0.767396
168.253	0.769571
168.447	0.770811
168.642	0.772325
168.837	0.773115
169.032	0.773839
169.226	0.774386
169.421	0.776021
169.616	0.77828
169.811	0.780227
170.005	0.783924
170.2	0.785815
170.395	0.786263
170.589	0.786588
170.784	0.788078
170.979	0.78948
171.174	0.790384
171.368	0.79182
171.563	0.79293
171.758	0.794277
171.953	0.794688
172.147	0.79523
172.342	0.794111
172.537	0.793048
172.732	0.793035
172.926	0.793718
173.121	0.795113
173.316	0.796889
173.511	0.799233
173.705	0.802605
173.9	0.804759
174.095	0.805891
174.289	0.807841
174.484	0.809119
174.679	0.810905
174.874	0.811316
175.068	0.81238
175.263	0.813753
175.458	0.815817
175.653	0.81812
175.847	0.820776
176.042	0.821761
176.237	0.823625
176.432	0.823442
176.626	0.824324
176.821	0.82389
177.016	0.824521
177.211	0.825617
177.405	0.827115
177.6	0.827614
177.795	0.829278
177.989	0.830517
178.184	0.832712
178.379	0.834118
178.574	0.835787
178.768	0.837006
178.963	0.836917
179.158	0.838036
179.353	0.840997
179.547	0.842838
179.742	0.84392
179.937	0.84462
180.132	0.844368
180.326	0.843782
180.521	0.843514
180.716	0.844658
180.911	0.845972
181.105	0.847817
181.3	0.848677
181.495	0.847862
181.689	0.847177
181.884	0.847581
182.079	0.849342
182.274	0.84995
182.468	0.852211
182.663	0.855007
182.858	0.857135
183.053	0.858842
183.247	0.859231
183.442	0.859431
183.637	0.860754
183.832	0.862305
184.026	0.864261
184.221	0.866718
184.416	0.868746
184.611	0.870437
184.805	0.870572
185.0	0.870575
185.195	0.870295
185.389	0.86879
185.584	0.8685
185.779	0.867717
185.974	0.867207
186.168	0.867395
186.363	0.868563
186.558	0.870263
186.753	0.873522
186.947	0.876239
187.142	0.879814
187.337	0.881553
187.532	0.882715
187.726	0.884896
187.921	0.887154
188.116	0.889826
188.311	0.89116
188.505	0.892676
188.7	0.894477
188.895	0.897957
189.089	0.90092
189.284	0.902719
189.479	0.904938
189.674	0.905818
189.868	0.906459
190.063	0.906859
190.258	0.907611
190.453	0.910283
190.647	0.913018
190.842	0.914333
191.037	0.914654
191.232	0.914972
191.426	0.915002
191.621	0.916606
191.816	0.917822
192.011	0.9183
192.205	0.918839
192.4	0.920088
192.595	0.921013
192.789	0.922123
192.984	0.922679
193.179	0.923925
193.374	0.925942
193.568	0.926835
193.763	0.928391
193.958	0.929791
194.153	0.932629
194.347	0.934198
194.542	0.934199
194.737	0.935626
194.932	0.937631
195.126	0.938775
195.321	0.939487
195.516	0.94004
195.711	0.941423
195.905	0.941872
196.1	0.943009
196.295	0.94517
196.489	0.9481
196.684	0.950402
196.879	0.952613
197.074	0.956533
197.268	0.959939
197.463	0.963217
197.658	0.965433
197.853	0.968401
198.047	0.969496
198.242	0.968474
198.437	0.966507
198.632	0.964813
198.826	0.964625
199.021	0.96471
199.216	0.965636
199.411	0.967773
199.605	0.969988
199.8	0.972261
199.995	0.975025
200.189	0.976256
200.384	0.975794
200.579	0.975123
200.774	0.97479
200.968	0.973064
201.163	0.971325
201.358	0.970323
201.553	0.969678
201.747	0.969353
201.942	0.970161
202.137	0.971508
202.332	0.97386
202.526	0.976622
202.721	0.978945
202.916	0.980415
203.111	0.981135
203.305	0.980208
203.5	0.981187
203.695	0.98216
203.889	0.983361
204.084	0.984217
204.279	0.985304
204.474	0.985808
204.668	0.986908
204.863	0.988908
205.058	0.991812
205.253	0.995448
205.447	0.998323
205.642	1.00137
205.837	1.00438
206.032	1.00559
206.226	1.00702
206.421	1.00715
206.616	1.00821
206.811	1.00886
207.005	1.00999
207.2	1.011
207.395	1.01301
207.589	1.01343
207.784	1.01543
207.979	1.01601
208.174	1.01655
208.368	1.01812
208.563	1.01766
208.758	1.017
208.953	1.01526
209.147	1.01404
209.342	1.0141
209.537	1.01492
209.732	1.01643
209.926	1.01708
210.121	1.01858
210.316	1.0207
210.511	1.0238
210.705	1.02581
210.9	1.02857
211.095	1.02895
211.289	1.0294
211.484	1.02877
211.679	1.02894
211.874	1.02808
212.068	1.02819
212.263	1.02858
212.458	1.02936
212.653	1.02884
212.847	1.02893
213.042	1.02984
213.237	1.03029
213.432	1.02959
213.626	1.02932
213.821	1.02982
214.016	1.03096
214.211	1.03206
214.405	1.03232
214.6	1.03288
214.795	1.03464
214.989	1.03572
215.184	1.03605
215.379	1.03609
215.574	1.03662
215.768	1.03748
215.963	1.03831
216.158	1.03875
216.353	1.03963
216.547	1.04073
216.742	1.04089
216.937	1.04195
217.132	1.04275
217.326	1.04343
217.521	1.04375
217.716	1.04586
217.911	1.04547
218.105	1.04555
218.3	1.04618
218.495	1.04819
218.689	1.05085
218.884	1.05396
219.079	1.05735
219.274	1.05979
219.468	1.06222
219.663	1.06159
219.858	1.06265
220.053	1.06262
220.247	1.06322
220.442	1.06483
220.637	1.06781
220.832	1.0707
221.026	1.0717
221.221	1.07306
221.416	1.07494
221.611	1.07628
221.805	1.07722
222.0	1.07788
222.195	1.07998
222.389	1.08311
222.584	1.0867
222.779	1.09063
222.974	1.09432
223.168	1.09745
223.363	1.10093
223.558	1.10372
223.753	1.10397
223.947	1.10299
224.142	1.1012
224.337	1.09918
224.532	1.09846
224.726	1.0982
224.921	1.09844
225.116	1.09906
225.311	1.1002
225.505	1.10126
225.7	1.10314
225.895	1.10624
226.089	1.10923
226.284	1.11176
226.479	1.1134
226.674	1.1157
226.868	1.11793
227.063	1.12009
227.258	1.12183
227.453	1.12286
227.647	1.12403
227.842	1.12509
228.037	1.12474
228.232	1.12309
228.426	1.1214
228.621	1.11854
228.816	1.11678
229.011	1.11691
229.205	1.11726
229.4	1.11993
229.595	1.12196
229.789	1.12404
229.984	1.12554
230.179	1.12714
230.374	1.12933
230.568	1.13149
230.763	1.13377
230.958	1.13627
231.153	1.13953
231.347	1.14211
231.542	1.14609
231.737	1.15009
231.932	1.154
232.126	1.15624
232.321	1.15819
232.516	1.16147
232.711	1.16159
232.905	1.16198
233.1	1.1629
233.295	1.16341
233.489	1.16498
233.684	1.16657
233.879	1.16844
234.074	1.17099
234.268	1.17321
234.463	1.17667
234.658	1.17994
234.853	1.18358
235.047	1.1869
235.242	1.18861
235.437	1.18993
235.632	1.19189
235.826	1.19279
236.021	1.19538
236.216	1.19721
236.411	1.1989
236.605	1.20078
236.8	1.20081
236.995	1.20171
237.189	1.20064
237.384	1.19916
237.579	1.19981
237.774	1.20099
237.968	1.20268
238.163	1.20464
238.358	1.2052
238.553	1.2058
238.747	1.20582
238.942	1.20602
239.137	1.20543
239.332	1.2049
239.526	1.20407
239.721	1.2031
239.916	1.20072
240.111	1.20068
240.305	1.20114
240.5	1.20318
240.695	1.20529
240.889	1.20818
241.084	1.21114
241.279	1.21381
241.474	1.21639
241.668	1.21821
241.863	1.21896
242.058	1.21951
242.253	1.21951
242.447	1.22081
242.642	1.22069
242.837	1.22147
243.032	1.2213
243.226	1.22079
243.421	1.22205
243.616	1.22277
243.811	1.22428
244.005	1.22502
244.2	1.22739
244.395	1.22934
244.589	1.23096
244.784	1.23295
244.979	1.23327
245.174	1.23305
245.368	1.23358
245.563	1.23353
245.758	1.23387
245.953	1.23379
246.147	1.23279
246.342	1.23174
246.537	1.23012
246.732	1.22918
246.926	1.23027
247.121	1.23197
247.316	1.23262
247.511	1.23493
247.705	1.23581
247.9	1.23667
248.095	1.23771
248.289	1.23998
248.484	1.24163
248.679	1.24307
248.874	1.24499
249.068	1.24777
249.263	1.24946
249.458	1.25225
249.653	1.25375
249.847	1.25455
250.042	1.25564
250.237	1.25487
250.432	1.2543
250.626	1.2537
250.821	1.25416
251.016	1.25498
251.211	1.25588
251.405	1.25793
251.6	1.25944
251.795	1.25971
251.989	1.26066
252.184	1.26109
252.379	1.26213
252.574	1.2633
252.768	1.26401
252.963	1.26345
253.158	1.26387
253.353	1.26521
253.547	1.26719
253.742	1.26795
253.937	1.2675
254.132	1.26643
254.326	1.26476
254.521	1.26526
254.716	1.26689
254.911	1.26878
255.105	1.27041
255.3	1.27287
255.495	1.27432
255.689	1.27408
255.884	1.27446
256.079	1.27508
256.274	1.27442
256.468	1.27398
256.663	1.27383
256.858	1.27318
257.053	1.27392
257.247	1.27371
257.442	1.27436
257.637	1.27584
257.832	1.27763
258.026	1.27962
258.221	1.28218
258.416	1.28366
258.611	1.28649
258.805	1.28816
259.0	1.28931
259.195	1.28912
259.389	1.28929
259.584	1.2891
259.779	1.2897
259.974	1.29131
260.168	1.29295
260.363	1.29605
260.558	1.29798
260.753	1.30131
260.947	1.30352
261.142	1.30698
261.337	1.31114
261.532	1.31441
261.726	1.31657
261.921	1.31885
262.116	1.31876
262.311	1.31776
262.505	1.31586
262.7	1.31466
262.895	1.31564
263.089	1.31709
263.284	1.31891
263.479	1.32202
263.674	1.32218
263.868	1.3217
264.063	1.32052
264.258	1.32065
264.453	1.32166
264.647	1.32398
264.842	1.32741
265.037	1.33072
265.232	1.33367
265.426	1.3365
265.621	1.34028
265.816	1.34311
266.011	1.34553
266.205	1.34622
266.4	1.3461
266.595	1.34585
266.789	1.34451
266.984	1.34575
267.179	1.34797
267.374	1.34917
267.568	1.3509
267.763	1.35349
267.958	1.3559
268.153	1.35575
268.347	1.35645
268.542	1.35589
268.737	1.35561
268.932	1.35749
269.126	1.35946
269.321	1.36146
269.516	1.36373
269.711	1.36603
269.905	1.36691
270.1	1.36711
270.295	1.36884
270.489	1.37028
270.684	1.37086
270.879	1.37144
271.074	1.37027
271.268	1.36962
271.463	1.3714
271.658	1.37414
271.853	1.37599
272.047	1.37785
272.242	1.37999
272.437	1.38028
272.632	1.38037
272.826	1.38071
273.021	1.38101
273.216	1.3809
273.411	1.38077
273.605	1.38078
273.8	1.38348
273.995	1.38523
274.189	1.38755
274.384	1.39151
274.579	1.39377
274.774	1.39436
274.968	1.39316
275.163	1.39316
275.358	1.39409
275.553	1.39657
275.747	1.39971
275.942	1.40117
276.137	1.40289
276.332	1.4062
276.526	1.40989
276.721	1.41304
276.916	1.41495
277.111	1.41561
277.305	1.41643
277.5	1.41501
277.695	1.41559
277.889	1.41707
278.084	1.41887
278.279	1.42003
278.474	1.42272
278.668	1.42543
278.863	1.42736
279.058	1.42773
279.253	1.42667
279.447	1.42522
279.642	1.42501
279.837	1.42642
280.032	1.42901
280.226	1.43329
280.421	1.43727
280.616	1.43869
280.811	1.44151
281.005	1.44454
281.2	1.44576
281.395	1.44558
281.589	1.44534
281.784	1.44403
281.979	1.44264
282.174	1.44166
282.368	1.44161
282.563	1.44295
282.758	1.4433
282.953	1.44442
283.147	1.44621
283.342	1.44663
283.537	1.44731
283.732	1.44646
283.926	1.4438
284.121	1.44239
284.316	1.44285
284.511	1.44564
284.705	1.44881
284.9	1.45188
285.095	1.45545
285.289	1.45748
285.484	1.4587
285.679	1.46053
285.874	1.4602
286.068	1.46002
286.263	1.45923
286.458	1.46
286.653	1.4602
286.847	1.4607
287.042	1.46308
287.237	1.46527

&

