0.194737	-0.004618
0.389474	-0.000181
0.584211	-0.020224
0.778947	-0.04025
0.973684	-0.046082
1.16842	-0.055798
1.36316	-0.04377
1.5579	-0.044486
1.75263	-0.026675
1.94737	-0.027603
2.1421	-0.01785
2.33684	-0.019307
2.53158	-0.024776
2.72632	-0.023113
2.92105	-0.049781
3.11579	-0.051166
3.31053	-0.042882
3.50526	-0.043786
3.7	-0.024042
3.89474	-0.051496
4.08947	-0.051196
4.28421	-0.044843
4.47895	-0.054438
4.67368	-0.038608
4.86842	-0.019137
5.06316	-0.041451
5.2579	-0.05217
5.45263	-0.065427
5.64737	-0.043488
5.84211	-0.027032
6.03684	-0.030204
6.23158	-0.013338
6.42632	-0.006985
6.62105	-0.026184
6.81579	-0.048458
7.01053	-0.076481
7.20526	-0.0645
7.4	-0.045293
7.59474	-0.042136
7.78947	-0.040503
7.98421	-0.036687
8.17895	-0.026424
8.37368	-0.023459
8.56842	-0.031667
8.76316	-0.038859
8.9579	-0.04355
9.15263	-0.040991
9.34737	-0.045003
9.5421	-0.073578
9.73684	-0.058967
9.93158	-0.046246
10.1263	-0.030929
10.3211	-0.030474
10.5158	-0.017961
10.7105	-0.012248
10.9053	-0.033122
11.1	-0.029388
11.2947	-0.035545
11.4895	-0.026293
11.6842	-0.036366
11.8789	-0.056266
12.0737	-0.047001
12.2684	-0.042242
12.4632	-0.041076
12.6579	-0.034025
12.8526	-0.044732
13.0474	-0.070081
13.2421	-0.057638
13.4368	-0.074451
13.6316	-0.042596
13.8263	-0.043085
14.0211	-0.02811
14.2158	-0.028894
14.4105	-0.019244
14.6053	-0.019534
14.8	-0.029867
14.9947	-0.025576
15.1895	-0.0117
15.3842	-0.022524
15.5789	-0.041275
15.7737	-0.059872
15.9684	-0.062256
16.1632	-0.049776
16.3579	-0.045985
16.5526	-0.032683
16.7474	-0.027414
16.9421	-0.039596
17.1368	-0.028123
17.3316	-0.028501
17.5263	-0.032298
17.7211	-0.041556
17.9158	-0.038802
18.1105	-0.038808
18.3053	-0.042077
18.5	-0.028981
18.6947	-0.036376
18.8895	-0.024001
19.0842	-0.021303
19.2789	-0.017371
19.4737	-0.028989
19.6684	-0.04028
19.8632	-0.032196
20.0579	-0.0446
20.2526	-0.031685
20.4474	-0.029527
20.6421	-0.044842
20.8368	-0.055196
21.0316	-0.044889
21.2263	-0.04434
21.4211	-0.030874
21.6158	-0.027145
21.8105	-0.033983
22.0053	-0.037755
22.2	-0.033933
22.3947	-0.022509
22.5895	-0.0365
22.7842	-0.050079
22.9789	-0.032646
23.1737	-0.032408
23.3684	-0.033395
23.5632	-0.034928
23.7579	-0.060257
23.9526	-0.059652
24.1474	-0.063496
24.3421	-0.052906
24.5368	-0.046591
24.7316	-0.049829
24.9263	-0.049445
25.1211	-0.046522
25.3158	-0.040407
25.5105	-0.042127
25.7053	-0.044839
25.9	-0.018349
26.0947	-0.031486
26.2895	-0.0387
26.4842	-0.027872
26.6789	-0.02857
26.8737	-0.033701
27.0684	-0.038579
27.2632	-0.050636
27.4579	-0.039579
27.6526	-0.052051
27.8474	-0.044838
28.0421	-0.056873
28.2368	-0.048315
28.4316	-0.043479
28.6263	-0.045089
28.8211	-0.04428
29.0158	-0.045309
29.2105	-0.034044
29.4053	-0.032086
29.6	-0.045794
29.7947	-0.046843
29.9895	-0.049379
30.1842	-0.040238
30.3789	-0.030304
30.5737	-0.023541
30.7684	-0.039067
30.9632	-0.050861
31.1579	-0.057832
31.3526	-0.060508
31.5474	-0.039526
31.7421	-0.045553
31.9368	-0.042522
32.1316	-0.040504
32.3263	-0.046726
32.5211	-0.031452
32.7158	-0.033161
32.9105	-0.033568
33.1053	-0.035422
33.3	-0.069714
33.4947	-0.061375
33.6895	-0.036589
33.8842	-0.010713
34.0789	-0.014703
34.2737	-0.024218
34.4684	-0.036343
34.6632	-0.040223
34.8579	-0.045575
35.0526	-0.036737
35.2474	-0.02869
35.4421	-0.030209
35.6368	-0.024517
35.8316	-0.042311
36.0263	-0.034931
36.2211	-0.029452
36.4158	-0.018859
36.6105	-0.038636
36.8053	-0.047625
37.0	-0.046915
37.1947	-0.065274
37.3895	-0.06192
37.5842	-0.068593
37.7789	-0.05224
37.9737	-0.053887
38.1684	-0.028421
38.3632	-0.028407
38.5579	-0.042287
38.7526	-0.062254
38.9474	-0.041923
39.1421	-0.044486
39.3368	-0.0479
39.5316	-0.055444
39.7263	-0.044356
39.9211	-0.043752
40.1158	-0.04019
40.3105	-0.034692
40.5053	-0.028283
40.7	-0.033708
40.8947	-0.061179
41.0895	-0.045915
41.2842	-0.047303
41.4789	-0.015586
41.6737	-0.028656
41.8684	-0.016075
42.0632	-0.026072
42.2579	-0.047718
42.4526	-0.035959
42.6474	-0.043625
42.8421	-0.037823
43.0368	-0.041069
43.2316	-0.038118
43.4263	-0.031669
43.6211	-0.034533
43.8158	-0.025348
44.0105	-0.041107
44.2053	-0.06193
44.4	-0.077466
44.5947	-0.07128
44.7895	-0.04909
44.9842	-0.03504
45.1789	-0.012313
45.3737	-0.016291
45.5684	-0.025814
45.7632	-0.041184
45.9579	-0.033958
46.1526	-0.029559
46.3474	-0.041064
46.5421	-0.029536
46.7368	-0.020353
46.9316	-0.036339
47.1263	-0.042927
47.3211	-0.043209
47.5158	-0.040923
47.7105	-0.02669
47.9053	-0.042648
48.1	-0.049096
48.2947	-0.057061
48.4895	-0.051294
48.6842	-0.029196
48.8789	-0.02481
49.0737	-0.019702
49.2684	-0.023076
49.4632	-0.021022
49.6579	-0.040239
49.8526	-0.063326
50.0474	-0.061576
50.2421	-0.05164
50.4368	-0.045809
50.6316	-0.032186
50.8263	-0.03372
51.0211	-0.019386
51.2158	-0.027705
51.4105	-0.037197
51.6053	-0.030225
51.8	-0.029873
51.9947	-0.032079
52.1895	-0.029369
52.3842	-0.027402
52.5789	-0.048763
52.7737	-0.026144
52.9684	-0.038908
53.1632	-0.047629
53.3579	-0.035628
53.5526	-0.040573
53.7474	-0.043631
53.9421	-0.034277
54.1368	-0.023205
54.3316	-0.032113
54.5263	-0.031218
54.7211	-0.022727
54.9158	-0.023097
55.1105	-0.023856
55.3053	-0.034649
55.5	-0.034957
55.6947	-0.037914
55.8895	-0.044856
56.0842	-0.045025
56.2789	-0.029519
56.4737	-0.039007
56.6684	-0.051248
56.8632	-0.042966
57.0579	-0.024754
57.2526	-0.044462
57.4474	-0.026784
57.6421	-0.032575
57.8368	-0.038922
58.0316	-0.033893
58.2263	-0.031112
58.4211	-0.038068
58.6158	-0.038136
58.8105	-0.037363
59.0053	-0.050372
59.2	-0.044984
59.3947	-0.052988
59.5895	-0.032243
59.7842	-0.022934
59.9789	-0.021899
60.1737	-0.04612
60.3684	-0.046361
60.5632	-0.047993
60.7579	-0.048791
60.9526	-0.04445
61.1474	-0.02416
61.3421	-0.006901
61.5368	-0.014916
61.7316	-0.024402
61.9263	-0.001399
62.1211	-0.032178
62.3158	-0.036185
62.5105	-0.05933
62.7053	-0.048437
62.9	-0.035083
63.0947	-0.026369
63.2895	-0.033221
63.4842	-0.049173
63.6789	-0.040762
63.8737	-0.020065
64.0684	-0.013433
64.2632	-0.027249
64.4579	-0.036904
64.6526	-0.035856
64.8474	-0.065945
65.0421	-0.067976
65.2368	-0.057894
65.4316	-0.057793
65.6263	-0.053816
65.8211	-0.041149
66.0158	-0.034559
66.2105	-0.025224
66.4053	-0.027568
66.6	-0.025137
66.7947	-0.04095
66.9895	-0.042864
67.1842	-0.051768
67.3789	-0.042517
67.5737	-0.047907
67.7684	-0.046674
67.9632	-0.022752
68.1579	-0.012839
68.3526	-0.017561
68.5474	-0.018326
68.7421	-0.034907
68.9368	-0.051801
69.1316	-0.049606
69.3263	-0.049407
69.5211	-0.065653
69.7158	-0.063186
69.9105	-0.06096
70.1053	-0.041517
70.3	-0.035177
70.4947	-0.028381
70.6895	-0.024876
70.8842	-0.024609
71.0789	-0.031094
71.2737	-0.057628
71.4684	-0.052242
71.6632	-0.053673
71.8579	-0.031064
72.0526	-0.045501
72.2474	-0.035948
72.4421	-0.043669
72.6368	-0.025802
72.8316	-0.010856
73.0263	-0.021732
73.2211	-0.041383
73.4158	-0.050776
73.6105	-0.031389
73.8053	-0.04088
74.0	-0.054642
74.1947	-0.046089
74.3895	-0.031254
74.5842	-0.024576
74.7789	-0.010592
74.9737	-0.029145
75.1684	-0.030619
75.3632	-0.021228
75.5579	-0.029779
75.7526	-0.022359
75.9474	-0.028844
76.1421	-0.029998
76.3368	-0.031349
76.5316	-0.042585
76.7263	-0.043114
76.9211	-0.042098
77.1158	-0.038859
77.3105	-0.044439
77.5053	-0.040954
77.7	-0.031504
77.8947	-0.038163
78.0895	-0.032229
78.2842	-0.028254
78.4789	-0.039558
78.6737	-0.03402
78.8684	-0.042006
79.0632	-0.043365
79.2579	-0.053726
79.4526	-0.049778
79.6474	-0.055613
79.8421	-0.04912
80.0368	-0.051438
80.2316	-0.042818
80.4263	-0.028167
80.6211	-0.025007
80.8158	-0.017182
81.0105	-0.017813
81.2053	-0.025281
81.4	-0.045298
81.5947	-0.062873
81.7895	-0.049026
81.9842	-0.036543
82.1789	-0.042908
82.3737	-0.047178
82.5684	-0.061657
82.7632	-0.049037
82.9579	-0.033198
83.1526	-0.028024
83.3474	-0.053569
83.5421	-0.047678
83.7368	-0.029544
83.9316	-0.030547
84.1263	-0.022617
84.3211	-0.033508
84.5158	-0.045597
84.7105	-0.050306
84.9053	-0.029088
85.1	-0.024124
85.2947	-0.033841
85.4895	-0.026002
85.6842	-0.047553
85.8789	-0.054606
86.0737	-0.060082
86.2684	-0.052535
86.4632	-0.049448
86.6579	-0.037869
86.8526	-0.037576
87.0474	-0.045169
87.2421	-0.040844
87.4368	-0.049801
87.6316	-0.02942
87.8263	-0.017848
88.0211	-0.037163
88.2158	-0.043534
88.4105	-0.057123
88.6053	-0.065361
88.8	-0.062168
88.9947	-0.053224
89.1895	-0.058535
89.3842	-0.056735
89.5789	-0.038307
89.7737	-0.040741
89.9684	-0.037607
90.1632	-0.048861
90.3579	-0.038747
90.5526	-0.03877
90.7474	-0.044963
90.9421	-0.066008
91.1368	-0.04137
91.3316	-0.028386
91.5263	-0.031653
91.7211	-0.015116
91.9158	-0.014875
92.1105	-0.025436
92.3053	-0.037379
92.5	-0.054362
92.6947	-0.057748
92.8895	-0.070871
93.0842	-0.059383
93.2789	-0.041207
93.4737	-0.028636
93.6684	-0.034484
93.8632	-0.040669
94.0579	-0.05501
94.2526	-0.058114
94.4474	-0.068084
94.6421	-0.073897
94.8368	-0.06101
95.0316	-0.042502
95.2263	-0.038814
95.4211	-0.040387
95.6158	-0.030231
95.8105	-0.029175
96.0053	-0.032995
96.2	-0.035431
96.3947	-0.03392
96.5895	-0.036226
96.7842	-0.046099
96.9789	-0.047838
97.1737	-0.039682
97.3684	-0.043056
97.5632	-0.060551
97.7579	-0.077434
97.9526	-0.045713
98.1474	-0.037864
98.3421	-0.050343
98.5368	-0.048745
98.7316	-0.043435
98.9263	-0.03692
99.1211	-0.035028
99.3158	-0.043314
99.5105	-0.051469
99.7053	-0.048081
99.9	-0.044128
100.095	-0.04377
100.289	-0.038144
100.484	-0.017207
100.679	-0.008877
100.874	-0.000584
101.068	-0.014749
101.263	-0.039253
101.458	-0.040003
101.653	-0.0676
101.847	-0.059149
102.042	-0.042616
102.237	-0.05352
102.432	-0.024425
102.626	-0.042237
102.821	-0.05026
103.016	-0.058525
103.211	-0.053992
103.405	-0.053222
103.6	-0.053991
103.795	-0.050537
103.989	-0.044357
104.184	-0.026657
104.379	-0.026774
104.574	-0.036606
104.768	-0.050168
104.963	-0.044847
105.158	-0.034299
105.353	-0.020866
105.547	-0.007029
105.742	-0.018591
105.937	-0.031877
106.132	-0.04871
106.326	-0.05125
106.521	-0.041812
106.716	-0.03841
106.911	-0.026168
107.105	-0.024971
107.3	-0.02446
107.495	-0.012684
107.689	-0.006977
107.884	-0.027614
108.079	-0.012092
108.274	-0.036138
108.468	-0.035829
108.663	-0.040452
108.858	-0.041266
109.053	-0.059981
109.247	-0.053326
109.442	-0.033397
109.637	-0.014274
109.832	-0.008796
110.026	-0.020376
110.221	-0.033328
110.416	-0.045485
110.611	-0.044906
110.805	-0.038967
111.0	-0.045929
111.195	-0.034559
111.389	-0.036073
111.584	-0.034027
111.779	-0.030278
111.974	-0.025858
112.168	-0.046924
112.363	-0.052532
112.558	-0.059817
112.753	-0.055853
112.947	-0.056988
113.142	-0.050198
113.337	-0.051451
113.532	-0.047501
113.726	-0.032915
113.921	-0.028764
114.116	-0.034144
114.311	-0.031139
114.505	-0.04061
114.7	-0.053759
114.895	-0.066412
115.089	-0.048388
115.284	-0.030529
115.479	-0.028567
115.674	-0.0291
115.868	-0.045321
116.063	-0.054816
116.258	-0.044142
116.453	-0.048798
116.647	-0.041223
116.842	-0.036096
117.037	-0.017647
117.232	-0.021084
117.426	-0.031967
117.621	-0.043476
117.816	-0.052116
118.011	-0.060624
118.205	-0.053561
118.4	-0.037933
118.595	-0.01904
118.789	-0.024707
118.984	-0.026537
119.179	-0.022136
119.374	-0.017259
119.568	-0.021827
119.763	-0.025528
119.958	-0.036451
120.153	-0.029608
120.347	-0.019529
120.542	-0.009496
120.737	-0.035007
120.932	-0.030293
121.126	-0.020654
121.321	-0.02552
121.516	-0.038975
121.711	-0.046213
121.905	-0.039047
122.1	-0.019665
122.295	-0.028549
122.489	-0.029668
122.684	-0.046503
122.879	-0.04919
123.074	-0.047519
123.268	-0.050449
123.463	-0.03388
123.658	-0.020236
123.853	-0.031006
124.047	-0.043254
124.242	-0.042962
124.437	-0.060108
124.632	-0.046185
124.826	-0.034887
125.021	-0.044404
125.216	-0.042466
125.411	-0.049709
125.605	-0.055853
125.8	-0.058867
125.995	-0.053719
126.189	-0.054685
126.384	-0.03997
126.579	-0.035772
126.774	-0.041519
126.968	-0.032421
127.163	-0.031459
127.358	-0.019417
127.553	-0.014594
127.747	-0.0093
127.942	-0.033508
128.137	-0.024665
128.332	-0.027239
128.526	-0.014198
128.721	-0.017727
128.916	-0.048499
129.111	-0.066112
129.305	-0.069705
129.5	-0.064747
129.695	-0.058449
129.889	-0.055199
130.084	-0.046766
130.279	-0.048087
130.474	-0.03282
130.668	-0.03519
130.863	-0.041995
131.058	-0.041925
131.253	-0.038597
131.447	-0.034149
131.642	-0.042483
131.837	-0.042892
132.032	-0.046549
132.226	-0.029898
132.421	-0.025691
132.616	-0.034694
132.811	-0.022542
133.005	-0.027448
133.2	-0.049515
133.395	-0.034398
133.589	-0.046633
133.784	-0.047667
133.979	-0.040781
134.174	-0.028881
134.368	-0.022697
134.563	-0.017924
134.758	-0.034785
134.953	-0.048675
135.147	-0.041724
135.342	-0.036482
135.537	-0.043569
135.732	-0.016331
135.926	-0.026276
136.121	-0.03111
136.316	-0.025386
136.511	-0.042693
136.705	-0.055238
136.9	-0.060428
137.095	-0.024753
137.289	-0.012688
137.484	-0.023501
137.679	-0.042379
137.874	-0.049394
138.068	-0.039454
138.263	-0.048396
138.458	-0.050488
138.653	-0.033473
138.847	-0.036756
139.042	-0.034347
139.237	-0.019787
139.432	-0.027477
139.626	-0.040424
139.821	-0.039837
140.016	-0.050106

&

0.194737	-0.003889
0.389474	-0.020396
0.584211	-0.037897
0.778947	-0.051998
0.973684	-0.048606
1.16842	-0.029213
1.36316	-0.015253
1.5579	-0.0175
1.75263	-0.011503
1.94737	-0.024438
2.1421	-0.040691
2.33684	-0.046981
2.53158	-0.043592
2.72632	-0.047329
2.92105	-0.051192
3.11579	-0.029992
3.31053	-0.027491
3.50526	-0.038416
3.7	-0.043874
3.89474	-0.051061
4.08947	-0.047447
4.28421	-0.027641
4.47895	-0.021415
4.67368	-0.007563
4.86842	-0.029996
5.06316	-0.039982
5.2579	-0.040412
5.45263	-0.014712
5.64737	0.003213
5.84211	-0.012335
6.03684	-0.023174
6.23158	-0.004849
6.42632	-0.016081
6.62105	-0.039966
6.81579	-0.049277
7.01053	-0.021925
7.20526	0.003923
7.4	0.006146
7.59474	-0.011394
7.78947	-0.00986
7.98421	-0.014484
8.17895	-0.010302
8.37368	-0.022719
8.56842	-0.021668
8.76316	-0.016482
8.9579	-0.025639
9.15263	-0.030435
9.34737	-0.03779
9.5421	-0.038192
9.73684	-0.021108
9.93158	0.001258
10.1263	-0.006147
10.3211	-0.009059
10.5158	-0.026625
10.7105	-0.025789
10.9053	-0.035791
11.1	-0.019412
11.2947	-0.015446
11.4895	-0.023845
11.6842	-0.02486
11.8789	-0.023398
12.0737	-0.026977
12.2684	-0.025683
12.4632	-0.018952
12.6579	-0.023873
12.8526	-0.038894
13.0474	-0.039394
13.2421	-0.021104
13.4368	-0.002981
13.6316	0.010833
13.8263	0.017928
14.0211	0.007116
14.2158	-0.01446
14.4105	-0.022413
14.6053	-0.00873
14.8	-0.021091
14.9947	-0.039801
15.1895	-0.034957
15.3842	-0.039121
15.5789	-0.050258
15.7737	-0.035108
15.9684	-0.011753
16.1632	-0.012929
16.3579	-0.003737
16.5526	-0.007757
16.7474	-0.027792
16.9421	-0.029711
17.1368	-0.012375
17.3316	-0.01284
17.5263	-0.01349
17.7211	-0.003041
17.9158	-0.010674
18.1105	-0.002683
18.3053	-0.020519
18.5	-0.025103
18.6947	-0.024423
18.8895	-0.014111
19.0842	-0.007394
19.2789	-0.017729
19.4737	-0.027945
19.6684	-0.023413
19.8632	-0.0213
20.0579	-0.030733
20.2526	-0.012904
20.4474	-0.037138
20.6421	-0.037029
20.8368	-0.019367
21.0316	-0.01088
21.2263	-0.010177
21.4211	-0.020413
21.6158	-0.015465
21.8105	-0.019913
22.0053	-0.011704
22.2	-0.015501
22.3947	-0.019584
22.5895	-0.025596
22.7842	-0.022484
22.9789	-0.015116
23.1737	-0.025829
23.3684	-0.027131
23.5632	-0.032456
23.7579	-0.019425
23.9526	-0.007451
24.1474	-0.001151
24.3421	0.002354
24.5368	-0.00067
24.7316	-0.000595
24.9263	0.000732
25.1211	-0.002835
25.3158	-0.001269
25.5105	-0.006489
25.7053	-0.014143
25.9	-0.023066
26.0947	-0.04264
26.2895	-0.028046
26.4842	-0.008348
26.6789	-0.016677
26.8737	-0.022855
27.0684	-0.022495
27.2632	-0.018519
27.4579	-0.027741
27.6526	-0.036872
27.8474	-0.03477
28.0421	-0.024678
28.2368	-0.014735
28.4316	-0.005262
28.6263	-0.016413
28.8211	-0.005092
29.0158	-0.007896
29.2105	-0.011049
29.4053	-0.021941
29.6	-0.026863
29.7947	-0.02342
29.9895	-0.023676
30.1842	-0.016571
30.3789	-0.014622
30.5737	-0.020445
30.7684	-0.034446
30.9632	-0.029632
31.1579	-0.036702
31.3526	-0.012894
31.5474	-0.005633
31.7421	-0.015751
31.9368	-0.018223
32.1316	-0.018226
32.3263	-0.016463
32.5211	-0.013522
32.7158	-0.018689
32.9105	-0.025103
33.1053	-0.03671
33.3	-0.038446
33.4947	-0.012166
33.6895	0.005336
33.8842	-0.005954
34.0789	-0.018429
34.2737	-0.023455
34.4684	-0.02062
34.6632	-0.001934
34.8579	-0.006869
35.0526	-0.021829
35.2474	-0.018945
35.4421	-0.029836
35.6368	-0.01515
35.8316	-0.014146
36.0263	-0.029901
36.2211	-0.031613
36.4158	-0.028429
36.6105	-0.035298
36.8053	-0.038665
37.0	-0.019648
37.1947	-0.012954
37.3895	-0.010193
37.5842	-0.004668
37.7789	-0.006772
37.9737	-0.010242
38.1684	-0.019151
38.3632	-0.021391
38.5579	-0.020485
38.7526	-0.018569
38.9474	-0.016361
39.1421	-0.019712
39.3368	-0.017526
39.5316	-0.009763
39.7263	-0.004079
39.9211	-0.011261
40.1158	-0.027201
40.3105	-0.028257
40.5053	-0.031782
40.7	-0.039828
40.8947	-0.035357
41.0895	-0.02517
41.2842	-0.009166
41.4789	-0.021595
41.6737	-0.036327
41.8684	-0.036715
42.0632	-0.0517
42.2579	-0.054234
42.4526	-0.035131
42.6474	-0.029274
42.8421	-0.028598
43.0368	-0.023687
43.2316	-0.033192
43.4263	-0.04059
43.6211	-0.030161
43.8158	-0.039625
44.0105	-0.038982
44.2053	-0.032431
44.4	-0.020017
44.5947	0.002748
44.7895	0.017596
44.9842	0.007703
45.1789	-0.009126
45.3737	-0.050516
45.5684	-0.054062
45.7632	-0.043726
45.9579	-0.022382
46.1526	-0.033931
46.3474	-0.013796
46.5421	-0.014719
46.7368	-0.021488
46.9316	-0.018284
47.1263	-0.026674
47.3211	-0.021235
47.5158	-0.019547
47.7105	-0.019535
47.9053	-0.025741
48.1	-0.022347
48.2947	-0.031726
48.4895	-0.01445
48.6842	-0.009913
48.8789	-0.015556
49.0737	-0.017938
49.2684	-0.014254
49.4632	-0.024528
49.6579	-0.029007
49.8526	-0.022634
50.0474	-0.015408
50.2421	-0.001507
50.4368	0.004284
50.6316	-0.002725
50.8263	-0.01212
51.0211	-0.011627
51.2158	-0.020266
51.4105	-0.025901
51.6053	-0.035572
51.8	-0.040754
51.9947	-0.020929
52.1895	-0.014284
52.3842	-0.026071
52.5789	-0.011415
52.7737	0.001846
52.9684	-0.011944
53.1632	0.000356
53.3579	-0.012627
53.5526	-0.015734
53.7474	-0.019751
53.9421	-0.026315
54.1368	-0.011609
54.3316	-0.004346
54.5263	-0.001824
54.7211	-0.003679
54.9158	-0.012332
55.1105	-0.028053
55.3053	-0.039984
55.5	-0.04656
55.6947	-0.030575
55.8895	-0.029244
56.0842	-0.023197
56.2789	-0.021668
56.4737	-0.033527
56.6684	-0.028489
56.8632	-0.019608
57.0579	-0.023939
57.2526	-0.031696
57.4474	-0.003052
57.6421	-0.033966
57.8368	-0.014638
58.0316	-0.01995
58.2263	-0.025443
58.4211	-0.024465
58.6158	-0.028975
58.8105	-0.038181
59.0053	-0.042694
59.2	-0.019529
59.3947	-0.018
59.5895	-0.014151
59.7842	-0.034698
59.9789	-0.038662
60.1737	-0.050419
60.3684	-0.033859
60.5632	-0.012113
60.7579	-0.016272
60.9526	0.006371
61.1474	0.006425
61.3421	-0.016443
61.5368	-0.026616
61.7316	-0.021195
61.9263	-0.02214
62.1211	-0.047228
62.3158	-0.028451
62.5105	-0.024399
62.7053	-0.009309
62.9	-0.013562
63.0947	-0.032346
63.2895	-0.03171
63.4842	-0.021667
63.6789	-0.017708
63.8737	-0.002999
64.0684	-0.021477
64.2632	-0.027919
64.4579	-0.031535
64.6526	-0.036669
64.8474	-0.046898
65.0421	-0.021023
65.2368	-0.004049
65.4316	0.006082
65.6263	0.012948
65.8211	0.013158
66.0158	0.012341
66.2105	-0.000829
66.4053	-0.022235
66.6	-0.029954
66.7947	-0.029366
66.9895	-0.033056
67.1842	-0.028803
67.3789	-0.019432
67.5737	-0.018412
67.7684	-0.022212
67.9632	-0.022273
68.1579	-0.028497
68.3526	-0.015407
68.5474	-0.026669
68.7421	-0.037143
68.9368	-0.040782
69.1316	-0.026828
69.3263	-0.040892
69.5211	-0.031716
69.7158	-0.019119
69.9105	-0.004659
70.1053	0.001755
70.3	-0.009242
70.4947	-0.016518
70.6895	-0.016179
70.8842	-0.022315
71.0789	-0.036129
71.2737	-0.025563
71.4684	-0.020136
71.6632	-0.012868
71.8579	-0.008551
72.0526	-0.030446
72.2474	-0.029929
72.4421	-0.013668
72.6368	0.002205
72.8316	-0.009718
73.0263	-0.011081
73.2211	-0.01347
73.4158	-0.014127
73.6105	-0.020743
73.8053	-0.013185
74.0	-0.019539
74.1947	-0.014723
74.3895	-0.005944
74.5842	-0.016164
74.7789	-0.027089
74.9737	-0.023701
75.1684	-0.025801
75.3632	-0.021534
75.5579	-0.031023
75.7526	-0.02754
75.9474	-0.018138
76.1421	-0.021287
76.3368	-0.023088
76.5316	-0.02881
76.7263	-0.028403
76.9211	-0.016541
77.1158	-0.0216
77.3105	-0.014658
77.5053	-0.000408
77.7	-0.010565
77.8947	-0.006038
78.0895	-0.006844
78.2842	-0.01905
78.4789	-0.029408
78.6737	-0.03341
78.8684	-0.032472
79.0632	-0.037378
79.2579	-0.021784
79.4526	-0.009842
79.6474	0.003118
79.8421	-0.010059
80.0368	-0.009566
80.2316	-0.004844
80.4263	0.001277
80.6211	-0.013652
80.8158	-0.013662
81.0105	-0.022474
81.2053	-0.034826
81.4	-0.043538
81.5947	-0.045674
81.7895	-0.029048
81.9842	-0.024211
82.1789	-0.015116
82.3737	-0.02859
82.5684	-0.025732
82.7632	-0.013894
82.9579	-0.023753
83.1526	-0.025644
83.3474	-0.035789
83.5421	-0.019466
83.7368	-0.023809
83.9316	-0.030314
84.1263	-0.021759
84.3211	-0.023084
84.5158	-0.015068
84.7105	0.003525
84.9053	-0.006711
85.1	-0.02892
85.2947	-0.02426
85.4895	-0.035644
85.6842	-0.046226
85.8789	-0.028054
86.0737	-0.012336
86.2684	0.002262
86.4632	0.00857
86.6579	-0.005484
86.8526	-0.019001
87.0474	-0.023274
87.2421	-0.016165
87.4368	-0.011348
87.6316	-0.00092
87.8263	-0.01998
88.0211	-0.028628
88.2158	-0.023683
88.4105	-0.023229
88.6053	-0.018858
88.8	-0.003372
88.9947	-0.005972
89.1895	-0.005367
89.3842	-0.000998
89.5789	-0.006547
89.7737	-0.01062
89.9684	-0.017334
90.1632	-0.019962
90.3579	-0.00994
90.5526	-0.023132
90.7474	-0.011549
90.9421	-0.013448
91.1368	-0.007553
91.3316	-0.014858
91.5263	-0.015543
91.7211	-0.009966
91.9158	-0.034037
92.1105	-0.045012
92.3053	-0.045625
92.5	-0.044215
92.6947	-0.022608
92.8895	-0.013804
93.0842	-0.017227
93.2789	-0.011906
93.4737	-0.019451
93.6684	-0.045429
93.8632	-0.040355
94.0579	-0.043855
94.2526	-0.028726
94.4474	-0.030127
94.6421	-1.2e-05
94.8368	0.007055
95.0316	0.006268
95.2263	-0.00432
95.4211	-0.018311
95.6158	-0.025303
95.8105	-0.022125
96.0053	-0.011988
96.2	-0.012626
96.3947	-0.027757
96.5895	-0.041136
96.7842	-0.027075
96.9789	-0.013417
97.1737	-0.022585
97.3684	-0.036734
97.5632	-0.016374
97.7579	-0.002646
97.9526	-0.010993
98.1474	-0.022478
98.3421	-0.026734
98.5368	-0.01651
98.7316	-0.01023
98.9263	-0.006005
99.1211	-0.018453
99.3158	-0.024624
99.5105	-0.016944
99.7053	-0.020895
99.9	-0.016713
100.095	-0.01088
100.289	0.009344
100.484	6e-06
100.679	-0.01102
100.874	-0.029648
101.068	-0.049412
101.263	-0.04397
101.458	-0.049592
101.653	-0.044503
101.847	-0.006588
102.042	-0.009899
102.237	-0.015514
102.432	-0.030878
102.626	-0.027949
102.821	-0.032518
103.016	-0.01914
103.211	-0.009579
103.405	-0.004047
103.6	-0.024195
103.795	-0.010215
103.989	0.003128
104.184	-0.018834
104.379	-0.023204
104.574	-0.030037
104.768	-0.028175
104.963	-0.02677
105.158	-0.01872
105.353	-0.009269
105.547	-0.03946
105.742	-0.050516
105.937	-0.059479
106.132	-0.04619
106.326	-0.027689
106.521	-0.009613
106.716	-0.006762
106.911	0.002487
107.105	-0.016253
107.3	-0.026688
107.495	-0.012925
107.689	-0.031576
107.884	-0.044878
108.079	-0.032567
108.274	-0.025191
108.468	-0.025027
108.663	-0.020573
108.858	-0.027278
109.053	-0.019048
109.247	-0.008874
109.442	-0.005994
109.637	-0.009727
109.832	-0.022337
110.026	-0.027302
110.221	-0.026452
110.416	-0.031023
110.611	-0.019989
110.805	-0.009711
111.0	-0.020846
111.195	-0.026491
111.389	-0.011787
111.584	-0.001645
111.779	0.001951
111.974	-0.024055
112.168	-0.019897
112.363	-0.024407
112.558	-0.02712
112.753	-0.023261
112.947	-0.02284
113.142	-0.012328
113.337	-0.010478
113.532	-0.011421
113.726	-0.008119
113.921	-0.026878
114.116	-0.028827
114.311	-0.025907
114.505	-0.042257
114.7	-0.018393
114.895	0.000798
115.089	0.000928
115.284	-0.003025
115.479	-0.015384
115.674	-0.028306
115.868	-0.036879
116.063	-0.026095
116.258	-5.9e-05
116.453	0.006243
116.647	0.000512
116.842	-0.001254
117.037	-0.008055
117.232	-0.010835
117.426	-0.035649
117.621	-0.051433
117.816	-0.047134
118.011	-0.026109
118.205	-0.010297
118.4	-0.006465
118.595	-0.000728
118.789	-0.0139
118.984	-0.021048
119.179	-0.019707
119.374	-0.006236
119.568	-0.017994
119.763	-0.019785
119.958	-0.019447
120.153	-0.002644
120.347	-0.015817
120.542	-0.0148
120.737	-0.022206
120.932	-0.007854
121.126	-0.008908
121.321	-0.00994
121.516	-0.025098
121.711	-0.023245
121.905	-0.01613
122.1	-0.018503
122.295	-0.01136
122.489	-0.029816
122.684	-0.026469
122.879	-0.019242
123.074	-0.019789
123.268	-0.009499
123.463	-0.007143
123.658	-0.027312
123.853	-0.028253
124.047	-0.029287
124.242	-0.025724
124.437	-0.013734
124.632	0.003716
124.826	-0.008196
125.021	-0.01644
125.216	-0.007992
125.411	-0.018068
125.605	-0.021806
125.8	-0.01812
125.995	-0.013223
126.189	-0.008043
126.384	-0.011043
126.579	-0.004161
126.774	-0.008653
126.968	-0.001528
127.163	0.012383
127.358	0.028156
127.553	-0.007656
127.747	-0.033838
127.942	-0.047042
128.137	-0.04462
128.332	-0.031295
128.526	-0.025523
128.721	-0.042155
128.916	-0.045099
129.111	-0.047703
129.305	-0.036252
129.5	-0.009341
129.695	-0.007723
129.889	-0.00766
130.084	-0.012954
130.279	-0.001287
130.474	-0.010161
130.668	-0.014825
130.863	-0.022691
131.058	-0.019559
131.253	-0.013428
131.447	-0.013634
131.642	-0.019496
131.837	-0.006704
132.032	-0.015824
132.226	0.004248
132.421	-0.015281
132.616	-0.018522
132.811	-0.023806
133.005	-0.031962
133.2	-0.028775
133.395	-0.030926
133.589	-0.021918
133.784	-0.011439
133.979	-0.00552
134.174	-0.006386
134.368	-0.021676
134.563	-0.021349
134.758	-0.042697
134.953	-0.030894
135.147	-0.005289
135.342	-0.019719
135.537	-0.019648
135.732	-0.021019
135.926	-0.036095
136.121	-0.041684
136.316	-0.035415
136.511	-0.03608
136.705	-0.022751
136.9	-0.019727
137.095	0.01051
137.289	-0.007503
137.484	-0.036055
137.679	-0.03984
137.874	-0.029067
138.068	-0.025354
138.263	-0.011985
138.458	-0.019064
138.653	-0.028611
138.847	-0.024536
139.042	-0.023637
139.237	-0.033594
139.432	-0.016687
139.626	-0.033133
139.821	-0.036681
140.016	-0.033989

&

0.194737	0.000221
0.389474	0.000731
0.584211	0.001644
0.778947	0.002682
0.973684	0.003533
1.16842	0.004587
1.36316	0.004459
1.5579	0.004482
1.75263	0.004859
1.94737	0.005063
2.1421	0.00589
2.33684	0.005916
2.53158	0.006792
2.72632	0.006874
2.92105	0.008191
3.11579	0.009008
3.31053	0.009535
3.50526	0.009566
3.7	0.009903
3.89474	0.010143
4.08947	0.010676
4.28421	0.010298
4.47895	0.00941
4.67368	0.010057
4.86842	0.009407
5.06316	0.010018
5.2579	0.010429
5.45263	0.010324
5.64737	0.010693
5.84211	0.010331
6.03684	0.010871
6.23158	0.010649
6.42632	0.010201
6.62105	0.01046
6.81579	0.010676
7.01053	0.011253
7.20526	0.01133
7.4	0.010422
7.59474	0.00981
7.78947	0.009741
7.98421	0.008833
8.17895	0.008878
8.37368	0.009143
8.56842	0.009341
8.76316	0.009423
8.9579	0.009785
9.15263	0.009138
9.34737	0.009482
9.5421	0.009565
9.73684	0.009929
9.93158	0.009612
10.1263	0.009194
10.3211	0.008979
10.5158	0.009057
10.7105	0.00883
10.9053	0.008818
11.1	0.009323
11.2947	0.008812
11.4895	0.008605
11.6842	0.007996
11.8789	0.008855
12.0737	0.008728
12.2684	0.008721
12.4632	0.008658
12.6579	0.008925
12.8526	0.008703
13.0474	0.009686
13.2421	0.009566
13.4368	0.00978
13.6316	0.00927
13.8263	0.008959
14.0211	0.007982
14.2158	0.007382
14.4105	0.006468
14.6053	0.006854
14.8	0.006733
14.9947	0.006963
15.1895	0.006387
15.3842	0.008006
15.5789	0.008395
15.7737	0.009004
15.9684	0.008682
16.1632	0.008174
16.3579	0.00786
16.5526	0.007588
16.7474	0.006856
16.9421	0.006632
17.1368	0.006567
17.3316	0.006268
17.5263	0.006196
17.7211	0.006494
17.9158	0.00642
18.1105	0.007454
18.3053	0.007644
18.5	0.006921
18.6947	0.007242
18.8895	0.007603
19.0842	0.006817
19.2789	0.006749
19.4737	0.006872
19.6684	0.007154
19.8632	0.00709
20.0579	0.007382
20.2526	0.006539
20.4474	0.006714
20.6421	0.006645
20.8368	0.007389
21.0316	0.007735
21.2263	0.007142
21.4211	0.006714
21.6158	0.007189
21.8105	0.006907
22.0053	0.006994
22.2	0.006666
22.3947	0.006456
22.5895	0.006799
22.7842	0.006928
22.9789	0.006863
23.1737	0.006891
23.3684	0.007109
23.5632	0.007538
23.7579	0.007421
23.9526	0.00713
24.1474	0.007516
24.3421	0.007143
24.5368	0.006615
24.7316	0.006974
24.9263	0.00701
25.1211	0.007094
25.3158	0.006631
25.5105	0.006235
25.7053	0.006348
25.9	0.006283
26.0947	0.006964
26.2895	0.007796
26.4842	0.007031
26.6789	0.006962
26.8737	0.007085
27.0684	0.007436
27.2632	0.00807
27.4579	0.0077
27.6526	0.00795
27.8474	0.007957
28.0421	0.008485
28.2368	0.007976
28.4316	0.006925
28.6263	0.006934
28.8211	0.006446
29.0158	0.006093
29.2105	0.006579
29.4053	0.006808
29.6	0.006797
29.7947	0.006984
29.9895	0.007218
30.1842	0.007209
30.3789	0.007107
30.5737	0.006424
30.7684	0.006293
30.9632	0.006382
31.1579	0.006945
31.3526	0.007687
31.5474	0.006585
31.7421	0.006726
31.9368	0.006714
32.1316	0.006761
32.3263	0.007463
32.5211	0.007824
32.7158	0.007712
32.9105	0.008233
33.1053	0.008908
33.3	0.008852
33.4947	0.008901
33.6895	0.008887
33.8842	0.008689
34.0789	0.00869
34.2737	0.008549
34.4684	0.009017
34.6632	0.008229
34.8579	0.008334
35.0526	0.007617
35.2474	0.006996
35.4421	0.007278
35.6368	0.007998
35.8316	0.008149
36.0263	0.007763
36.2211	0.008311
36.4158	0.008006
36.6105	0.008929
36.8053	0.009101
37.0	0.009684
37.1947	0.009068
37.3895	0.008744
37.5842	0.008375
37.7789	0.007303
37.9737	0.007002
38.1684	0.006967
38.3632	0.006385
38.5579	0.006548
38.7526	0.006553
38.9474	0.006167
39.1421	0.006479
39.3368	0.006621
39.5316	0.006713
39.7263	0.006464
39.9211	0.006496
40.1158	0.006588
40.3105	0.006507
40.5053	0.006974
40.7	0.007622
40.8947	0.008239
41.0895	0.008126
41.2842	0.008169
41.4789	0.007836
41.6737	0.008158
41.8684	0.008278
42.0632	0.009054
42.2579	0.010033
42.4526	0.010387
42.6474	0.010647
42.8421	0.011416
43.0368	0.011677
43.2316	0.01191
43.4263	0.011748
43.6211	0.012088
43.8158	0.012524
44.0105	0.013361
44.2053	0.013571
44.4	0.014069
44.5947	0.013031
44.7895	0.012001
44.9842	0.01076
45.1789	0.010208
45.3737	0.010571
45.5684	0.010959
45.7632	0.011265
45.9579	0.011049
46.1526	0.011262
46.3474	0.011792
46.5421	0.010987
46.7368	0.01133
46.9316	0.011151
47.1263	0.010726
47.3211	0.010526
47.5158	0.010264
47.7105	0.009626
47.9053	0.009922
48.1	0.009909
48.2947	0.010002
48.4895	0.009666
48.6842	0.009302
48.8789	0.009656
49.0737	0.00912
49.2684	0.009287
49.4632	0.009746
49.6579	0.008863
49.8526	0.009471
50.0474	0.008941
50.2421	0.008429
50.4368	0.007261
50.6316	0.007091
50.8263	0.006938
51.0211	0.006709
51.2158	0.005947
51.4105	0.006321
51.6053	0.006645
51.8	0.007776
51.9947	0.008365
52.1895	0.008587
52.3842	0.00848
52.5789	0.008596
52.7737	0.008937
52.9684	0.008791
53.1632	0.008846
53.3579	0.007558
53.5526	0.007325
53.7474	0.007406
53.9421	0.007319
54.1368	0.006765
54.3316	0.006764
54.5263	0.006371
54.7211	0.006409
54.9158	0.00578
55.1105	0.005928
55.3053	0.006688
55.5	0.007476
55.6947	0.008576
55.8895	0.009152
56.0842	0.009915
56.2789	0.010012
56.4737	0.010421
56.6684	0.010321
56.8632	0.009947
57.0579	0.009028
57.2526	0.009517
57.4474	0.00909
57.6421	0.009173
57.8368	0.009074
58.0316	0.009444
58.2263	0.009072
58.4211	0.009634
58.6158	0.008447
58.8105	0.008755
59.0053	0.008788
59.2	0.009696
59.3947	0.009918
59.5895	0.009426
59.7842	0.010098
59.9789	0.010165
60.1737	0.011057
60.3684	0.01107
60.5632	0.011196
60.7579	0.011381
60.9526	0.010934
61.1474	0.009648
61.3421	0.009096
61.5368	0.008965
61.7316	0.009215
61.9263	0.00855
62.1211	0.008764
62.3158	0.00982
62.5105	0.010188
62.7053	0.010683
62.9	0.009281
63.0947	0.009371
63.2895	0.009586
63.4842	0.00981
63.6789	0.010062
63.8737	0.01057
64.0684	0.011015
64.2632	0.011282
64.4579	0.010949
64.6526	0.010287
64.8474	0.011512
65.0421	0.010814
65.2368	0.009887
65.4316	0.00911
65.6263	0.008083
65.8211	0.007781
66.0158	0.007645
66.2105	0.007206
66.4053	0.006629
66.6	0.007077
66.7947	0.007841
66.9895	0.008218
67.1842	0.00886
67.3789	0.009126
67.5737	0.009113
67.7684	0.008132
67.9632	0.008109
68.1579	0.008114
68.3526	0.008409
68.5474	0.008025
68.7421	0.008381
68.9368	0.009033
69.1316	0.009289
69.3263	0.009621
69.5211	0.00999
69.7158	0.010153
69.9105	0.01018
70.1053	0.009776
70.3	0.009323
70.4947	0.009138
70.6895	0.008481
70.8842	0.008485
71.0789	0.008699
71.2737	0.00937
71.4684	0.009264
71.6632	0.009036
71.8579	0.009362
72.0526	0.009718
72.2474	0.009718
72.4421	0.010156
72.6368	0.009819
72.8316	0.009259
73.0263	0.009801
73.2211	0.009991
73.4158	0.009846
73.6105	0.009673
73.8053	0.010106
74.0	0.010498
74.1947	0.009748
74.3895	0.009795
74.5842	0.01011
74.7789	0.010469
74.9737	0.010457
75.1684	0.01015
75.3632	0.010253
75.5579	0.010743
75.7526	0.010394
75.9474	0.011192
76.1421	0.010592
76.3368	0.010769
76.5316	0.011243
76.7263	0.011505
76.9211	0.01175
77.1158	0.011951
77.3105	0.011498
77.5053	0.010189
77.7	0.009508
77.8947	0.009621
78.0895	0.009435
78.2842	0.009497
78.4789	0.009739
78.6737	0.009957
78.8684	0.011049
79.0632	0.011183
79.2579	0.010854
79.4526	0.010072
79.6474	0.01055
79.8421	0.010257
80.0368	0.010185
80.2316	0.009916
80.4263	0.010162
80.6211	0.009533
80.8158	0.009809
81.0105	0.00999
81.2053	0.010203
81.4	0.010386
81.5947	0.011036
81.7895	0.011262
81.9842	0.0107
82.1789	0.011085
82.3737	0.010351
82.5684	0.011039
82.7632	0.010626
82.9579	0.010705
83.1526	0.01017
83.3474	0.009795
83.5421	0.009393
83.7368	0.0099
83.9316	0.009427
84.1263	0.009634
84.3211	0.009212
84.5158	0.008741
84.7105	0.0091
84.9053	0.008718
85.1	0.008186
85.2947	0.008524
85.4895	0.008794
85.6842	0.009611
85.8789	0.009541
86.0737	0.00999
86.2684	0.010185
86.4632	0.009351
86.6579	0.008995
86.8526	0.00837
87.0474	0.008153
87.2421	0.008435
87.4368	0.00866
87.6316	0.008578
87.8263	0.00777
88.0211	0.007758
88.2158	0.008568
88.4105	0.008343
88.6053	0.008653
88.8	0.007953
88.9947	0.0077
89.1895	0.007946
89.3842	0.008039
89.5789	0.007518
89.7737	0.007681
89.9684	0.007616
90.1632	0.007275
90.3579	0.007499
90.5526	0.007771
90.7474	0.008081
90.9421	0.008252
91.1368	0.00817
91.3316	0.007666
91.5263	0.007865
91.7211	0.007255
91.9158	0.006346
92.1105	0.007068
92.3053	0.007468
92.5	0.007911
92.6947	0.008437
92.8895	0.008555
93.0842	0.008298
93.2789	0.008357
93.4737	0.008447
93.6684	0.009159
93.8632	0.009923
94.0579	0.010181
94.2526	0.01008
94.4474	0.010565
94.6421	0.01086
94.8368	0.010511
95.0316	0.009481
95.2263	0.009805
95.4211	0.009574
95.6158	0.009188
95.8105	0.009365
96.0053	0.010228
96.2	0.009706
96.3947	0.010287
96.5895	0.010732
96.7842	0.011595
96.9789	0.011762
97.1737	0.011765
97.3684	0.011885
97.5632	0.012085
97.7579	0.011561
97.9526	0.011195
98.1474	0.010115
98.3421	0.01045
98.5368	0.01089
98.7316	0.010512
98.9263	0.010335
99.1211	0.01118
99.3158	0.011129
99.5105	0.011415
99.7053	0.011256
99.9	0.010523
100.095	0.010246
100.289	0.009792
100.484	0.009052
100.679	0.008875
100.874	0.008643
101.068	0.009367
101.263	0.009306
101.458	0.009083
101.653	0.010134
101.847	0.010142
102.042	0.010151
102.237	0.009578
102.432	0.009312
102.626	0.009637
102.821	0.009461
103.016	0.00976
103.211	0.00938
103.405	0.008937
103.6	0.009057
103.795	0.009434
103.989	0.009477
104.184	0.009172
104.379	0.009343
104.574	0.009885
104.768	0.010333
104.963	0.010775
105.158	0.010683
105.353	0.010515
105.547	0.009893
105.742	0.010677
105.937	0.012067
106.132	0.011887
106.326	0.011911
106.521	0.01164
106.716	0.011634
106.911	0.011016
107.105	0.00933
107.3	0.009127
107.495	0.008896
107.689	0.008767
107.884	0.009677
108.079	0.009919
108.274	0.010374
108.468	0.010276
108.663	0.00961
108.858	0.009599
109.053	0.009844
109.247	0.009814
109.442	0.009058
109.637	0.008428
109.832	0.008179
110.026	0.00819
110.221	0.008705
110.416	0.008827
110.611	0.008281
110.805	0.008558
111.0	0.008948
111.195	0.009191
111.389	0.008497
111.584	0.008338
111.779	0.008526
111.974	0.007768
112.168	0.00744
112.363	0.007954
112.558	0.008159
112.753	0.008011
112.947	0.007194
113.142	0.00687
113.337	0.006842
113.532	0.007073
113.726	0.007207
113.921	0.006857
114.116	0.007354
114.311	0.007945
114.505	0.008567
114.7	0.008323
114.895	0.008273
115.089	0.007591
115.284	0.006669
115.479	0.006514
115.674	0.006068
115.868	0.006886
116.063	0.007904
116.258	0.008049
116.453	0.008466
116.647	0.008141
116.842	0.007978
117.037	0.007453
117.232	0.007045
117.426	0.007154
117.621	0.0077
117.816	0.00895
118.011	0.009618
118.205	0.009322
118.4	0.009669
118.595	0.008526
118.789	0.007752
118.984	0.007495
119.179	0.007844
119.374	0.008505
119.568	0.008412
119.763	0.008732
119.958	0.008999
120.153	0.008648
120.347	0.00824
120.542	0.008154
120.737	0.008292
120.932	0.008897
121.126	0.008174
121.321	0.008443
121.516	0.008214
121.711	0.008576
121.905	0.008059
122.1	0.008343
122.295	0.008385
122.489	0.008331
122.684	0.009387
122.879	0.009433
123.074	0.009746
123.268	0.009111
123.463	0.009198
123.658	0.009367
123.853	0.009299
124.047	0.010154
124.242	0.01039
124.437	0.010004
124.632	0.010125
124.826	0.009386
125.021	0.009403
125.216	0.009867
125.411	0.009884
125.605	0.009564
125.8	0.009401
125.995	0.009609
126.189	0.009038
126.384	0.00841
126.579	0.008567
126.774	0.008432
126.968	0.007778
127.163	0.00749
127.358	0.00653
127.553	0.006434
127.747	0.0068
127.942	0.007747
128.137	0.008586
128.332	0.009742
128.526	0.009459
128.721	0.009684
128.916	0.009949
129.111	0.010253
129.305	0.010909
129.5	0.010171
129.695	0.009263
129.889	0.009087
130.084	0.009841
130.279	0.010714
130.474	0.009359
130.668	0.008969
130.863	0.009452
131.058	0.009657
131.253	0.009425
131.447	0.00922
131.642	0.00926
131.837	0.009146
132.032	0.009115
132.226	0.008411
132.421	0.007728
132.616	0.008327
132.811	0.00874
133.005	0.009066
133.2	0.009518
133.395	0.009924
133.589	0.009801
133.784	0.008698
133.979	0.008101
134.174	0.007887
134.368	0.007752
134.563	0.007327
134.758	0.008236
134.953	0.008485
135.147	0.008871
135.342	0.008904
135.537	0.009247
135.732	0.00909
135.926	0.008887
136.121	0.009792
136.316	0.010184
136.511	0.010902
136.705	0.011697
136.9	0.011867
137.095	0.010015
137.289	0.009294
137.484	0.009638
137.679	0.009691
137.874	0.010464
138.068	0.010649
138.263	0.011133
138.458	0.010468
138.653	0.009345
138.847	0.009922
139.042	0.010088
139.237	0.010229
139.432	0.011044
139.626	0.010705
139.821	0.010661
140.016	0.010922

&

