0.194737	-0.004132
0.389474	-0.006021
0.584211	-0.028363
0.778947	-0.04775
0.973684	-0.059009
1.16842	-0.056628
1.36316	-0.055446
1.5579	-0.043003
1.75263	-0.031342
1.94737	-0.0229
2.1421	-0.021576
2.33684	-0.031944
2.53158	-0.036209
2.72632	-0.045268
2.92105	-0.048401
3.11579	-0.053976
3.31053	-0.053071
3.50526	-0.044579
3.7	-0.036532
3.89474	-0.024692
4.08947	-0.026056
4.28421	-0.030307
4.47895	-0.032946
4.67368	-0.046697
4.86842	-0.0619
5.06316	-0.056005
5.2579	-0.032582
5.45263	-0.03843
5.64737	-0.043743
5.84211	-0.048746
6.03684	-0.05988
6.23158	-0.046303
6.42632	-0.033439
6.62105	-0.029691
6.81579	-0.032605
7.01053	-0.031806
7.20526	-0.031102
7.4	-0.045891
7.59474	-0.051389
7.78947	-0.067089
7.98421	-0.054049
8.17895	-0.036375
8.37368	-0.028334
8.56842	-0.026311
8.76316	-0.018514
8.9579	-0.020745
9.15263	-0.025766
9.34737	-0.045378
9.5421	-0.059598
9.73684	-0.054355
9.93158	-0.032878
10.1263	-0.017778
10.3211	-0.017139
10.5158	-0.024281
10.7105	-0.033469
10.9053	-0.033045
11.1	-0.040718
11.2947	-0.031065
11.4895	-0.030844
11.6842	-0.044664
11.8789	-0.054387
12.0737	-0.048697
12.2684	-0.045687
12.4632	-0.045993
12.6579	-0.040928
12.8526	-0.039817
13.0474	-0.042059
13.2421	-0.041595
13.4368	-0.049509
13.6316	-0.057766
13.8263	-0.053334
14.0211	-0.05311
14.2158	-0.044338
14.4105	-0.031958
14.6053	-0.027225
14.8	-0.031035
14.9947	-0.049017
15.1895	-0.055456
15.3842	-0.06307
15.5789	-0.045747
15.7737	-0.030023
15.9684	-0.02732
16.1632	-0.035855
16.3579	-0.044928
16.5526	-0.056797
16.7474	-0.063331
16.9421	-0.060537
17.1368	-0.041532
17.3316	-0.014722
17.5263	-0.011921
17.7211	-0.015676
17.9158	-0.030549
18.1105	-0.049374
18.3053	-0.055254
18.5	-0.028314
18.6947	-0.018704
18.8895	-0.013624
19.0842	-0.019852
19.2789	-0.026246
19.4737	-0.026329
19.6684	-0.038444
19.8632	-0.039158
20.0579	-0.019366
20.2526	-0.028302
20.4474	-0.029954
20.6421	-0.045999
20.8368	-0.055043
21.0316	-0.078418
21.2263	-0.05066
21.4211	-0.039712
21.6158	-0.031297
21.8105	-0.039205
22.0053	-0.031086
22.2	-0.03143
22.3947	-0.045237
22.5895	-0.035041
22.7842	-0.04795
22.9789	-0.04382
23.1737	-0.04632
23.3684	-0.029398
23.5632	-0.013022
23.7579	-0.006598
23.9526	-0.034026
24.1474	-0.039704
24.3421	-0.038827
24.5368	-0.030337
24.7316	-0.0343
24.9263	-0.026147
25.1211	-0.0355
25.3158	-0.035615
25.5105	-0.016769
25.7053	-0.019373
25.9	-0.031272
26.0947	-0.05382
26.2895	-0.046921
26.4842	-0.054387
26.6789	-0.033241
26.8737	-0.030634
27.0684	-0.041084
27.2632	-0.038769
27.4579	-0.039227
27.6526	-0.04268
27.8474	-0.039397
28.0421	-0.038339
28.2368	-0.028486
28.4316	-0.005082
28.6263	-0.021179
28.8211	-0.044282
29.0158	-0.050109
29.2105	-0.042701
29.4053	-0.043839
29.6	-0.039486
29.7947	-0.047243
29.9895	-0.068507
30.1842	-0.044289
30.3789	-0.032373
30.5737	-0.007622
30.7684	-0.023913
30.9632	-0.033695
31.1579	-0.046819
31.3526	-0.043919
31.5474	-0.043558
31.7421	-0.036395
31.9368	0.000542
32.1316	-0.046845
32.3263	-0.097732
32.5211	-0.07646
32.7158	-0.067807
32.9105	-0.04957
33.1053	-0.033097
33.3	-0.046771
33.4947	-0.075957
33.6895	-0.060809
33.8842	-0.057893
34.0789	-0.056975
34.2737	-0.05657
34.4684	-0.031106
34.6632	-0.02031
34.8579	-0.034396
35.0526	-0.051924
35.2474	-0.035878
35.4421	-0.02245
35.6368	-0.021606
35.8316	-0.009685
36.0263	-0.020595
36.2211	-0.041378
36.4158	-0.042616
36.6105	-0.034196
36.8053	-0.010836
37.0	-0.013134
37.1947	-0.021012
37.3895	-0.025463
37.5842	-0.022633
37.7789	-0.040483
37.9737	-0.04722
38.1684	-0.049507
38.3632	-0.031969
38.5579	-0.010309
38.7526	-0.035873
38.9474	-0.04562
39.1421	-0.062315
39.3368	-0.048947
39.5316	-0.022596
39.7263	-0.001872
39.9211	-0.029811
40.1158	-0.021294
40.3105	-0.021716
40.5053	-0.044628
40.7	-0.025497
40.8947	-0.067744
41.0895	-0.070626
41.2842	-0.077354
41.4789	-0.058372
41.6737	-0.028994
41.8684	0.006743
42.0632	0.025479
42.2579	0.003117
42.4526	-0.029464
42.6474	-0.030807
42.8421	-0.035512
43.0368	-0.050749
43.2316	-0.044939
43.4263	-0.032921
43.6211	-0.032617
43.8158	-0.023736
44.0105	-0.026279
44.2053	-0.026413
44.4	-0.033991
44.5947	-0.038398
44.7895	-0.047001
44.9842	-0.047912
45.1789	-0.045563
45.3737	-0.027396
45.5684	-0.042843
45.7632	-0.036662
45.9579	-0.039158
46.1526	-0.029457
46.3474	-0.031703
46.5421	-0.045631
46.7368	-0.022078
46.9316	-0.044437
47.1263	-0.01412
47.3211	-0.005939
47.5158	-0.029563
47.7105	-0.05195
47.9053	-0.051218
48.1	-0.048164
48.2947	-0.036444
48.4895	-0.031464
48.6842	-0.027885
48.8789	-0.031832
49.0737	-0.050333
49.2684	-0.056672
49.4632	-0.064385
49.6579	-0.060028
49.8526	-0.044833
50.0474	-0.028867
50.2421	-0.046809
50.4368	-0.064735
50.6316	-0.072818
50.8263	-0.032799
51.0211	0.001113
51.2158	0.002237
51.4105	-0.006875
51.6053	-0.050039
51.8	-0.083507
51.9947	-0.094322
52.1895	-0.091205
52.3842	-0.042791
52.5789	-0.006731
52.7737	0.036445
52.9684	0.001095
53.1632	-0.020445
53.3579	-0.046777
53.5526	-0.084279
53.7474	-0.060651
53.9421	-0.053812
54.1368	-0.052001
54.3316	-0.027013
54.5263	-0.010511
54.7211	-0.018628
54.9158	-0.037683
55.1105	-0.038256
55.3053	-0.008511
55.5	-0.010693
55.6947	-0.057766
55.8895	-0.062531
56.0842	-0.028461
56.2789	-0.027702
56.4737	-0.057442
56.6684	-0.069102
56.8632	-0.06416
57.0579	-0.037513
57.2526	-0.00099
57.4474	-0.009351
57.6421	-0.00656
57.8368	-0.006382
58.0316	-0.014265
58.2263	-0.050891
58.4211	-0.070168
58.6158	-0.096479
58.8105	-0.051382
59.0053	-0.055068
59.2	-0.072335
59.3947	-0.047573
59.5895	-0.024442
59.7842	-0.03955
59.9789	-0.021361
60.1737	-0.007608
60.3684	-0.018586
60.5632	-0.032162
60.7579	-0.043032
60.9526	-0.035397
61.1474	-0.028493
61.3421	-0.017092
61.5368	-7e-05
61.7316	-0.026028
61.9263	-0.038562
62.1211	-0.059046
62.3158	-0.064524
62.5105	-0.04158
62.7053	-0.024799
62.9	-0.015599
63.0947	-0.01705
63.2895	-0.003441
63.4842	-0.009937
63.6789	-0.039928
63.8737	-0.044462
64.0684	-0.046982
64.2632	-0.024751
64.4579	-0.001564
64.6526	-0.030203
64.8474	-0.005389
65.0421	-0.027235
65.2368	-0.053843
65.4316	-0.079181
65.6263	-0.034986
65.8211	-0.004723
66.0158	-0.023873
66.2105	-0.011352
66.4053	-0.029428
66.6	-0.024264
66.7947	-0.070345
66.9895	-0.048723
67.1842	-0.055051
67.3789	-0.058468
67.5737	-0.023054
67.7684	-0.012825
67.9632	0.021959
68.1579	0.002793
68.3526	-0.001776
68.5474	-0.037063
68.7421	-0.069531
68.9368	-0.046022
69.1316	-0.028455
69.3263	-0.024837
69.5211	-0.005118
69.7158	-0.016775
69.9105	-0.037955
70.1053	-0.076859
70.3	-0.059604
70.4947	-0.05404
70.6895	-0.042137
70.8842	-0.034723
71.0789	-0.025553
71.2737	-0.026863
71.4684	-0.031347
71.6632	-0.019748
71.8579	-0.036882
72.0526	-0.02265
72.2474	-0.052407
72.4421	-0.064017
72.6368	-0.041462
72.8316	-0.039006
73.0263	-0.006853
73.2211	-0.001528
73.4158	-0.033949
73.6105	-0.054377
73.8053	-0.042709
74.0	-0.057903
74.1947	-0.03753
74.3895	-0.007457
74.5842	-0.028898
74.7789	-0.021985
74.9737	-0.034665
75.1684	-0.042639
75.3632	-0.057321
75.5579	-0.040353
75.7526	-0.040793
75.9474	-0.011811
76.1421	-0.015263
76.3368	-0.028687
76.5316	-0.035359
76.7263	-0.0321
76.9211	-0.029617
77.1158	-0.044016
77.3105	-0.036085
77.5053	-0.046181
77.7	-0.037419
77.8947	-0.045549
78.0895	-0.009306
78.2842	-0.03732
78.4789	-0.033533
78.6737	-0.010041
78.8684	-0.025741
79.0632	-0.022006
79.2579	-0.053635
79.4526	-0.056082
79.6474	-0.059864
79.8421	-0.035573
80.0368	-0.015863
80.2316	-0.028835
80.4263	-0.048087
80.6211	-0.037844
80.8158	-0.02986
81.0105	-0.023502
81.2053	-0.061381
81.4	-0.05975
81.5947	-0.058805
81.7895	-0.048538
81.9842	-0.026247
82.1789	-0.009469
82.3737	-0.009946
82.5684	0.012096
82.7632	-0.016132
82.9579	0.000942
83.1526	-0.016604
83.3474	-0.048079
83.5421	-0.073089
83.7368	-0.102188
83.9316	-0.069693
84.1263	-0.068492
84.3211	-0.050114
84.5158	-0.033731
84.7105	-0.058608
84.9053	-0.0409
85.1	-0.024827
85.2947	-0.029103
85.4895	-0.018669
85.6842	0.011594
85.8789	-0.000237
86.0737	-0.040082
86.2684	-0.094771
86.4632	-0.062412
86.6579	-0.023518
86.8526	-0.021297
87.0474	-0.012057
87.2421	-0.052452
87.4368	-0.053501
87.6316	-0.067876
87.8263	-0.061675
88.0211	-0.064657
88.2158	-0.074643
88.4105	-0.066472
88.6053	-0.03726
88.8	-0.045356
88.9947	-0.039923
89.1895	-0.053767
89.3842	-0.056357
89.5789	-0.040928
89.7737	-0.036657
89.9684	-0.009086
90.1632	-0.010446
90.3579	0.00086
90.5526	-0.004034
90.7474	-0.030854
90.9421	-0.025924
91.1368	-0.051794
91.3316	-0.033988
91.5263	-0.032561
91.7211	-0.000902
91.9158	-0.007468
92.1105	-0.032936
92.3053	-0.054674
92.5	-0.042882
92.6947	-0.01898
92.8895	-0.031026
93.0842	-0.020913
93.2789	-0.009891
93.4737	-0.047006
93.6684	-0.067864
93.8632	-0.035165
94.0579	-0.02848
94.2526	-0.01924
94.4474	-0.038106
94.6421	-0.069951
94.8368	-0.055925
95.0316	-0.049338
95.2263	-0.040655
95.4211	-0.034656
95.6158	-0.013313
95.8105	0.010939
96.0053	-0.018133
96.2	-0.067153
96.3947	-0.057379
96.5895	-0.092299
96.7842	-0.075139
96.9789	-0.052416
97.1737	-0.028434
97.3684	-0.015495
97.5632	-0.018201
97.7579	-0.064174
97.9526	-0.061122
98.1474	-0.086096
98.3421	-0.06336
98.5368	-0.047031
98.7316	-0.012909
98.9263	0.011179
99.1211	-0.023327
99.3158	-0.02968
99.5105	-0.013242
99.7053	-0.018562
99.9	-0.013459
100.095	-0.06512
100.289	-0.065519
100.484	-0.06428
100.679	-0.069193
100.874	-0.03878
101.068	-0.027802
101.263	-0.044791
101.458	-0.041981
101.653	-0.013651
101.847	-0.030643
102.042	-0.021358
102.237	-0.018238
102.432	-0.064358
102.626	-0.053611
102.821	-0.039801
103.016	-0.055074
103.211	-0.029879
103.405	-0.030374
103.6	0.007652
103.795	-0.021873
103.989	-0.004168
104.184	-0.02065
104.379	-0.035191
104.574	-0.012776
104.768	-0.019646
104.963	-0.036877
105.158	-0.070355
105.353	-0.066953
105.547	-0.044313
105.742	-0.007033
105.937	0.001696
106.132	-0.012114
106.326	-0.073907
106.521	-0.133212
106.716	-0.100813
106.911	-0.021098
107.105	0.015434
107.3	0.015127
107.495	-0.010424
107.689	-0.023064
107.884	-0.087774
108.079	-0.084387
108.274	-0.085629
108.468	-0.048159
108.663	-0.019216
108.858	0.003015
109.053	0.005432
109.247	-0.045076
109.442	-0.084823
109.637	-0.084058
109.832	-0.084749
110.026	-0.065379
110.221	-0.04875
110.416	-0.029584
110.611	-0.023999
110.805	0.017013
111.0	-0.015544
111.195	-0.041703
111.389	-0.055258
111.584	-0.061016
111.779	-0.050242
111.974	-0.018596
112.168	-0.001846
112.363	-0.034405
112.558	-0.067076
112.753	-0.077291
112.947	-0.034821
113.142	-0.02081
113.337	-0.014935
113.532	0.000217
113.726	-0.013353
113.921	-0.074978
114.116	-0.084467
114.311	-0.039612
114.505	-0.04167
114.7	-0.02061
114.895	-0.032186
115.089	-0.067214
115.284	-0.060274
115.479	-0.057194
115.674	-0.010244
115.868	0.015205
116.063	-0.002296
116.258	-0.062689
116.453	-0.093077
116.647	-0.081826
116.842	-0.04055
117.037	0.002989
117.232	0.001306
117.426	-0.027826
117.621	-0.0555
117.816	-0.053359
118.011	-0.034767
118.205	-0.046496
118.4	-0.017355
118.595	-0.02457
118.789	-0.069794
118.984	-0.019669
119.179	-0.014628
119.374	0.012005
119.568	0.021865
119.763	-0.01101
119.958	-0.049295
120.153	-0.060203
120.347	-0.058379
120.542	-0.038521
120.737	-0.048377
120.932	-0.017704
121.126	-0.037472
121.321	-0.032904
121.516	-0.03079
121.711	-0.043551
121.905	-0.022315
122.1	-0.050926
122.295	-0.037911
122.489	-0.012991
122.684	-0.018627
122.879	-0.026924
123.074	-0.004125
123.268	-0.003643
123.463	-0.004969
123.658	0.007995
123.853	-0.018385
124.047	-0.04151
124.242	-0.065931
124.437	-0.074233
124.632	-0.07553
124.826	-0.05188
125.021	-0.03708
125.216	-0.037206
125.411	-0.034499
125.605	-0.055964
125.8	-0.051045
125.995	-0.025283
126.189	-0.026868
126.384	-0.04958
126.579	-0.0239
126.774	0.00758
126.968	0.002194
127.163	-0.027137
127.358	-0.034917
127.553	-0.034766
127.747	-0.027338
127.942	-0.046426
128.137	-0.041248
128.332	-0.039016
128.526	-0.019058
128.721	-0.065758
128.916	-0.069758
129.111	-0.031923
129.305	-0.00043
129.5	-0.010442
129.695	-0.016646
129.889	-0.017886
130.084	-0.033608
130.279	-0.018543

&

0.194737	0.00316
0.389474	-0.019698
0.584211	-0.033867
0.778947	-0.027458
0.973684	-0.01543
1.16842	-0.002922
1.36316	0.006237
1.5579	0.011131
1.75263	0.007379
1.94737	-0.002488
2.1421	-0.014339
2.33684	-0.009265
2.53158	-0.013014
2.72632	-0.008467
2.92105	-0.015395
3.11579	-0.005033
3.31053	0.004199
3.50526	0.011035
3.7	0.014603
3.89474	0.001611
4.08947	-0.008549
4.28421	-0.01347
4.47895	-0.028406
4.67368	-0.029278
4.86842	-0.022731
5.06316	-0.003038
5.2579	-0.002093
5.45263	-0.013787
5.64737	-0.019343
5.84211	-0.021948
6.03684	-0.009513
6.23158	0.009428
6.42632	0.004347
6.62105	0.000887
6.81579	-0.007219
7.01053	-0.023654
7.20526	-0.022755
7.4	-0.019062
7.59474	-0.017013
7.78947	-0.006207
7.98421	0.010131
8.17895	0.008727
8.37368	-0.016611
8.56842	-0.002079
8.76316	-0.018255
8.9579	-0.024457
9.15263	-0.02143
9.34737	-0.017321
9.5421	-0.01121
9.73684	0.0158
9.93158	0.022394
10.1263	0.007167
10.3211	-0.005334
10.5158	-0.02124
10.7105	-0.020796
10.9053	-0.010702
11.1	-0.010552
11.2947	-0.002894
11.4895	-0.011748
11.6842	-0.017207
11.8789	-0.015886
12.0737	-0.013963
12.2684	-0.013316
12.4632	-0.008423
12.6579	-0.004342
12.8526	-0.007435
13.0474	-0.003906
13.2421	-0.012881
13.4368	-0.015737
13.6316	-0.009704
13.8263	0.003122
14.0211	0.007135
14.2158	0.004639
14.4105	0.017069
14.6053	-0.001096
14.8	-0.028889
14.9947	-0.020038
15.1895	-0.012621
15.3842	-0.0005
15.5789	0.011475
15.7737	0.009196
15.9684	-0.004469
16.1632	-0.015393
16.3579	-0.02291
16.5526	-0.008508
16.7474	-0.003153
16.9421	0.0225
17.1368	0.016759
17.3316	-0.013532
17.5263	0.004095
17.7211	-0.008496
17.9158	-0.016374
18.1105	-0.016388
18.3053	0.000779
18.5	0.016531
18.6947	0.001076
18.8895	-0.008791
19.0842	-0.010569
19.2789	-0.012022
19.4737	-0.019158
19.6684	-0.021631
19.8632	-0.010765
20.0579	-0.005097
20.2526	-0.023968
20.4474	-0.034446
20.6421	-0.023062
20.8368	-0.021014
21.0316	-0.031212
21.2263	0.008956
21.4211	0.014565
21.6158	0.00421
21.8105	-0.010824
22.0053	-0.014163
22.2	0.000484
22.3947	0.004412
22.5895	-0.000714
22.7842	-0.002176
22.9789	-0.010751
23.1737	-0.008348
23.3684	0.011416
23.5632	-0.006349
23.7579	-0.033016
23.9526	-0.028809
24.1474	-0.019387
24.3421	-0.017409
24.5368	-0.014378
24.7316	-0.019093
24.9263	-0.002668
25.1211	-0.010165
25.3158	0.004967
25.5105	-0.017882
25.7053	-0.020658
25.9	-0.036394
26.0947	-0.011178
26.2895	0.008384
26.4842	0.017246
26.6789	0.019951
26.8737	-0.003648
27.0684	-0.004666
27.2632	-0.015452
27.4579	-0.022697
27.6526	-0.006816
27.8474	-0.006649
28.0421	0.00613
28.2368	0.001192
28.4316	-0.009236
28.6263	-0.04257
28.8211	-0.03703
29.0158	-0.028605
29.2105	-0.014017
29.4053	-0.008883
29.6	-0.021358
29.7947	-0.023682
29.9895	-0.01243
30.1842	0.012491
30.3789	-0.009831
30.5737	-0.007777
30.7684	-0.010806
30.9632	-0.020104
31.1579	-0.015269
31.3526	-0.011152
31.5474	0.019659
31.7421	0.022715
31.9368	-0.01046
32.1316	-0.0572
32.3263	-0.025782
32.5211	-0.003597
32.7158	0.011393
32.9105	0.008453
33.1053	0.009248
33.3	-0.026084
33.4947	-0.025579
33.6895	-0.009337
33.8842	0.001755
34.0789	-0.003373
34.2737	-0.004641
34.4684	0.003198
34.6632	-0.033319
34.8579	-0.019559
35.0526	-0.010401
35.2474	0.022849
35.4421	0.01411
35.6368	0.009031
35.8316	-0.006216
36.0263	-0.023891
36.2211	-0.024773
36.4158	-0.009168
36.6105	0.013146
36.8053	0.012665
37.0	0.010784
37.1947	-0.008731
37.3895	-0.016758
37.5842	-0.017911
37.7789	-0.022605
37.9737	-0.005218
38.1684	-0.01197
38.3632	0.008595
38.5579	-0.023556
38.7526	-0.023738
38.9474	-0.015647
39.1421	0.002105
39.3368	0.026336
39.5316	0.03462
39.7263	-0.006149
39.9211	-0.012291
40.1158	-0.015758
40.3105	-0.008635
40.5053	-0.02924
40.7	-0.04665
40.8947	-0.049563
41.0895	-0.030569
41.2842	-0.002095
41.4789	0.019748
41.6737	0.060138
41.8684	0.033196
42.0632	-0.000227
42.2579	-0.024655
42.4526	-0.041048
42.6474	-0.025845
42.8421	-0.027256
43.0368	-0.006083
43.2316	-0.000292
43.4263	-0.028813
43.6211	0.003349
43.8158	-0.01131
44.0105	-0.014133
44.2053	0.005698
44.4	-0.018442
44.5947	-0.018538
44.7895	-0.031153
44.9842	-0.033079
45.1789	0.005409
45.3737	-0.003072
45.5684	-0.011348
45.7632	0.005138
45.9579	0.004881
46.1526	-0.001962
46.3474	-0.012368
46.5421	0.016637
46.7368	0.01732
46.9316	0.000198
47.1263	-0.004442
47.3211	-0.015548
47.5158	-0.029779
47.7105	-0.043743
47.9053	-0.013885
48.1	-0.00661
48.2947	-0.016443
48.4895	-0.015332
48.6842	-0.015754
48.8789	-0.022227
49.0737	-0.024694
49.2684	-0.010373
49.4632	-0.027358
49.6579	-0.001576
49.8526	0.001235
50.0474	-0.011341
50.2421	-0.023558
50.4368	-0.01898
50.6316	0.013243
50.8263	0.043392
51.0211	0.021992
51.2158	-0.02751
51.4105	-0.052938
51.6053	-0.076075
51.8	-0.052975
51.9947	-0.023548
52.1895	0.016662
52.3842	0.055463
52.5789	0.031149
52.7737	0.009738
52.9684	-0.032426
53.1632	-0.048155
53.3579	-0.040018
53.5526	-0.022929
53.7474	-0.020662
53.9421	-0.007932
54.1368	0.015856
54.3316	0.010266
54.5263	-0.007082
54.7211	-0.000911
54.9158	0.001826
55.1105	0.018827
55.3053	0.002239
55.5	-0.015945
55.6947	-0.019417
55.8895	0.009835
56.0842	-0.006174
56.2789	-0.026939
56.4737	-0.024625
56.6684	-0.000552
56.8632	0.009977
57.0579	0.029291
57.2526	0.0104
57.4474	-0.038889
57.6421	-0.016683
57.8368	-0.025844
58.0316	-0.034524
58.2263	-0.041964
58.4211	-0.027371
58.6158	-0.011599
58.8105	-0.002321
59.0053	-0.018065
59.2	-0.011347
59.3947	-0.003085
59.5895	0.002755
59.7842	0.017971
59.9789	0.007872
60.1737	-0.001318
60.3684	-0.02414
60.5632	-0.037997
60.7579	-0.010421
60.9526	-0.007093
61.1474	0.005628
61.3421	0.014327
61.5368	0.007307
61.7316	-0.012925
61.9263	-0.051021
62.1211	-0.01751
62.3158	-0.004635
62.5105	0.01034
62.7053	0.011119
62.9	0.001913
63.0947	-0.006442
63.2895	-0.018866
63.4842	-0.019112
63.6789	-0.029548
63.8737	-0.031881
64.0684	-0.00228
64.2632	0.002075
64.4579	0.005419
64.6526	-0.022061
64.8474	-0.030848
65.0421	-0.034794
65.2368	-0.020328
65.4316	0.00025
65.6263	0.005797
65.8211	-1.7e-05
66.0158	-0.020979
66.2105	-0.030285
66.4053	-0.043612
66.6	-0.073816
66.7947	-0.030363
66.9895	-0.003066
67.1842	-0.020621
67.3789	-0.016038
67.5737	0.004752
67.7684	0.013042
67.9632	-0.01419
68.1579	-0.066906
68.3526	-0.060829
68.5474	-0.045323
68.7421	-0.013696
68.9368	0.012673
69.1316	-0.005212
69.3263	-0.004413
69.5211	-0.003923
69.7158	-0.032693
69.9105	-0.045804
70.1053	-0.01695
70.3	-0.010805
70.4947	-0.004621
70.6895	-0.025381
70.8842	-0.007614
71.0789	-0.032422
71.2737	-0.038202
71.4684	-0.00682
71.6632	-0.001683
71.8579	-0.011976
72.0526	-0.048732
72.2474	-0.0374
72.4421	-0.001992
72.6368	0.003765
72.8316	-0.001853
73.0263	-0.009908
73.2211	-0.024333
73.4158	-0.022443
73.6105	-0.021061
73.8053	0.012981
74.0	0.015016
74.1947	0.024295
74.3895	0.029625
74.5842	0.035457
74.7789	0.014725
74.9737	-0.018276
75.1684	-0.02159
75.3632	-0.011794
75.5579	-0.016272
75.7526	0.002609
75.9474	0.004678
76.1421	-0.0004
76.3368	-0.008399
76.5316	-0.018208
76.7263	-0.008319
76.9211	-0.028708
77.1158	-0.055124
77.3105	-0.042306
77.5053	-0.010976
77.7	-0.006582
77.8947	0.004377
78.0895	0.02786
78.2842	0.001613
78.4789	0.005817
78.6737	-0.024232
78.8684	-0.034475
79.0632	-0.049343
79.2579	-0.028567
79.4526	-0.007386
79.6474	0.002932
79.8421	0.009554
80.0368	0.005594
80.2316	-0.029033
80.4263	-0.019027
80.6211	-0.013221
80.8158	-0.005996
81.0105	-0.006787
81.2053	-0.027915
81.4	-0.024465
81.5947	-0.014056
81.7895	-0.001766
81.9842	0.026215
82.1789	0.021317
82.3737	0.019812
82.5684	0.011375
82.7632	-0.027243
82.9579	-0.030432
83.1526	-0.04097
83.3474	-0.050246
83.5421	-0.039452
83.7368	-0.01609
83.9316	-0.010248
84.1263	0.015771
84.3211	0.015603
84.5158	-0.013191
84.7105	-0.026599
84.9053	-0.007016
85.1	0.00522
85.2947	-0.014971
85.4895	-0.002086
85.6842	-0.02129
85.8789	-0.042796
86.0737	-0.054779
86.2684	-0.037599
86.4632	0.012802
86.6579	0.00088
86.8526	0.00352
87.0474	0.004744
87.2421	-0.046513
87.4368	-0.029943
87.6316	-0.069744
87.8263	-0.056739
88.0211	-0.073001
88.2158	-0.010071
88.4105	0.025827
88.6053	0.031011
88.8	-0.001704
88.9947	0.008646
89.1895	-0.001064
89.3842	-0.001144
89.5789	0.00971
89.7737	0.01919
89.9684	-0.007823
90.1632	-0.000348
90.3579	-0.014135
90.5526	-0.011485
90.7474	-0.008589
90.9421	-0.0109
91.1368	-0.025898
91.3316	-0.005497
91.5263	0.008546
91.7211	0.005451
91.9158	-0.01739
92.1105	-0.020417
92.3053	-0.002529
92.5	0.015262
92.6947	0.027291
92.8895	0.013144
93.0842	-0.010518
93.2789	-0.044305
93.4737	-0.039613
93.6684	-0.019276
93.8632	-0.00754
94.0579	-0.002897
94.2526	-0.014937
94.4474	-0.039002
94.6421	-0.03424
94.8368	-0.005587
95.0316	0.014084
95.2263	0.017607
95.4211	0.046245
95.6158	-0.004034
95.8105	-0.026501
96.0053	-0.0539
96.2	-0.055022
96.3947	-0.039162
96.5895	-0.021732
96.7842	0.030023
96.9789	0.052022
97.1737	0.050968
97.3684	0.016514
97.5632	-0.02617
97.7579	-0.034348
97.9526	-0.033767
98.1474	-0.003179
98.3421	0.024185
98.5368	0.029684
98.7316	0.030523
98.9263	-0.012584
99.1211	-0.047157
99.3158	-0.043417
99.5105	-0.030725
99.7053	-0.016175
99.9	-0.049975
100.095	-0.041538
100.289	-0.026859
100.484	0.008509
100.679	-0.012598
100.874	-0.017061
101.068	-0.025536
101.263	-0.019539
101.458	-0.00794
101.653	-0.028302
101.847	-0.030325
102.042	-0.015345
102.237	-0.014
102.432	-0.015558
102.626	-0.004836
102.821	0.01212
103.016	0.019063
103.211	-0.006546
103.405	0.012933
103.6	0.021374
103.795	0.002406
103.989	0.008255
104.184	-0.004789
104.379	0.011524
104.574	-0.014311
104.768	-0.025376
104.963	-0.04144
105.158	-0.038768
105.353	-0.000788
105.547	0.017245
105.742	-0.014141
105.937	-0.032242
106.132	-0.074906
106.326	-0.083847
106.521	-0.015432
106.716	0.052512
106.911	0.057839
107.105	0.039283
107.3	-0.033023
107.495	-0.063877
107.689	-0.072593
107.884	-0.049026
108.079	-0.003852
108.274	0.031746
108.468	0.033595
108.663	0.052053
108.858	0.019514
109.053	-0.037255
109.247	-0.049999
109.442	-0.028806
109.637	-0.003119
109.832	-0.005378
110.026	0.008199
110.221	0.02149
110.416	0.012778
110.611	0.014047
110.805	0.008032
111.0	-0.051023
111.195	-0.062393
111.389	-0.030399
111.584	0.026785
111.779	0.0427
111.974	0.021219
112.168	-0.041984
112.363	-0.053591
112.558	-0.032631
112.753	-0.000877
112.947	0.036527
113.142	0.005609
113.337	-0.013196
113.532	-0.010509
113.726	-0.056633
113.921	-0.08499
114.116	-0.016587
114.311	-0.002055
114.505	0.026535
114.7	-0.026256
114.895	-0.024347
115.089	-0.044981
115.284	-0.009841
115.479	0.012295
115.674	0.014978
115.868	-0.028924
116.063	-0.056035
116.258	-0.072718
116.453	-0.032021
116.647	-0.003067
116.842	-0.017135
117.037	-0.037449
117.232	-0.046191
117.426	-0.036144
117.621	-0.0356
117.816	-0.017337
118.011	-0.017885
118.205	-0.012382
118.4	-0.000157
118.595	0.010511
118.789	0.012584
118.984	0.02397
119.179	0.028652
119.374	0.007513
119.568	-0.054497
119.763	-0.040594
119.958	-0.031729
120.153	0.014533
120.347	0.017848
120.542	-0.002561
120.737	-0.019526
120.932	-0.013621
121.126	-0.007994
121.321	0.036432
121.516	0.015252
121.711	0.020367
121.905	-0.014774
122.1	-0.004384
122.295	0.004271
122.489	0.003245
122.684	-0.017239
122.879	-0.003844
123.074	0.001607
123.268	0.018001
123.463	0.007226
123.658	0.012153
123.853	-0.05162
124.047	-0.058499
124.242	-0.064025
124.437	-0.023733
124.632	-0.006356
124.826	0.004236
125.021	0.021476
125.216	0.000518
125.411	-0.000405
125.605	0.011898
125.8	-0.006441
125.995	0.001046
126.189	-0.029963
126.384	-0.007671
126.579	0.002136
126.774	0.034869
126.968	-0.012694
127.163	-0.005573
127.358	-0.008731
127.553	-0.018597
127.747	-0.011241
127.942	-0.02752
128.137	-0.017794
128.332	-0.00339
128.526	-0.014666
128.721	0.006874
128.916	0.00419
129.111	0.017241
129.305	-0.001994
129.5	-0.001222
129.695	-0.01292
129.889	-0.035191
130.084	0.005335
130.279	-0.024636

&

0.194737	0.000116
0.389474	0.00032
0.584211	0.000969
0.778947	0.001915
0.973684	0.002408
1.16842	0.002504
1.36316	0.002465
1.5579	0.002233
1.75263	0.001941
1.94737	0.00215
2.1421	0.002178
2.33684	0.00263
2.53158	0.002973
2.72632	0.00321
2.92105	0.003457
3.11579	0.003711
3.31053	0.003884
3.50526	0.00353
3.7	0.00312
3.89474	0.002907
4.08947	0.003222
4.28421	0.003462
4.47895	0.00373
4.67368	0.004513
4.86842	0.005041
5.06316	0.005274
5.2579	0.005412
5.45263	0.005499
5.64737	0.006002
5.84211	0.006285
6.03684	0.006667
6.23158	0.006713
6.42632	0.006563
6.62105	0.00654
6.81579	0.006543
7.01053	0.006789
7.20526	0.007249
7.4	0.007942
7.59474	0.008219
7.78947	0.008738
7.98421	0.008569
8.17895	0.008205
8.37368	0.008048
8.56842	0.008583
8.76316	0.008612
8.9579	0.009177
9.15263	0.009943
9.34737	0.010556
9.5421	0.011054
9.73684	0.011245
9.93158	0.010482
10.1263	0.010155
10.3211	0.010185
10.5158	0.010458
10.7105	0.011183
10.9053	0.011534
11.1	0.011936
11.2947	0.012174
11.4895	0.012256
11.6842	0.012718
11.8789	0.013052
12.0737	0.013377
12.2684	0.013626
12.4632	0.013812
12.6579	0.013895
12.8526	0.014131
13.0474	0.014245
13.2421	0.014245
13.4368	0.014546
13.6316	0.014848
13.8263	0.01497
14.0211	0.014833
14.2158	0.014544
14.4105	0.014595
14.6053	0.014082
14.8	0.014417
14.9947	0.015084
15.1895	0.015545
15.3842	0.015573
15.5789	0.015427
15.7737	0.01517
15.9684	0.015172
16.1632	0.015283
16.3579	0.015822
16.5526	0.01604
16.7474	0.016114
16.9421	0.016164
17.1368	0.015675
17.3316	0.015362
17.5263	0.01566
17.7211	0.015993
17.9158	0.016146
18.1105	0.016686
18.3053	0.016947
18.5	0.016879
18.6947	0.016606
18.8895	0.01673
19.0842	0.017216
19.2789	0.017415
19.4737	0.017825
19.6684	0.018585
19.8632	0.019002
20.0579	0.019193
20.2526	0.019647
20.4474	0.02002
20.6421	0.020904
20.8368	0.021529
21.0316	0.021677
21.2263	0.022048
21.4211	0.02191
21.6158	0.02159
21.8105	0.021642
22.0053	0.021758
22.2	0.022322
22.3947	0.022265
22.5895	0.022155
22.7842	0.022278
22.9789	0.022297
23.1737	0.02246
23.3684	0.022663
23.5632	0.022522
23.7579	0.022872
23.9526	0.023961
24.1474	0.024449
24.3421	0.02493
24.5368	0.025285
24.7316	0.025691
24.9263	0.026202
25.1211	0.026449
25.3158	0.026655
25.5105	0.026492
25.7053	0.02715
25.9	0.027847
26.0947	0.028671
26.2895	0.028771
26.4842	0.028527
26.6789	0.028098
26.8737	0.027589
27.0684	0.027896
27.2632	0.027816
27.4579	0.028412
27.6526	0.029058
27.8474	0.02897
28.0421	0.0291
28.2368	0.029084
28.4316	0.029082
28.6263	0.029915
28.8211	0.030803
29.0158	0.031631
29.2105	0.032233
29.4053	0.032392
29.6	0.032538
29.7947	0.033029
29.9895	0.033464
30.1842	0.03354
30.3789	0.033213
30.5737	0.033463
30.7684	0.034132
30.9632	0.034458
31.1579	0.034926
31.3526	0.035254
31.5474	0.035256
31.7421	0.034805
31.9368	0.034697
32.1316	0.035126
32.3263	0.03598
32.5211	0.036292
32.7158	0.03636
32.9105	0.035842
33.1053	0.035711
33.3	0.03533
33.4947	0.03594
33.6895	0.036184
33.8842	0.036287
34.0789	0.036232
34.2737	0.036056
34.4684	0.036052
34.6632	0.035984
34.8579	0.037038
35.0526	0.037495
35.2474	0.037827
35.4421	0.037173
35.6368	0.037044
35.8316	0.037097
36.0263	0.037378
36.2211	0.037845
36.4158	0.038625
36.6105	0.038432
36.8053	0.038573
37.0	0.038509
37.1947	0.038621
37.3895	0.038894
37.5842	0.039409
37.7789	0.040168
37.9737	0.040406
38.1684	0.040174
38.3632	0.040676
38.5579	0.040669
38.7526	0.041316
38.9474	0.041719
39.1421	0.042196
39.3368	0.042188
39.5316	0.041429
39.7263	0.040853
39.9211	0.041179
40.1158	0.041502
40.3105	0.042048
40.5053	0.042302
40.7	0.043045
40.8947	0.044137
41.0895	0.044718
41.2842	0.045497
41.4789	0.04532
41.6737	0.04472
41.8684	0.043656
42.0632	0.04301
42.2579	0.043564
42.4526	0.044537
42.6474	0.045402
42.8421	0.046118
43.0368	0.046815
43.2316	0.046766
43.4263	0.046953
43.6211	0.047472
43.8158	0.047435
44.0105	0.048039
44.2053	0.048153
44.4	0.048177
44.5947	0.048728
44.7895	0.049354
44.9842	0.049975
45.1789	0.050475
45.3737	0.050389
45.5684	0.050611
45.7632	0.050709
45.9579	0.050821
46.1526	0.050691
46.3474	0.050916
46.5421	0.05118
46.7368	0.050815
46.9316	0.050594
47.1263	0.050691
47.3211	0.050924
47.5158	0.05159
47.7105	0.052231
47.9053	0.053188
48.1	0.053327
48.2947	0.053348
48.4895	0.05377
48.6842	0.054144
48.8789	0.054495
49.0737	0.055164
49.2684	0.055449
49.4632	0.056019
49.6579	0.056088
49.8526	0.0561
50.0474	0.056042
50.2421	0.056466
50.4368	0.056715
50.6316	0.057207
50.8263	0.05643
51.0211	0.056025
51.2158	0.055662
51.4105	0.056641
51.6053	0.057871
51.8	0.059445
51.9947	0.060284
52.1895	0.060282
52.3842	0.059636
52.5789	0.058513
52.7737	0.058022
52.9684	0.058454
53.1632	0.059643
53.3579	0.060696
53.5526	0.061503
53.7474	0.061325
53.9421	0.062003
54.1368	0.062011
54.3316	0.061281
54.5263	0.06145
54.7211	0.061861
54.9158	0.062099
55.1105	0.062026
55.3053	0.061765
55.5	0.062261
55.6947	0.062633
55.8895	0.062871
56.0842	0.062692
56.2789	0.062602
56.4737	0.063311
56.6684	0.063875
56.8632	0.063637
57.0579	0.063396
57.2526	0.062701
57.4474	0.062885
57.6421	0.063728
57.8368	0.064354
58.0316	0.065433
58.2263	0.06625
58.4211	0.067066
58.6158	0.067258
58.8105	0.0671
59.0053	0.06727
59.2	0.067586
59.3947	0.067701
59.5895	0.06762
59.7842	0.067859
59.9789	0.067258
60.1737	0.067196
60.3684	0.067658
60.5632	0.068604
60.7579	0.069307
60.9526	0.069427
61.1474	0.069589
61.3421	0.069599
61.5368	0.06951
61.7316	0.069687
61.9263	0.070213
62.1211	0.071213
62.3158	0.071625
62.5105	0.071313
62.7053	0.071299
62.9	0.070827
63.0947	0.071456
63.2895	0.07148
63.4842	0.072122
63.6789	0.073144
63.8737	0.073659
64.0684	0.074242
64.2632	0.074182
64.4579	0.074444
64.6526	0.074444
64.8474	0.075062
65.0421	0.075902
65.2368	0.077069
65.4316	0.077372
65.6263	0.076994
65.8211	0.076769
66.0158	0.077019
66.2105	0.077679
66.4053	0.07851
66.6	0.079718
66.7947	0.081235
66.9895	0.081906
67.1842	0.081898
67.3789	0.082058
67.5737	0.082312
67.7684	0.082276
67.9632	0.082231
68.1579	0.08294
68.3526	0.084845
68.5474	0.086315
68.7421	0.087333
68.9368	0.087389
69.1316	0.086934
69.3263	0.087209
69.5211	0.087604
69.7158	0.087907
69.9105	0.089106
70.1053	0.089953
70.3	0.089715
70.4947	0.090105
70.6895	0.090107
70.8842	0.090686
71.0789	0.090735
71.2737	0.09141
71.4684	0.092546
71.6632	0.092795
71.8579	0.09303
72.0526	0.093433
72.2474	0.094499
72.4421	0.095137
72.6368	0.095064
72.8316	0.094871
73.0263	0.095275
73.2211	0.095223
73.4158	0.09633
73.6105	0.096874
73.8053	0.097288
74.0	0.096804
74.1947	0.096572
74.3895	0.096195
74.5842	0.095702
74.7789	0.095071
74.9737	0.094945
75.1684	0.095387
75.3632	0.096003
75.5579	0.095828
75.7526	0.096168
75.9474	0.09624
76.1421	0.09637
76.3368	0.096556
76.5316	0.097153
76.7263	0.097715
76.9211	0.097806
77.1158	0.098125
77.3105	0.099392
77.5053	0.100397
77.7	0.100667
77.8947	0.100639
78.0895	0.100692
78.2842	0.100432
78.4789	0.100158
78.6737	0.100133
78.8684	0.10107
79.0632	0.101776
79.2579	0.103119
79.4526	0.103681
79.6474	0.103672
79.8421	0.103507
80.0368	0.103609
80.2316	0.103548
80.4263	0.104034
80.6211	0.104498
80.8158	0.104788
81.0105	0.105189
81.2053	0.105329
81.4	0.105726
81.5947	0.105972
81.7895	0.106313
81.9842	0.10631
82.1789	0.105896
82.3737	0.105908
82.5684	0.105525
82.7632	0.105653
82.9579	0.106511
83.1526	0.107446
83.3474	0.108287
83.5421	0.109666
83.7368	0.110059
83.9316	0.110147
84.1263	0.110261
84.3211	0.109654
84.5158	0.109214
84.7105	0.109513
84.9053	0.109906
85.1	0.110286
85.2947	0.110179
85.4895	0.110556
85.6842	0.110624
85.8789	0.111331
86.0737	0.112699
86.2684	0.114039
86.4632	0.114116
86.6579	0.113885
86.8526	0.113916
87.0474	0.114072
87.2421	0.114238
87.4368	0.115195
87.6316	0.115817
87.8263	0.117007
88.0211	0.118178
88.2158	0.119505
88.4105	0.119443
88.6053	0.118338
88.8	0.118007
88.9947	0.118258
89.1895	0.117889
89.3842	0.117972
89.5789	0.117643
89.7737	0.117731
89.9684	0.11726
90.1632	0.117813
90.3579	0.117886
90.5526	0.118736
90.7474	0.11899
90.9421	0.11955
91.1368	0.119725
91.3316	0.120101
91.5263	0.120502
91.7211	0.120066
91.9158	0.12041
92.1105	0.121157
92.3053	0.121603
92.5	0.121782
92.6947	0.121219
92.8895	0.120946
93.0842	0.120645
93.2789	0.12095
93.4737	0.122303
93.6684	0.123084
93.8632	0.123336
94.0579	0.123711
94.2526	0.123683
94.4474	0.124296
94.6421	0.125195
94.8368	0.125531
95.0316	0.12559
95.2263	0.124968
95.4211	0.124997
95.6158	0.123982
95.8105	0.124108
96.0053	0.125171
96.2	0.126348
96.3947	0.127845
96.5895	0.127888
96.7842	0.128388
96.9789	0.127348
97.1737	0.126294
97.3684	0.125369
97.5632	0.125238
97.7579	0.125893
97.9526	0.126518
98.1474	0.126904
98.3421	0.126876
98.5368	0.126052
98.7316	0.125468
98.9263	0.125078
99.1211	0.125698
99.3158	0.127004
99.5105	0.127844
99.7053	0.128874
99.9	0.129219
100.095	0.130565
100.289	0.131174
100.484	0.131695
100.679	0.131374
100.874	0.131207
101.068	0.13188
101.263	0.132388
101.458	0.132684
101.653	0.133188
101.847	0.13379
102.042	0.134386
102.237	0.135017
102.432	0.135435
102.626	0.135791
102.821	0.135607
103.016	0.135281
103.211	0.135105
103.405	0.135098
103.6	0.13483
103.795	0.134785
103.989	0.134869
104.184	0.134985
104.379	0.13546
104.574	0.135315
104.768	0.13565
104.963	0.136523
105.158	0.137149
105.353	0.137658
105.547	0.137772
105.742	0.137502
105.937	0.138222
106.132	0.139024
106.326	0.140811
106.521	0.142109
106.716	0.142128
106.911	0.140194
107.105	0.13937
107.3	0.13918
107.495	0.139967
107.689	0.141513
107.884	0.143565
108.079	0.144195
108.274	0.143852
108.468	0.142943
108.663	0.141934
108.858	0.141187
109.053	0.140941
109.247	0.142481
109.442	0.143327
109.637	0.143575
109.832	0.143332
110.026	0.143264
110.221	0.142914
110.416	0.142326
110.611	0.142278
110.805	0.142171
111.0	0.14209
111.195	0.143401
111.389	0.144821
111.584	0.145452
111.779	0.144803
111.974	0.14379
112.168	0.143615
112.363	0.144704
112.558	0.145875
112.753	0.146359
112.947	0.146147
113.142	0.145403
113.337	0.145496
113.532	0.146061
113.726	0.146408
113.921	0.147995
114.116	0.149514
114.311	0.149676
114.505	0.149721
114.7	0.149169
114.895	0.149992
115.089	0.150378
115.284	0.151387
115.479	0.151073
115.674	0.150815
115.868	0.150634
116.063	0.151812
116.258	0.153329
116.453	0.154534
116.647	0.154867
116.842	0.154666
117.037	0.155044
117.232	0.156066
117.426	0.157403
117.621	0.158339
117.816	0.159082
118.011	0.159304
118.205	0.159945
118.4	0.159996
118.595	0.160343
118.789	0.160195
118.984	0.159262
119.179	0.159229
119.374	0.158842
119.568	0.15907
119.763	0.160679
119.958	0.161873
120.153	0.162541
120.347	0.162145
120.542	0.161843
120.737	0.16147
120.932	0.161833
121.126	0.162251
121.321	0.162481
121.516	0.161922
121.711	0.161897
121.905	0.161406
122.1	0.161966
122.295	0.162027
122.489	0.161758
122.684	0.162052
122.879	0.16245
123.074	0.162741
123.268	0.163222
123.463	0.162923
123.658	0.162976
123.853	0.163102
124.047	0.164353
124.242	0.165697
124.437	0.166907
124.632	0.166843
124.826	0.166999
125.021	0.166842
125.216	0.166411
125.411	0.166478
125.605	0.166523
125.8	0.166179
125.995	0.166113
126.189	0.166376
126.384	0.167163
126.579	0.16723
126.774	0.167287
126.968	0.166857
127.163	0.167595
127.358	0.167981
127.553	0.168291
127.747	0.168253
127.942	0.168748
128.137	0.169452
128.332	0.169769
128.526	0.169707
128.721	0.170342
128.916	0.170196
129.111	0.169747
129.305	0.169614
129.5	0.169898
129.695	0.170248
129.889	0.170599
130.084	0.171406
130.279	0.171649

&

