0.2	0.0
0.4	-0.007049
0.6	0.001945
0.8	-0.000729
1.0	-0.004132
1.2	-0.000243
1.4	-0.004375
1.6	0.004618
1.8	0.01507
2.0	0.015556
2.2	0.026737
2.4	0.026737
2.6	0.017501
2.8	0.009966
3.0	0.013612
3.2	0.022848
3.4	0.008264
3.6	0.018959
3.8	0.008264
4.0	0.026008
4.2	0.010209
4.4	0.001458
4.6	-0.009236
4.8	-0.013855
5.0	-0.022362
5.2	-0.028195
5.4	0.010209
5.6	0.019931
5.8	0.008264
6.0	0.001458
6.2	-0.028681
6.4	-0.023577
6.6	-0.022848
6.8	-0.006806
7.0	-0.018473
7.2	-0.011667
7.4	0.009723
7.6	-0.005834
7.8	0.019931
8.0	0.018959
8.2	0.002917
8.4	0.002674
8.6	0.025765
8.8	0.031355
9.0	0.04205
9.2	0.046182
9.4	0.018716
9.6	0.001701
9.8	-0.01191
10.0	-0.009723
10.2	-0.034272
10.4	-0.043994
10.6	0.001945
10.8	0.028681
11.0	0.020174
11.2	-0.011424
11.4	-0.012882
11.6	-0.014584
11.8	-0.01823
12.0	-0.056148
12.2	-0.033057
12.4	-0.002431
12.6	0.012153
12.8	-0.016528
13.0	-0.040349
13.2	-0.063926
13.4	-0.043994
13.6	-0.043508
13.8	-0.004618
14.0	0.001458
14.2	-0.016285
14.4	-0.01191
14.6	-0.01191
14.8	-0.023091
15.0	-0.041564
15.2	-0.006077
15.4	-0.034758
15.6	-0.003889
15.8	0.018716
16.0	-0.01507
16.2	-0.007292
16.4	0.019931
16.6	0.003646
16.8	-0.010209
17.0	-0.012639
17.2	0.000972
17.4	-0.034515
17.6	-0.034029
17.8	-0.054689
18.0	-0.015799
18.2	-0.021633
18.4	0.011181
18.6	0.04205
18.8	0.07462
19.0	0.032814
19.2	0.029168
19.4	0.043994
19.6	0.022362
19.8	0.016771
20.0	0.045696
20.2	0.046425
20.4	0.06344
20.6	0.03573
20.8	0.020903
21.0	0.002188
21.2	-0.021633
21.4	-0.043022
21.6	-0.045453
21.8	-0.034272
22.0	-0.028438
22.2	-0.023577
22.4	-0.008021
22.6	0.013612
22.8	0.018959
23.0	0.023334
23.2	0.007778
23.4	0.043265
23.6	0.033543
23.8	0.031841
24.0	0.050071
24.2	0.06903
24.4	0.07535
24.6	0.081669
24.8	0.062467
25.0	0.042536
25.2	0.002917
25.4	-0.000243
25.6	-0.013612
25.8	-0.020174
26.0	-0.006806
26.2	0.012639
26.4	-0.024306
26.6	0.014584
26.8	0.018959
27.0	0.039376
27.2	-0.011424
27.4	-0.076565
27.6	0.01191
27.8	0.012639
28.0	0.052259
28.2	0.087989
28.4	0.043508
28.6	0.056634
28.8	0.047397
29.0	0.037189
29.2	0.020417
29.4	0.049828
29.6	0.036946
29.8	0.048856
30.0	0.007778
30.2	-0.009236
30.4	0.048127
30.6	0.049828
30.8	0.037189
31.0	-0.010695
31.2	-0.053231
31.4	-0.052502
31.6	-0.056391
31.8	-0.043265
32.0	-0.010695
32.2	-0.033786
32.4	-0.050314
32.6	-0.020417
32.8	-0.000972
33.0	0.012396
33.2	0.014827
33.4	0.036703
33.6	-0.001458
33.8	0.055661
34.0	0.076808
34.2	0.077294
34.4	0.071704
34.6	0.077294
34.8	0.034029
35.0	0.059064
35.2	0.087746
35.4	0.1174
35.6	0.052259
35.8	0.009479
36.0	-0.010938
36.2	-0.020417
36.4	-0.003646
36.6	0.04837
36.8	0.060766
37.0	0.017014
37.2	-0.014827
37.4	-0.005347
37.6	-0.019931
37.8	-0.040105
38.0	-0.054689
38.2	-0.045453
38.4	-0.056877
38.6	-0.078752
38.8	-0.05712
39.0	-0.074863
39.2	-0.044967
39.4	-0.016285
39.6	0.012882
39.8	0.023334
40.0	0.007049
40.2	0.060523
40.4	0.022848
40.6	-0.016042
40.8	-0.007292
41.0	-0.001945
41.2	0.031112
41.4	0.035244
41.6	0.043751
41.8	0.05396
42.0	0.044481
42.2	0.015556
42.4	0.00875
42.6	-0.007049
42.8	-0.008264
43.0	-0.009966
43.2	-0.038647
43.4	-0.072433
43.6	-0.04837
43.8	-0.063196
44.0	-0.078023
44.2	-0.028925
44.4	-0.112052
44.6	-0.069273
44.8	-0.115941
45.0	-0.086287
45.2	-0.083371
45.4	-0.0841
45.6	-0.096496
45.8	-0.083857
46.0	-0.114969
46.2	-0.121532
46.4	-0.182297
46.6	-0.14365
46.8	-0.11424
47.0	-0.097711
47.2	-0.078509
47.4	-0.040835
47.6	0.003403
47.8	-0.03257
48.0	0.041564
48.2	0.014584
48.4	0.001945
48.6	0.009966
48.8	0.070488
49.0	0.037918
49.2	0.025279
49.4	0.020174
49.6	-0.032084
49.8	0.002431
50.0	-0.031598
50.2	-0.047397
50.4	-0.022119
50.6	-0.065384
50.8	-0.080454
51.0	-0.09601
51.2	-0.150699
51.4	-0.177193
51.6	-0.174276
51.8	-0.129553
52.0	-0.105976
52.2	-0.103788
52.4	-0.151671
52.6	-0.150213
52.8	-0.124448
53.0	-0.120073
53.2	-0.104031
53.4	-0.105976
53.6	-0.100385
53.8	-0.055418
54.0	-0.061009
54.2	-0.012153
54.4	0.002674
54.6	0.001458
54.8	-0.003403
55.0	0.021147
55.2	0.014827
55.4	-0.035244
55.6	0.043022
55.8	-0.028438
56.0	-0.003646
56.2	-0.043751
56.4	-0.032084
56.6	-0.06344
56.8	-0.092607
57.0	-0.120559
57.2	-0.112538
57.4	-0.088232
57.6	-0.031112
57.8	-0.054689
58.0	-0.101357
58.2	-0.061252
58.4	-0.091392
58.6	-0.063926
58.8	-0.071947
59.0	-0.043508
59.2	-0.054932
59.4	-0.00316
59.6	0.000729
59.8	-0.0333
60.0	0.005347
60.2	-0.032084
60.4	-0.071704
60.6	-0.080211
60.8	-0.074863
61.0	-0.026008
61.2	-0.060766
61.4	-0.055175
61.6	0.027709
61.8	0.067085
62.0	0.011181
62.2	-0.023334
62.4	-0.054446
62.6	-0.017014
62.8	-0.029168
63.0	-0.041321
63.2	-0.045453
63.4	-0.025522
63.6	-0.001215
63.8	-0.004618
64.0	-0.01191
64.2	-0.001945
64.4	0.037918
64.6	0.102573
64.8	0.095038
65.0	0.004132
65.2	0.046182
65.4	0.009966
65.6	0.017744
65.8	-0.024792
66.0	0.005104
66.2	0.04764
66.4	0.040105
66.6	0.017257
66.8	0.020903
67.0	0.017987
67.2	-0.004618
67.4	0.016285
67.6	0.066599
67.8	0.039133
68.0	0.023334
68.2	0.089447
68.4	-0.014341
68.6	-0.028681
68.8	0.055175
69.0	0.058578
69.2	0.058092
69.4	0.070002
69.6	0.056877
69.8	0.041078
70.0	0.025522
70.2	0.038647
70.4	0.010452
70.6	-0.053474
70.8	-0.041564
71.0	-0.010695
71.2	0.035001
71.4	0.079968
71.6	0.062224
71.8	0.049099
72.0	0.010209
72.2	-0.002188
72.4	0.004375
72.6	-0.004861
72.8	-0.003403
73.0	-0.070245
73.2	-0.061981
73.4	-0.078509
73.6	-0.02139
73.8	-0.008507
74.0	0.033543
74.2	0.062467
74.4	0.037432
74.6	-0.016285
74.8	-0.009723
75.0	-0.029168
75.2	-0.044481
75.4	0.00875
75.6	-0.03014
75.8	-0.003889
76.0	-0.020174
76.2	0.022848
76.4	0.043508
76.6	0.140491
76.8	0.098927
77.0	0.034029
77.2	0.034758
77.4	0.0508
77.6	0.05712
77.8	0.037189
78.0	0.010452
78.2	0.008507
78.4	-0.073405
78.6	-0.143164
78.8	-0.135386
79.0	-0.060523
79.2	-0.046668
79.4	-0.094309
79.6	-0.04521
79.8	-0.029654
80.0	-0.110108
80.2	-0.07535
80.4	-0.023334
80.6	-0.028438
80.8	-0.048856
81.0	-0.032327
81.2	0.012153
81.4	-0.035001
81.6	0.005104
81.8	-0.029168
82.0	-0.05396
82.2	0.001458
82.4	0.052016
82.6	0.060523
82.8	0.031112
83.0	0.026737
83.2	0.058578
83.4	0.048613
83.6	0.039862
83.8	0.031598
84.0	0.05396
84.2	0.093822
84.4	0.059064
84.6	0.123962
84.8	0.09285
85.0	0.115455
85.2	0.074377
85.4	-0.016771
85.6	-0.039133
85.8	-0.043751
86.0	-0.066599
86.2	-0.033786
86.4	-0.014098
86.6	-0.026737
86.8	0.01191
87.0	-0.032084
87.2	0.017257
87.4	0.04205
87.6	0.062953
87.8	0.014341
88.0	0.040835
88.2	0.039133
88.4	0.108649
88.6	0.156776
88.8	0.104274
89.0	0.060523
89.2	-0.015556
89.4	-0.005834
89.6	0.012882
89.8	0.06028
90.0	0.076322
90.2	0.023091
90.4	0.057606
90.6	-0.017257
90.8	-0.016771
91.0	-0.071947
91.2	0.003646
91.4	-0.085072
91.6	-0.067085
91.8	-0.047154
92.0	-0.011667
92.2	0.031355
92.4	0.031355
92.6	0.058578
92.8	0.086531
93.0	0.131983
93.2	0.067085
93.4	0.078996
93.6	0.001701
93.8	0.022848
94.0	0.002917
94.2	-0.048613
94.4	-0.040105
94.6	-0.022605
94.8	-0.034272
95.0	-0.018716
95.2	-0.010695
95.4	0.040349
95.6	0.068544
95.8	0.046668
96.0	0.009723
96.2	-0.035487
96.4	-0.043022
96.6	-0.02382
96.8	-0.038404
97.0	-0.03573
97.2	0.003889
97.4	0.01507
97.6	-0.019202
97.8	-0.01507
98.0	-0.026008
98.2	-0.018716
98.4	-0.017501
98.6	-0.04205
98.8	-0.029411
99.0	0.02382
99.2	0.010452
99.4	0.08726
99.6	0.09042
99.8	0.058821
100.0	0.021876
100.2	0.012153
100.4	0.028681
100.6	0.003646
100.8	0.009479
101.0	-0.004375
101.2	0.012639
101.4	0.010695
101.6	0.022848
101.8	0.009479
102.0	0.008507
102.2	-0.004132
102.4	-0.076808
102.6	-0.044481
102.8	-0.010452
103.0	0.008507
103.2	0.092121
103.4	0.05955
103.6	0.106948
103.8	0.027709
104.0	-0.00316
104.2	0.076808
104.4	0.098927
104.6	0.081912
104.8	0.074863
105.0	0.083128
105.2	0.085315
105.4	0.079482
105.6	0.0508
105.8	0.026737
106.0	-0.010209
106.2	-0.069516
106.4	-0.057363
106.6	-0.078509
106.8	-0.086531
107.0	0.013612
107.2	0.054689
107.4	0.08726
107.6	0.05396
107.8	0.00316
108.0	-0.071461
108.2	-0.093579
108.4	-0.024549
108.6	-0.057606
108.8	-0.07219
109.0	0.003889
109.2	-0.04764
109.4	-0.01823
109.6	0.025765
109.8	-0.013125
110.0	-0.0333
110.2	0.00632
110.4	0.013855
110.6	0.011424
110.8	0.036459
111.0	-0.023577
111.2	-0.018716
111.4	-0.045939
111.6	-0.016528
111.8	-0.00316
112.0	-0.07462
112.2	-0.171603
112.4	-0.116184
112.6	-0.027466
112.8	-0.082885
113.0	-0.140248
113.2	-0.073162
113.4	-0.138789
113.6	-0.12931
113.8	-0.137331
114.0	-0.022848
114.2	-0.031598
114.4	-0.059307
114.6	-0.150213
114.8	-0.078509
115.0	-0.090906
115.2	-0.094795
115.4	-0.033057
115.6	-0.049828
115.8	-0.054446
116.0	-0.037675
116.2	-0.079239
116.4	-0.067572
116.6	-0.061009
116.8	0.075593
117.0	0.067815
117.2	-0.02066
117.4	0.035244
117.6	-0.015313
117.8	0.022848
118.0	0.04205
118.2	0.013855
118.4	0.045939
118.6	0.007049
118.8	-0.056391
119.0	-0.08094
119.2	-0.063683
119.4	-0.029411
119.6	0.039619
119.8	-0.017744
120.0	-0.081669
120.2	-0.128094
120.4	-0.082398
120.6	-0.014341
120.8	0.000972
121.0	0.044238
121.2	0.065627
121.4	0.029654
121.6	0.034029
121.8	-0.086531
122.0	-0.093579
122.2	-0.071947
122.4	-0.067815
122.6	-0.040105
122.8	-0.015556
123.0	0.093093
123.2	0.04837
123.4	0.019931
123.6	-0.053231
123.8	0.00559
124.0	-0.001945
124.2	0.037432
124.4	0.065384
124.6	0.033786
124.8	0.035487
125.0	-0.11108
125.2	-0.09042
125.4	-0.06903
125.6	-0.144866
125.8	-0.130768
126.0	-0.168929
126.2	-0.18886
126.4	-0.1016
126.6	-0.118858
126.8	-0.17136
127.0	-0.131983
127.2	-0.159206
127.4	-0.142678
127.6	-0.107434
127.8	-0.109378
128.0	0.01507
128.2	0.098198
128.4	0.162609
128.6	0.090176
128.8	0.059794
129.0	-0.047154
129.2	-0.113024
129.4	-0.079725
129.6	0.000972
129.8	0.005104
130.0	0.033786
130.2	-0.048856
130.4	0.016042
130.6	0.007778
130.8	0.01507
131.0	0.076322
131.2	0.056391
131.4	0.02066
131.6	0.089933
131.8	0.105246
132.0	0.02139
132.2	0.017014
132.4	0.058092
132.6	0.105976
132.8	0.054203
133.0	0.026494
133.2	0.009236
133.4	0.006806
133.6	0.028195
133.8	-0.06344
134.0	-0.036459
134.2	0.052016
134.4	-0.001701
134.6	0.067572
134.8	0.013125
135.0	0.028925
135.2	0.065384
135.4	0.047397
135.6	0.035001
135.8	0.040105
136.0	0.024063
136.2	-0.058335
136.4	-0.067329
136.6	-0.06587
136.8	-0.071218
137.0	0.021147
137.2	0.052988
137.4	0.074863
137.6	0.064412
137.8	0.081183
138.0	0.121289
138.2	0.089204
138.4	0.14365
138.6	0.11424
138.8	0.078509
139.0	0.065141
139.2	0.07778
139.4	0.051529
139.6	-0.000243
139.8	-0.061981
140.0	-0.08094
140.2	-0.048613
140.4	-0.005104
140.6	0.046182
140.8	0.059794
141.0	0.028681
141.2	0.020174
141.4	0.046911
141.6	0.067329
141.8	0.011667
142.0	-0.084586
142.2	-0.068058
142.4	-0.113024
142.6	-0.095038
142.8	-0.024063
143.0	0.035001
143.2	0.050314
143.4	0.05396
143.6	0.036703
143.8	0.074134
144.0	0.050314
144.2	0.001215
144.4	0.044238
144.6	0.094065
144.8	0.107191
145.0	0.045453
145.2	0.049099
145.4	0.031841
145.6	-0.015799
145.8	-0.054689
146.0	0.033543
146.2	0.022362
146.4	0.092121
146.6	0.104274
146.8	0.096496
147.0	0.118129
147.2	0.081183
147.4	-0.073162
147.6	-0.019202
147.8	0.005347
148.0	-0.018473
148.2	0.023091
148.4	0.086774
148.6	0.136115
148.8	0.110351
149.0	0.111566
149.2	0.193721
149.4	0.169658
149.6	0.154588
149.8	0.132226
150.0	0.169901
150.2	0.144866
150.4	0.002431
150.6	0.101114
150.8	0.110594
151.0	0.048613
151.2	0.133685
151.4	0.145595
151.6	0.192992
151.8	0.153859
152.0	0.151671
152.2	0.147539
152.4	0.064169
152.6	0.143893
152.8	0.115941
153.0	0.187645
153.2	0.157991
153.4	0.068544
153.6	0.025279
153.8	0.016285
154.0	-0.063926
154.2	-0.036946
154.4	0.070731
154.6	-0.024792
154.8	-0.106462
155.0	-0.122504
155.2	-0.126393
155.4	0.009236
155.6	-0.024063
155.8	-0.023334
156.0	-0.028195
156.2	-0.034029
156.4	0.03257
156.6	0.097954
156.8	0.071218
157.0	-0.048856
157.2	-0.078509
157.4	0.049099
157.6	-0.001701
157.8	0.142192
158.0	0.061252
158.2	0.002188
158.4	-0.109622
158.6	-0.108649
158.8	0.010452
159.0	-0.045453
159.2	-0.089933
159.4	-0.154102
159.6	-0.111809
159.8	-0.094065
160.0	-0.073162
160.2	-0.088475
160.4	-0.167714
160.6	-0.123233
160.8	-0.029168
161.0	-0.042779
161.2	0.003403
161.4	0.004618
161.6	0.046425
161.8	-0.000972
162.0	-0.068301
162.2	-0.117643
162.4	-0.148755
162.6	-0.126393
162.8	-0.098198
163.0	-0.128094
163.2	-0.122018
163.4	-0.102573
163.6	-0.105976
163.8	-0.111809
164.0	-0.001215
164.2	-0.007535
164.4	-0.078023
164.6	-0.029897
164.8	-0.100142
165.0	-0.098684
165.2	-0.023577
165.4	0.028681
165.6	-0.008264
165.8	-0.029654
166.0	0.072433
166.2	0.139518
166.4	0.103302
166.6	0.11108
166.8	0.052745
167.0	0.114969
167.2	0.102816
167.4	0.049099
167.6	0.013368
167.8	-0.026008
168.0	-0.006563
168.2	0.085315
168.4	0.088232
168.6	0.113754
168.8	0.046668
169.0	0.006563
169.2	0.047397
169.4	0.024792
169.6	0.044238
169.8	0.069273
170.0	0.009966
170.2	-0.005347
170.4	-0.021876
170.6	0.068544
170.8	0.094065
171.0	0.130768
171.2	0.132469
171.4	0.158477
171.6	0.051772
171.8	0.086531
172.0	0.062467
172.2	0.013368
172.4	-0.024306
172.6	0.007292
172.8	0.016285
173.0	-0.005347
173.2	0.024549
173.4	0.060037
173.6	0.175492
173.8	0.18643
174.0	0.23407
174.2	0.209764
174.4	0.189103
174.6	0.148998
174.8	0.071947
175.0	0.016771
175.2	0.075593
175.4	0.027709
175.6	0.009723
175.8	0.020903
176.0	0.055175
176.2	0.049828
176.4	-0.046911
176.6	-0.054932
176.8	-0.064169
177.0	-0.126636
177.2	-0.072919
177.4	-0.088475
177.6	-0.131254
177.8	-0.226049
178.0	-0.154102
178.2	-0.145595
178.4	-0.062953
178.6	-0.147539
178.8	-0.207333
179.0	-0.193235
179.2	-0.136358
179.4	-0.141949
179.6	-0.065384
179.8	-0.083128
180.0	-0.039862
180.2	-0.038404
180.4	-0.04205
180.6	-0.018959
180.8	-0.132469
181.0	-0.087989
181.2	-0.019202
181.4	0.04837
181.6	0.067329
181.8	-0.045696
182.0	-0.09917
182.2	-0.052988
182.4	-0.026008
182.6	-0.050557
182.8	0.111566
183.0	0.080211
183.2	0.076565
183.4	0.143893
183.6	0.1349
183.8	-0.016042
184.0	-0.083857
184.2	-0.130525
184.4	-0.074377
184.6	-0.130525
184.8	-0.105003
185.0	-0.080211
185.2	-0.051043
185.4	-0.008993
185.6	0.049099
185.8	0.031841
186.0	0.070974
186.2	0.085315
186.4	-0.097711
186.6	-0.062953
186.8	-0.011424
187.0	-0.090906
187.2	-0.092607
187.4	-0.077051
187.6	-0.04837
187.8	-0.047883
188.0	-0.097225
188.2	-0.044724
188.4	-0.074863
188.6	0.01507
188.8	0.057606
189.0	0.10792
189.2	0.053231
189.4	0.016528
189.6	0.01507
189.8	0.06028
190.0	0.045696
190.2	0.031841
190.4	0.016042
190.6	0.04837
190.8	0.046668
191.0	0.085801
191.2	0.015556
191.4	0.052988
191.6	0.049099
191.8	0.099413
192.0	0.147782
192.2	0.21584
192.4	0.152644
192.6	0.134414
192.8	0.040835
193.0	0.04521
193.2	-0.056391
193.4	-0.005834
193.6	-0.060037
193.8	-0.026008
194.0	-0.02382
194.2	0.054446
194.4	0.036703
194.6	-0.01823
194.8	-0.029897
195.0	0.039862
195.2	0.080697
195.4	0.120802
195.6	0.083857
195.8	0.14997
196.0	0.188131
196.2	0.130282
196.4	0.099413
196.6	0.230667
196.8	0.178895
197.0	0.214625
197.2	0.216083
197.4	0.135143
197.6	0.072919
197.8	0.055418
198.0	0.106705
198.2	0.083614
198.4	0.148755
198.6	0.186916
198.8	0.117886
199.0	0.097225
199.2	0.24039
199.4	0.261779
199.6	0.141706
199.8	0.092121
200.0	0.070731
200.2	0.101114
200.4	0.087989
200.6	0.032084
200.8	0.014827
201.0	0.031598
201.2	-0.063683
201.4	-0.100871
201.6	-0.11983
201.8	-0.136845
202.0	-0.193964
202.2	-0.154588
202.4	-0.115455
202.6	-0.183513
202.8	-0.183027
203.0	-0.151671
203.2	-0.147782
203.4	-0.088718
203.6	-0.053231
203.8	-0.045453
204.0	0.025036
204.2	0.028438
204.4	0.116427
204.6	0.016285
204.8	0.02698
205.0	-0.047397
205.2	0.016285
205.4	0.073648
205.6	0.121532
205.8	0.106948
206.0	0.060766
206.2	0.046668
206.4	-0.013855
206.6	0.109865
206.8	0.190562
207.0	0.164797
207.2	0.028195
207.4	-0.07535
207.6	0.031841
207.8	0.079482
208.0	0.018716
208.2	0.046425
208.4	-0.041564
208.6	-0.077294
208.8	-0.033786
209.0	-0.054446
209.2	-0.038647
209.4	-0.026008
209.6	0.082398
209.8	0.016042
210.0	-0.029168
210.2	0.006806
210.4	-0.006077
210.6	-0.016042
210.8	0.050557
211.0	-0.046911
211.2	-0.013612
211.4	0.051043
211.6	0.043022
211.8	0.01507
212.0	0.041078
212.2	0.02066
212.4	0.008021
212.6	0.068301
212.8	-0.000243
213.0	0.091149
213.2	0.112295
213.4	0.067329
213.6	0.150699
213.8	0.189346
214.0	0.008021
214.2	0.067815
214.4	0.018473
214.6	0.103302
214.8	0.042536
215.0	0.036216
215.2	-0.036459
215.4	0.008021
215.6	-0.028925
215.8	0.004375
216.0	0.017014
216.2	0.053474
216.4	0.028195
216.6	0.039376
216.8	0.027223
217.0	0.063926
217.2	0.04837
217.4	0.014827
217.6	0.127122
217.8	0.136845
218.0	0.152887
218.2	0.125664
218.4	0.118129
218.6	0.164554
218.8	0.070488
219.0	0.047154
219.2	0.039619
219.4	0.069759
219.6	0.125664
219.8	0.10792
220.0	0.222403
220.2	0.217299
220.4	0.225563
220.6	0.182054
220.8	0.136602
221.0	0.052016
221.2	0.10792
221.4	0.063683
221.6	0.000243
221.8	-0.019931
222.0	-0.06344
222.2	-0.069759
222.4	-0.107191
222.6	-0.109622
222.8	-0.040349
223.0	-0.10476
223.2	0.076322
223.4	0.192263
223.6	0.079725
223.8	0.087017
224.0	0.035244
224.2	0.106462
224.4	-0.007535
224.6	-0.019931
224.8	0.056634
225.0	0.052745
225.2	0.060766
225.4	-0.126636
225.6	-0.078509
225.8	-0.000486
226.0	-0.044724
226.2	-0.102816
226.4	-0.152887
226.6	-0.109378
226.8	-0.026737
227.0	-0.052016
227.2	-0.008993
227.4	-0.013125
227.6	0.003646
227.8	-0.017014
228.0	-0.000972
228.2	-0.032084
228.4	-0.130768
228.6	-0.109135
228.8	-0.027709
229.0	-0.077294
229.2	-0.119101
229.4	-0.079968
229.6	0.001945
229.8	0.049342
230.0	0.033786
230.2	-0.046911
230.4	-0.108163
230.6	-0.067085
230.8	-0.074134
231.0	-0.072433
231.2	-0.092364
231.4	-0.078509
231.6	-0.018473
231.8	0.031355
232.0	0.011181
232.2	0.012396
232.4	-0.03257
232.6	-0.063683
232.8	-0.069516
233.0	-0.086287
233.2	-0.118858
233.4	-0.125907
233.6	-0.03889
233.8	-0.003646
234.0	-0.047154
234.2	0.00875
234.4	0.097711
234.6	0.025765
234.8	-0.024063
235.0	-0.05712
235.2	-0.066599
235.4	0.096982
235.6	0.081912
235.8	0.102816
236.0	0.086531
236.2	-0.051529
236.4	-0.04205
236.6	0.069516
236.8	-0.018959
237.0	0.024549
237.2	0.032084
237.4	0.054203
237.6	-0.027709
237.8	0.086044
238.0	0.127851
238.2	0.183756
238.4	0.150456
238.6	0.172332
238.8	0.15629
239.0	0.109865
239.2	0.000486
239.4	-0.025036
239.6	-0.019931
239.8	-0.10792
240.0	-0.043751
240.2	-0.005834
240.4	-0.018473
240.6	-0.043265
240.8	0.016528
241.0	-0.042293
241.2	-0.005104
241.4	0.05712
241.6	0.001215
241.8	-0.038404
242.0	-0.076322
242.2	-0.050314
242.4	-0.087989
242.6	-0.041321
242.8	-0.002431
243.0	-0.021147
243.2	0.059307
243.4	0.038404
243.6	-0.06903
243.8	0.055418
244.0	0.105003
244.2	0.051529
244.4	0.181568
244.6	0.165283
244.8	0.107191
245.0	0.098441
245.2	0.068301
245.4	0.08094
245.6	0.114483
245.8	0.027952
246.0	0.057849
246.2	0.019445
246.4	0.015799
246.6	0.04205
246.8	-0.088961
247.0	-0.044238
247.2	-0.161394
247.4	-0.118858
247.6	-0.138546
247.8	-0.040835
248.0	-0.096496
248.2	-0.08969
248.4	-0.18886
248.6	-0.130768
248.8	-0.077294
249.0	-0.097954
249.2	-0.074134
249.4	-0.100871
249.6	-0.050314
249.8	-0.099899
250.0	0.048856
250.2	0.118858
250.4	0.125664
250.6	0.186673
250.8	0.080454
251.0	0.073648
251.2	0.138789
251.4	0.114726
251.6	0.109135
251.8	0.117643
252.0	0.190075
252.2	0.168686
252.4	0.125907
252.6	0.088718
252.8	0.144137
253.0	0.182784
253.2	0.275877
253.4	0.193235
253.6	0.160908
253.8	0.083614
254.0	-0.110594
254.2	-0.094552
254.4	-0.140248
254.6	-0.106705
254.8	-0.158963
255.0	-0.103788
255.2	-0.042293
255.4	-0.062953
255.6	-0.077294
255.8	-0.069516
256.0	0.010452
256.2	-0.049585
256.4	-0.007292
256.6	-0.008507
256.8	0.097468
257.0	0.052259
257.2	0.090906
257.4	0.184971
257.6	0.032084
257.8	-0.085558
258.0	-0.057849
258.2	-0.139518
258.4	-0.109622
258.6	-0.030626
258.8	-0.043751
259.0	-0.076808
259.2	-0.009723
259.4	0.06587
259.6	-0.029654
259.8	-0.094552
260.0	-0.120559
260.2	-0.068301
260.4	-0.100628
260.6	-0.10233
260.8	0.010452
261.0	-0.046668
261.2	-0.084829
261.4	-0.067815
261.6	-0.048613
261.8	-0.021633
262.0	-0.057606

&

0.2	0.0
0.4	-0.026013
0.6	-0.045948
0.8	-0.066127
1.0	-0.089952
1.2	-0.09336
1.4	-0.098712
1.6	-0.111842
1.8	-0.120111
2.0	-0.107234
2.2	-0.129114
2.4	-0.138112
2.6	-0.130582
2.8	-0.138851
3.0	-0.147849
3.2	-0.149555
3.4	-0.149074
3.6	-0.163663
3.8	-0.167799
4.0	-0.149574
4.2	-0.132808
4.4	-0.099756
4.6	-0.104865
4.8	-0.12553
5.0	-0.142063
5.2	-0.144256
5.4	-0.104641
5.6	-0.105618
5.8	-0.121665
6.0	-0.120454
6.2	-0.092021
6.4	-0.087407
6.6	-0.101753
6.8	-0.133599
7.0	-0.103707
7.2	-0.095691
7.4	-0.092536
7.6	-0.08379
7.8	-0.071885
8.0	-0.067514
8.2	-0.083075
8.4	-0.074573
8.6	-0.060723
8.8	-0.108854
9.0	-0.109831
9.2	-0.115426
9.4	-0.120535
9.6	-0.141201
9.8	-0.159678
10.0	-0.173781
10.2	-0.167223
10.4	-0.165769
10.6	-0.15678
10.8	-0.140986
11.0	-0.151686
11.2	-0.125197
11.4	-0.119611
11.6	-0.105032
11.8	-0.113058
12.0	-0.088513
12.2	-0.088518
12.4	-0.09703
12.6	-0.123528
12.8	-0.142249
13.0	-0.106767
13.2	-0.104098
13.4	-0.108964
13.6	-0.120149
13.8	-0.086368
14.0	-0.084429
14.2	-0.099017
14.4	-0.088084
14.6	-0.046282
14.8	-0.050662
15.0	-0.049694
15.2	-0.052373
15.4	-0.050919
15.6	-0.062834
15.8	-0.078152
16.0	-0.1292
16.2	-0.146219
16.4	-0.140876
16.6	-0.147201
16.8	-0.185124
17.0	-0.185128
17.2	-0.159611
17.4	-0.155727
17.6	-0.182955
17.8	-0.158653
18.0	-0.137026
18.2	-0.139218
18.4	-0.177627
18.6	-0.146033
18.8	-0.143607
19.0	-0.146043
19.2	-0.145318
19.4	-0.138031
19.6	-0.091125
19.8	-0.060504
20.0	-0.085787
20.2	-0.099889
20.4	-0.123957
20.6	-0.134657
20.8	-0.132231
21.0	-0.119596
21.2	-0.10599
21.4	-0.123252
21.6	-0.104298
21.8	-0.101143
22.0	-0.131773
22.2	-0.118167
22.4	-0.106747
22.6	-0.118419
22.8	-0.145161
23.0	-0.124505
23.2	-0.146143
23.4	-0.140314
23.6	-0.095838
23.8	-0.069349
24.0	-0.093903
24.2	-0.11627
24.4	-0.129886
24.6	-0.116765
24.8	-0.152501
25.0	-0.135734
25.2	-0.135496
25.4	-0.146924
25.6	-0.177798
25.8	-0.179261
26.0	-0.204788
26.2	-0.189966
26.4	-0.164935
26.6	-0.198725
26.8	-0.205293
27.0	-0.214777
27.2	-0.212594
27.4	-0.176869
27.6	-0.151352
27.8	-0.141877
28.0	-0.195113
28.2	-0.204354
28.4	-0.167899
28.6	-0.145542
28.8	-0.138012
29.0	-0.12635
29.2	-0.140209
29.4	-0.133408
29.6	-0.14824
29.8	-0.162828
30.0	-0.170368
30.2	-0.144851
30.4	-0.106938
30.6	-0.127846
30.8	-0.112781
31.0	-0.080702
31.2	-0.141958
31.4	-0.120087
31.6	-0.123009
31.8	-0.078776
32.0	-0.089719
32.2	-0.090453
32.4	-0.075144
32.6	-0.081226
32.8	-0.049875
33.0	-0.062276
33.2	-0.056691
33.4	-0.051105
33.6	-0.070798
33.8	-0.099484
34.0	-0.125983
34.2	-0.110431
34.4	-0.081755
34.6	-0.071551
34.8	-0.088327
35.0	-0.121388
35.2	-0.134275
35.4	-0.15251
35.6	-0.126507
35.8	-0.123838
36.0	-0.134295
36.2	-0.191419
36.4	-0.176597
36.6	-0.146948
36.8	-0.127994
37.0	-0.154493
37.2	-0.165192
37.4	-0.189989
37.6	-0.170549
37.8	-0.17104
38.0	-0.17226
38.2	-0.118062
38.4	-0.163519
38.6	-0.113939
38.8	-0.121722
39.0	-0.125373
39.2	-0.121245
39.4	-0.12125
39.6	-0.073614
39.8	-0.047368
40.0	-0.094041
40.2	-0.117623
40.4	-0.107905
40.6	-0.048603
40.8	-0.106457
41.0	-0.063925
41.2	-0.080215
41.4	-0.037927
41.6	-0.041335
41.8	-0.12228
42.0	-0.155584
42.2	-0.190104
42.4	-0.167504
42.6	-0.18744
42.8	-0.197167
43.0	-0.195713
43.2	-0.19426
43.4	-0.167527
43.6	-0.1634
43.8	-0.13448
44.0	-0.125492
44.2	-0.130358
44.4	-0.134981
44.6	-0.112381
44.8	-0.135476
45.0	-0.092459
45.2	-0.096596
45.4	-0.140352
45.6	-0.154941
45.8	-0.147167
46.0	-0.117275
46.2	-0.159573
46.4	-0.115583
46.6	-0.147186
46.8	-0.157886
47.0	-0.183655
47.2	-0.155708
47.4	-0.188769
47.6	-0.14405
47.8	-0.192425
48.0	-0.166665
48.2	-0.143822
48.4	-0.164244
48.6	-0.175915
48.8	-0.176892
49.0	-0.179085
49.2	-0.158186
49.4	-0.12635
49.6	-0.182502
49.8	-0.120039
50.0	-0.113968
50.2	-0.123695
50.4	-0.105227
50.6	-0.09162
50.8	-0.072909
51.0	-0.074129
51.2	-0.09285
51.4	-0.129557
51.6	-0.156785
51.8	-0.138074
52.0	-0.143426
52.2	-0.1235
52.4	-0.104788
52.6	-0.164344
52.8	-0.137368
53.0	-0.108692
53.2	-0.169948
53.4	-0.190857
53.6	-0.187945
53.8	-0.187706
54.0	-0.193058
54.2	-0.221502
54.4	-0.203763
54.6	-0.176544
54.8	-0.203772
55.0	-0.204506
55.2	-0.158086
55.4	-0.132326
55.6	-0.111184
55.8	-0.160531
56.0	-0.118486
56.2	-0.128213
56.4	-0.08398
56.6	-0.086416
56.8	-0.085448
57.0	-0.083508
57.2	-0.082784
57.4	-0.091539
57.6	-0.132135
57.8	-0.145022
58.0	-0.112214
58.2	-0.14649
58.4	-0.167885
58.6	-0.217231
58.8	-0.225743
59.0	-0.194879
59.2	-0.223808
59.4	-0.232806
59.6	-0.201942
59.8	-0.204864
60.0	-0.213376
60.2	-0.222374
60.4	-0.196128
60.6	-0.198806
60.8	-0.188359
61.0	-0.17135
61.2	-0.18448
61.4	-0.164553
61.6	-0.129071
61.8	-0.164806
62.0	-0.151928
62.2	-0.115717
62.4	-0.148778
62.6	-0.165797
62.8	-0.150003
63.0	-0.171883
63.2	-0.151228
63.4	-0.119877
63.6	-0.108701
63.8	-0.105303
64.0	-0.096071
64.2	-0.120382
64.4	-0.073719
64.6	-0.061814
64.8	-0.068867
65.0	-0.102658
65.2	-0.141067
65.4	-0.116036
65.6	-0.113124
65.8	-0.082746
66.0	-0.123828
66.2	-0.134771
66.4	-0.133317
66.6	-0.153496
66.8	-0.111208
67.0	-0.132602
67.2	-0.128961
67.4	-0.145494
67.6	-0.098831
67.8	-0.113419
68.0	-0.142835
68.2	-0.18732
68.4	-0.178818
68.6	-0.193649
68.8	-0.129972
69.0	-0.128275
69.2	-0.212379
69.4	-0.229642
69.6	-0.259057
69.8	-0.242777
70.0	-0.286776
70.2	-0.256398
70.4	-0.197338
70.6	-0.174738
70.8	-0.117623
71.0	-0.156032
71.2	-0.169405
71.4	-0.172813
71.6	-0.193964
71.8	-0.198344
72.0	-0.197376
72.2	-0.130296
72.4	-0.122765
72.6	-0.140028
72.8	-0.17552
73.0	-0.144412
73.2	-0.130562
73.4	-0.119386
73.6	-0.084876
73.8	-0.041859
74.0	-0.070545
74.2	-0.060584
74.4	-0.05913
74.6	-0.029481
74.8	-0.018548
75.0	0.007698
75.2	-0.042135
75.4	-0.040681
75.6	-0.045547
75.8	-0.031698
76.0	-0.03389
76.2	-0.04386
76.4	-0.043379
76.6	-0.025397
76.8	-0.03561
77.0	-0.074991
77.2	-0.022981
77.4	-0.03684
77.6	-0.076464
77.8	-0.044385
78.0	0.021238
78.2	-0.006476
78.4	-0.052663
78.6	-0.084023
78.8	-0.047811
79.0	-0.113929
79.2	-0.120011
79.4	-0.087931
79.6	-0.059254
79.8	-0.074329
80.0	-0.08673
80.2	-0.072394
80.4	-0.079448
80.6	-0.09355
80.8	-0.068276
81.0	-0.073628
81.2	-0.081168
81.4	-0.202705
81.6	-0.192987
81.8	-0.184727
82.0	-0.099903
82.2	-0.140986
82.4	-0.089947
82.6	-0.104779
82.8	-0.123256
83.0	-0.067113
83.2	-0.109654
83.4	-0.087054
83.6	-0.094837
83.8	-0.123766
84.0	-0.121826
84.2	-0.039676
84.4	-0.089265
84.6	-0.104097
84.8	-0.107748
85.0	-0.069835
85.2	-0.122341
85.4	-0.113109
85.6	-0.108253
85.8	-0.131835
86.0	-0.145451
86.2	-0.155422
86.4	-0.116293
86.6	-0.180224
86.8	-0.15738
87.0	-0.084709
87.2	-0.117527
87.4	-0.124095
87.6	-0.169066
87.8	-0.134556
88.0	-0.05435
88.2	-0.146962
88.4	-0.156932
88.6	-0.162771
88.8	-0.270452
89.0	-0.255387
89.2	-0.17275
89.4	-0.113205
89.6	-0.127793
89.8	-0.139951
90.0	-0.175929
90.2	-0.168156
90.4	-0.172293
90.6	-0.143373
90.8	-0.071917
91.0	-0.073137
91.2	-0.034495
91.4	-0.086272
91.6	-0.05079
91.8	-0.00121
92.0	-0.072432
92.2	-0.092611
92.4	-0.063691
92.6	-0.046925
92.8	-0.084847
93.0	-0.095061
93.2	-0.16288
93.4	-0.192539
93.6	-0.114277
93.8	-0.082197
94.0	-0.134947
94.2	-0.188912
94.4	-0.176034
94.6	-0.250659
94.8	-0.203753
95.0	-0.178965
95.2	-0.109697
95.4	-0.036783
95.6	-0.05283
95.8	-0.053078
96.0	-0.090514
96.2	-0.15566
96.4	-0.165387
96.6	-0.092959
96.8	-0.117999
97.0	-0.075711
97.2	-0.124571
97.4	-0.043636
97.6	-0.032217
97.8	-0.032465
98.0	-0.078652
98.2	-0.149145
98.4	-0.113419
98.6	-0.144293
98.8	-0.237391
99.0	-0.226458
99.2	-0.235699
99.4	-0.277997
99.6	-0.241542
99.8	-0.210192
100.0	-0.190751
100.2	-0.182492
100.4	-0.145065
100.6	-0.16889
100.8	-0.196361
101.0	-0.244978
101.2	-0.195884
101.4	-0.211445
101.6	-0.115926
101.8	-0.063186
102.0	-0.027947
102.2	-0.008263
102.4	0.006802
102.6	-0.08581
102.8	-0.060536
103.0	-0.028943
103.2	-0.058601
103.4	-0.182082
103.6	-0.16094
103.8	-0.180147
104.0	-0.236299
104.2	-0.196199
104.4	-0.171897
104.6	-0.1527
104.8	-0.161212
105.0	-0.160731
105.2	-0.179694
105.4	-0.147129
105.6	-0.134008
105.8	-0.119186
106.0	-0.112628
106.2	-0.105098
106.4	-0.139861
106.6	-0.078856
106.8	-0.044346
107.0	-0.010322
107.2	-0.042411
107.4	-0.135266
107.6	-0.165168
107.8	-0.18802
108.0	-0.142815
108.2	-0.19362
108.4	-0.145256
108.6	-0.194359
108.8	-0.163495
109.0	-0.21673
109.2	-0.17031
109.4	-0.12948
109.6	-0.069448
109.8	-0.018896
110.0	-0.055846
110.2	-0.111027
110.4	-0.075544
110.6	-0.164996
110.8	-0.048574
111.0	-0.068266
111.2	-0.039833
111.4	-0.0797
111.6	-0.071441
111.8	-0.056618
112.0	-0.128327
112.2	-0.168194
112.4	-0.141948
112.6	-0.148759
112.8	-0.120568
113.0	-0.017514
113.2	0.001683
113.4	-0.075129
113.6	-0.051557
113.8	-0.109897
114.0	-0.143688
114.2	-0.145637
114.4	-0.089008
114.6	-0.131549
114.8	-0.149054
115.0	-0.09048
115.2	-0.072742
115.4	-0.046009
115.6	-0.084418
115.8	-0.13498
116.0	-0.142277
116.2	-0.15249
116.4	-0.170482
116.6	-0.103887
116.8	-0.097329
117.0	-0.009345
117.2	0.006449
117.4	-0.011785
117.6	-0.006686
117.8	0.008136
118.0	-0.135762
118.2	-0.033923
118.4	-0.062366
118.6	-0.089108
118.8	-0.077932
119.0	-0.043422
119.2	0.002513
119.4	-0.041
119.6	-0.069201
119.8	-0.126325
120.0	-0.147719
120.2	-0.170329
120.4	-0.158424
120.6	-0.091829
120.8	-0.155517
121.0	-0.057324
121.2	-0.172784
121.4	-0.151399
121.6	-0.169876
121.8	-0.131477
122.0	-0.051028
122.2	-0.066832
122.4	0.001464
122.6	0.01264
122.8	-0.008754
123.0	0.003394
123.2	0.001931
123.4	-0.067347
123.6	-0.059087
123.8	-0.105517
124.0	-0.150732
124.2	-0.143931
124.4	-0.086815
124.6	-0.14078
124.8	-0.180161
125.0	-0.248467
125.2	-0.235103
125.4	-0.20035
125.6	-0.217612
125.8	-0.175324
126.0	-0.168037
126.2	-0.16634
126.4	-0.178984
126.6	-0.170725
126.8	-0.263093
127.0	-0.229555
127.2	-0.211817
127.4	-0.293977
127.6	-0.288391
127.8	-0.247075
128.0	-0.269685
128.2	-0.265071
128.4	-0.160559
128.6	-0.180009
128.8	-0.082059
129.0	-0.120225
129.2	-0.062623
129.4	-0.086205
129.6	-0.031764
129.8	-0.085
130.0	-0.158896
130.2	-0.179075
130.4	-0.184184
130.6	-0.12002
130.8	-0.141171
131.0	-0.168885
131.2	-0.204863
131.4	-0.253237
131.6	-0.168899
131.8	-0.190294
132.0	-0.300649
132.2	-0.240374
132.4	-0.191523
132.6	-0.178646
132.8	-0.159691
133.0	-0.227511
133.2	-0.119596
133.4	-0.18304
133.6	-0.16603
133.8	-0.097005
134.0	-0.140275
134.2	-0.149759
134.4	-0.223412
134.6	-0.202756
134.8	-0.179184
135.0	-0.153424
135.2	-0.13131
135.4	-0.146628
135.6	-0.205697
135.8	-0.226848
136.0	-0.318974
136.2	-0.237553
136.4	-0.217383
136.6	-0.159782
136.8	-0.148363
137.0	-0.152743
137.2	-0.200631
137.4	-0.170253
137.6	-0.147653
137.8	-0.170991
138.0	-0.145475
138.2	-0.212322
138.4	-0.197986
138.6	-0.079619
138.8	-0.102958
139.0	-0.133588
139.2	-0.093974
139.4	-0.124848
139.6	-0.054364
139.8	-0.139198
140.0	-0.199968
140.2	-0.190251
140.4	-0.218694
140.6	-0.228421
140.8	-0.183216
141.0	-0.157213
141.2	-0.201698
141.4	-0.185661
141.6	-0.180075
141.8	-0.209005
142.0	-0.199044
142.2	-0.176444
142.4	-0.144607
142.6	-0.105479
142.8	-0.042773
143.0	-0.144621
143.2	-0.119834
143.4	-0.093345
143.6	-0.112551
143.8	-0.213913
144.0	-0.178431
144.2	-0.227778
144.4	-0.109411
144.6	-0.070282
144.8	-0.094836
145.0	-0.158767
145.2	-0.18089
145.4	-0.208118
145.6	-0.137878
145.8	-0.113333
146.0	-0.108719
146.2	-0.057438
146.4	-0.190155
146.6	-0.161965
146.8	-0.208881
147.0	-0.242671
147.2	-0.194549
147.4	-0.177297
147.6	-0.117751
147.8	-0.168313
148.0	-0.098072
148.2	-0.048249
148.4	-0.162008
148.6	-0.225695
148.8	-0.212817
149.0	-0.231052
149.2	-0.199215
149.4	-0.163976
149.6	-0.150126
149.8	-0.142596
150.0	-0.144545
150.2	-0.12948
150.4	-0.179313
150.6	-0.150393
150.8	-0.189774
151.0	-0.250544
151.2	-0.202666
151.4	-0.169857
151.6	-0.108124
151.8	-0.17254
152.0	-0.22845
152.2	-0.15432
152.4	-0.11665
152.6	-0.052972
152.8	-0.056623
153.0	-0.093087
153.2	-0.125176
153.4	-0.141709
153.6	-0.155812
153.8	-0.132726
154.0	-0.087521
154.2	-0.125929
154.4	-0.095794
154.6	-0.165315
154.8	-0.115978
155.0	-0.15147
155.2	-0.140537
155.4	-0.230475
155.6	-0.152943
155.8	-0.108224
156.0	-0.093159
156.2	-0.110907
156.4	-0.108967
156.6	-0.128174
156.8	-0.083698
157.0	-0.141552
157.2	-0.071311
157.4	-0.125033
157.6	-0.216916
157.8	-0.159315
158.0	-0.167341
158.2	-0.258251
158.4	-0.131377
158.6	-0.172216
158.8	-0.285488
159.0	-0.262402
159.2	-0.308589
159.4	-0.161297
159.6	-0.177344
159.8	-0.19728
160.0	-0.151832
160.2	-0.174928
160.4	-0.237157
160.6	-0.158895
160.8	-0.127545
161.0	-0.098868
161.2	-0.094984
161.4	-0.063877
161.6	-0.096209
161.8	-0.159896
162.0	-0.23282
162.2	-0.22213
162.4	-0.140951
162.6	-0.034981
162.8	-0.038388
163.0	-0.060512
163.2	0.00268
163.4	-0.072431
163.6	-0.097472
163.8	-0.108414
164.0	-0.045223
164.2	-0.044741
164.4	-0.165305
164.6	-0.083398
164.8	-0.168475
165.0	-0.069553
165.2	-0.094107
165.4	-0.124495
165.6	-0.147104
165.8	-0.159991
166.0	-0.22222
166.2	-0.23851
166.4	-0.180423
166.6	-0.21397
166.8	-0.12234
167.0	-0.013453
167.2	-0.048459
167.4	-0.092701
167.6	-0.144235
167.8	-0.119691
168.0	-0.125529
168.2	-0.104873
168.4	-0.185818
168.6	-0.147419
168.8	-0.130166
169.0	-0.1642
169.2	-0.154725
169.4	-0.102714
169.6	-0.16154
169.8	-0.118037
170.0	-0.147938
170.2	-0.139922
170.4	-0.093259
170.6	-0.164967
170.8	-0.119519
171.0	-0.071883
171.2	0.033115
171.4	-0.006995
171.6	0.029703
171.8	0.003933
172.0	0.022158
172.2	-0.051008
172.4	-0.033999
172.6	0.064437
172.8	-0.03887
173.0	-0.062208
173.2	-0.027455
173.4	-0.116907
173.6	-0.078265
173.8	-0.074138
174.0	-0.108414
174.2	-0.146094
174.4	-0.147071
174.6	-0.159229
174.8	-0.192776
175.0	-0.180142
175.2	-0.198619
175.4	-0.167269
175.6	-0.157794
175.8	-0.223426
176.0	-0.118184
176.2	-0.124509
176.4	-0.100693
176.6	-0.083441
176.8	-0.081015
177.0	-0.006642
177.2	-0.01321
177.4	0.006717
177.6	0.017407
177.8	-0.008606
178.0	-0.055522
178.2	0.021038
178.4	-0.019558
178.6	-0.078627
178.8	-0.049464
179.0	-0.100269
179.2	-0.004993
179.4	0.009586
179.6	0.048228
179.8	0.033397
180.0	-0.044632
180.2	-0.037344
180.4	-0.131172
180.6	-0.113676
180.8	-0.138959
181.0	-0.140665
181.2	-0.081606
181.4	-0.095951
181.6	-0.114915
181.8	-0.215305
182.0	-0.154058
182.2	-0.100102
182.4	-0.067294
182.6	0.008051
182.8	0.062007
183.0	0.052765
183.2	0.003905
183.4	-0.047143
183.6	-0.175242
183.8	-0.175247
184.0	-0.153862
184.2	-0.166749
184.4	-0.205401
184.6	-0.210753
184.8	-0.149506
185.0	-0.14392
185.2	-0.05229
185.4	-0.094588
185.6	-0.107475
185.8	-0.158766
186.0	-0.161688
186.2	-0.16072
186.4	-0.153919
186.6	-0.099964
186.8	-0.097538
187.0	-0.115044
187.2	-0.057199
187.4	-0.091476
187.6	-0.042625
187.8	-0.008115
188.0	0.013027
188.2	-0.060869
188.4	-0.06695
188.6	-0.152756
188.8	-0.100503
189.0	-0.160544
189.2	-0.146451
189.4	-0.179756
189.6	-0.20115
189.8	-0.16664
190.0	-0.207479
190.2	-0.252207
190.4	-0.302526
190.6	-0.284301
190.8	-0.152566
191.0	-0.133612
191.2	-0.162784
191.4	-0.086224
191.6	-0.178593
191.8	-0.140436
192.0	-0.064362
192.2	-0.000199
192.4	-0.025725
192.6	0.017293
192.8	0.012426
193.0	0.033325
193.2	0.086551
193.4	0.021649
193.6	0.001227
193.8	-0.061002
194.0	-0.086043
194.2	-0.11084
194.4	-0.170395
194.6	-0.158733
194.8	-0.214642
195.0	-0.134193
195.2	-0.093606
195.4	-0.16337
195.6	-0.048892
195.8	-0.005875
196.0	0.056102
196.2	-0.111374
196.4	-0.159019
196.6	-0.085619
196.8	-0.05524
197.0	0.073578
197.2	-0.084417
197.4	-0.029733
197.6	-0.048211
197.8	-0.091238
198.0	-0.12673
198.2	-0.211806
198.4	-0.25216
198.6	-0.276471
198.8	-0.219842
199.0	-0.217416
199.2	-0.231761
199.4	-0.209647
199.6	-0.189478
199.8	-0.139655
200.0	-0.141118
200.2	-0.140637
200.4	-0.167864
200.6	-0.279192
200.8	-0.259752
201.0	-0.077459
201.2	-0.114896
201.4	-0.144554
201.6	-0.109072
201.8	-0.24106
202.0	-0.209709
202.2	-0.199019
202.4	-0.213608
202.6	-0.180799
202.8	-0.165491
203.0	-0.207303
203.2	-0.260538
203.4	-0.223354
203.6	-0.262249
203.8	-0.161869
204.0	-0.127116
204.2	-0.221672
204.4	-0.155563
204.6	-0.173555
204.8	0.008981
205.0	0.039602
205.2	-0.02287
205.4	-0.088502
205.6	-0.06177
205.8	-0.208098
206.0	-0.161435
206.2	-0.083903
206.4	-0.136166
206.6	-0.116483
206.8	-0.153919
207.0	-0.107256
207.2	-0.093406
207.4	-0.016603
207.6	-0.093902
207.8	-0.12356
208.0	-0.16051
208.2	-0.170724
208.4	-0.241217
208.6	-0.247298
208.8	-0.252651
209.0	-0.166125
209.2	-0.075224
209.4	-0.010574
209.6	-0.03051
209.8	-0.178783
210.0	-0.089341
210.2	-0.033927
210.4	-0.100774
210.6	-0.050465
210.8	-0.072588
211.0	-0.006966
211.2	-0.009401
211.4	0.008581
211.6	0.059862
211.8	0.072011
212.0	-0.014039
212.2	-0.056579
212.4	-0.114676
212.6	-0.013324
212.8	-0.160382
213.0	-0.223583
213.2	-0.204386
213.4	-0.103519
213.6	-0.151164
213.8	-0.130023
214.0	-0.150688
214.2	-0.068537
214.4	-0.02552
214.6	0.038401
214.8	0.06246
215.0	-0.058591
215.2	0.004358
215.4	0.060501
215.6	0.025495
215.8	0.067297
216.0	0.004582
216.2	0.001417
216.4	0.0036
216.6	-0.040885
216.8	-0.136171
217.0	-0.060097
217.2	-0.104339
217.4	-0.131081
217.6	-0.180184
217.8	-0.105082
218.0	-0.1712
218.2	-0.153462
218.4	-0.16173
218.6	-0.180694
218.8	-0.15858
219.0	-0.098791
219.2	-0.173417
219.4	-0.061855
219.6	-0.048735
219.8	-0.076692
220.0	0.015181
220.2	0.038511
220.4	0.009095
220.6	0.064023
220.8	0.148604
221.0	0.01613
221.2	-0.026411
221.4	-0.049993
221.6	-0.115139
221.8	-0.06094
222.0	-0.07407
222.2	-0.09109
222.4	-0.098143
222.6	-0.1927
222.8	-0.182982
223.0	-0.240106
223.2	-0.196117
223.4	-0.238415
223.6	-0.141437
223.8	-0.264432
224.0	-0.340272
224.2	-0.252288
224.4	-0.25205
224.6	-0.15167
224.8	-0.227753
225.0	-0.126644
225.2	-0.160677
225.4	-0.143667
225.6	-0.199577
225.8	-0.219513
226.0	-0.290735
226.2	-0.268864
226.4	-0.224388
226.6	-0.149773
226.8	-0.236794
227.0	-0.167283
227.2	-0.074923
227.4	-0.154653
227.6	-0.088788
227.8	-0.104835
228.0	-0.189668
228.2	-0.087587
228.4	-0.078841
228.6	-0.01808
228.8	0.020805
229.0	-0.096842
229.2	-0.083964
229.4	-0.00862
229.6	0.142075
229.8	0.186551
230.0	0.101717
230.2	0.120428
230.4	0.029274
230.6	-0.071359
230.8	-0.047786
231.0	0.017836
231.2	0.10339
231.4	-0.012313
231.6	-0.022284
231.8	-0.0026
232.0	-0.017432
232.2	-0.004554
232.4	-0.047338
232.6	-0.052447
232.8	-0.113461
233.0	-0.18444
233.2	-0.197813
233.4	-0.142886
233.6	-0.109591
233.8	-0.183973
234.0	-0.192971
234.2	-0.302111
234.4	-0.240621
234.6	-0.163332
234.8	-0.127363
235.0	-0.144382
235.2	-0.164075
235.4	-0.094078
235.6	-0.174293
235.8	-0.095546
236.0	-0.092634
236.2	-0.029442
236.4	-0.137124
236.6	-0.132267
236.8	-0.163384
237.0	-0.180403
237.2	-0.09728
237.4	-0.088049
237.6	-0.182605
237.8	-0.153442
238.0	-0.204247
238.2	-0.034351
238.4	-0.034842
238.6	-0.152003
238.8	0.023727
239.0	0.05289
239.2	-0.029513
239.4	-0.059172
239.6	-0.072302
239.8	-0.080328
240.0	-0.101965
240.2	-0.094192
240.4	-0.070377
240.6	-0.017394
240.8	-0.075247
241.0	-0.024452
241.2	-0.09057
241.4	-0.128979
241.6	-0.15013
241.8	-0.111245
242.0	-0.19778
242.2	-0.12681
242.4	-0.083793
242.6	-0.162793
242.8	-0.173007
243.0	-0.220652
243.2	-0.24472
243.4	-0.170104
243.6	-0.22018
243.8	-0.167683
244.0	-0.17425
244.2	-0.198561
244.4	-0.19808
244.6	-0.202703
244.8	-0.127115
245.0	-0.138544
245.2	-0.157022
245.4	-0.124213
245.6	-0.102099
245.8	-0.114743
246.0	-0.198361
246.2	-0.184755
246.4	-0.220733
246.6	-0.15511
246.8	-0.221714
247.0	-0.316028
247.2	-0.247489
247.4	-0.29878
247.6	-0.3175
247.8	-0.310213
248.0	-0.313864
248.2	-0.296854
248.4	-0.189425
248.6	-0.259189
248.8	-0.286903
249.0	-0.275241
249.2	-0.202327
249.4	-0.208408
249.6	-0.18119
249.8	-0.154944
250.0	-0.25266
250.2	-0.202107
250.4	-0.288643
250.6	-0.218159
250.8	-0.285006
251.0	-0.220842
251.2	-0.057022
251.4	0.000336
251.6	-0.014739
251.8	0.021959
252.0	0.044802
252.2	0.058652
252.4	0.108232
252.6	0.162187
252.8	0.178468
253.0	0.112107
253.2	0.13811
253.4	0.060811
253.6	0.126919
253.8	0.113303
254.0	0.174064
254.2	0.066868
254.4	-0.07071
254.6	-0.043492
254.8	-0.050059
255.0	0.073655
255.2	0.018961
255.4	-0.085318
255.6	-0.155811
255.8	-0.104772
256.0	-0.17721
256.2	-0.182076
256.4	-0.186942
256.6	-0.136633
256.8	-0.076115
257.0	-0.019243
257.2	-0.084388
257.4	-0.006127
257.6	-0.008805
257.8	-0.112112
258.0	-0.189654
258.2	-0.015868
258.4	0.015482
258.6	-0.087338
258.8	-0.129879
259.0	-0.033388
259.2	-0.078359
259.4	-0.110449
259.6	-0.119933
259.8	-0.050421
260.0	-0.100254
260.2	-0.079356
260.4	-0.203809
260.6	-0.148152
260.8	-0.065029
261.0	-0.143057
261.2	-0.118756
261.4	-0.065043
261.6	-0.143314
261.8	-0.122659
262.0	-0.114886

&

0.2	0.0
0.4	0.000402
0.6	0.00136
0.8	0.002823
1.0	0.004645
1.2	0.007156
1.4	0.009729
1.6	0.012268
1.8	0.015092
2.0	0.018285
2.2	0.021256
2.4	0.024572
2.6	0.027989
2.8	0.031432
3.0	0.035012
3.2	0.03874
3.4	0.042604
3.6	0.046367
3.8	0.050622
4.0	0.054686
4.2	0.05853
4.4	0.061936
4.6	0.06473
4.8	0.06744
5.0	0.07068
5.2	0.074291
5.4	0.077942
5.6	0.080751
5.8	0.083455
6.0	0.086329
6.2	0.089293
6.4	0.09166
6.6	0.093425
6.8	0.096153
7.0	0.099272
7.2	0.102019
7.4	0.104578
7.6	0.107025
7.8	0.109459
8.0	0.111053
8.2	0.112816
8.4	0.114909
8.6	0.116942
8.8	0.118166
9.0	0.121132
9.2	0.123621
9.4	0.126637
9.6	0.129835
9.8	0.13331
10.0	0.137198
10.2	0.141589
10.4	0.145811
10.6	0.15001
10.8	0.153943
11.0	0.157635
11.2	0.161378
11.4	0.164554
11.6	0.167792
11.8	0.170533
12.0	0.173353
12.2	0.174855
12.4	0.17722
12.6	0.179681
12.8	0.18305
13.0	0.186518
13.2	0.189268
13.4	0.19186
13.6	0.194422
13.8	0.197646
14.0	0.200017
14.2	0.202177
14.4	0.204874
14.6	0.207137
14.8	0.208622
15.0	0.210173
15.2	0.211662
15.4	0.213156
15.6	0.214719
15.8	0.216434
16.0	0.218544
16.2	0.222178
16.4	0.225663
16.6	0.229275
16.8	0.232946
17.0	0.237384
17.2	0.241916
17.4	0.246061
17.6	0.249925
17.8	0.254234
18.0	0.257918
18.2	0.261452
18.4	0.264961
18.6	0.269378
18.8	0.273052
19.0	0.276739
19.2	0.279983
19.4	0.283321
19.6	0.287088
19.8	0.289241
20.0	0.291139
20.2	0.293171
20.4	0.295672
20.6	0.298838
20.8	0.302133
21.0	0.304816
21.2	0.307652
21.4	0.310105
21.6	0.313403
21.8	0.315982
22.0	0.318393
22.2	0.322003
22.4	0.324816
22.6	0.327746
22.8	0.330807
23.0	0.334075
23.2	0.337376
23.4	0.341039
23.6	0.34473
23.8	0.347124
24.0	0.349311
24.2	0.351462
24.4	0.354589
24.6	0.357382
24.8	0.360387
25.0	0.36401
25.2	0.367502
25.4	0.370965
25.6	0.37474
25.8	0.378781
26.0	0.383297
26.2	0.388363
26.4	0.39261
26.6	0.396661
26.8	0.401641
27.0	0.406659
27.2	0.412147
27.4	0.417018
27.6	0.421495
27.8	0.425134
28.0	0.428517
28.2	0.433052
28.4	0.438078
28.6	0.44211
28.8	0.445937
29.0	0.449539
29.2	0.452308
29.4	0.455889
29.6	0.459061
29.8	0.462652
30.0	0.466881
30.2	0.471114
30.4	0.474632
30.6	0.477076
30.8	0.480407
31.0	0.483355
31.2	0.485161
31.4	0.488786
31.6	0.492114
31.8	0.495474
32.0	0.496907
32.2	0.499225
32.4	0.50136
32.6	0.503663
32.8	0.50625
33.0	0.50731
33.2	0.50903
33.4	0.510276
33.6	0.511569
33.8	0.513063
34.0	0.515732
34.2	0.518649
34.4	0.521645
34.6	0.523844
34.8	0.525789
35.0	0.52774
35.2	0.531114
35.4	0.533853
35.6	0.537992
35.8	0.541135
36.0	0.544135
36.2	0.54756
36.4	0.552262
36.6	0.556256
36.8	0.559841
37.0	0.563205
37.2	0.567048
37.4	0.571562
37.6	0.575694
37.8	0.579232
38.0	0.583627
38.2	0.586897
38.4	0.589519
38.6	0.593502
38.8	0.596436
39.0	0.59905
39.2	0.602481
39.4	0.605756
39.6	0.608302
39.8	0.610079
40.0	0.611321
40.2	0.614126
40.4	0.617087
40.6	0.619772
40.8	0.620936
41.0	0.623724
41.2	0.625644
41.4	0.627655
41.6	0.629042
41.8	0.630025
42.0	0.633603
42.2	0.636725
42.4	0.641732
42.6	0.645789
42.8	0.650129
43.0	0.65495
43.2	0.659663
43.4	0.664381
43.6	0.668381
43.8	0.671882
44.0	0.674982
44.2	0.678158
44.4	0.681555
44.6	0.685102
44.8	0.687549
45.0	0.691027
45.2	0.693585
45.4	0.696308
45.6	0.699699
45.8	0.703531
46.0	0.707214
46.2	0.71052
46.4	0.714494
46.6	0.717487
46.8	0.720854
47.0	0.724614
47.2	0.729172
47.4	0.73296
47.6	0.737972
47.8	0.741563
48.0	0.746196
48.2	0.750012
48.4	0.752975
48.6	0.756849
48.8	0.761409
49.0	0.765289
49.2	0.769362
49.4	0.773558
49.6	0.776759
49.8	0.781341
50.0	0.783357
50.2	0.786287
50.4	0.789492
50.6	0.792413
50.8	0.794855
51.0	0.796369
51.2	0.798709
51.4	0.800885
51.6	0.803924
51.8	0.808335
52.0	0.811279
52.2	0.815193
52.4	0.818111
52.6	0.820929
52.8	0.824222
53.0	0.827904
53.2	0.83042
53.4	0.834703
53.6	0.83937
53.8	0.843953
54.0	0.848766
54.2	0.853661
54.4	0.8587
54.6	0.86378
54.8	0.868133
55.0	0.873227
55.2	0.878361
55.4	0.882121
55.6	0.885642
55.8	0.888464
56.0	0.892319
56.2	0.895315
56.4	0.898254
56.6	0.90071
56.8	0.902329
57.0	0.904684
57.2	0.906899
57.4	0.908569
57.6	0.910909
57.8	0.91451
58.0	0.917657
58.2	0.920456
58.4	0.924196
58.6	0.928461
58.8	0.933837
59.0	0.939013
59.2	0.943957
59.4	0.94932
59.6	0.95428
59.8	0.95897
60.0	0.963813
60.2	0.968617
60.4	0.974131
60.6	0.978819
60.8	0.983763
61.0	0.988523
61.2	0.99255
61.4	0.996586
61.6	1.00064
61.8	1.00351
62.0	1.0072
62.2	1.01121
62.4	1.01444
62.6	1.01766
62.8	1.02101
63.0	1.02442
63.2	1.02859
63.4	1.03218
63.6	1.03494
63.8	1.03729
64.0	1.03959
64.2	1.04187
64.4	1.0451
64.6	1.04663
64.8	1.04791
65.0	1.05032
65.2	1.05266
65.4	1.05578
65.6	1.05865
65.8	1.06174
66.0	1.06369
66.2	1.06682
66.4	1.07005
66.6	1.07289
66.8	1.07593
67.0	1.07849
67.2	1.08201
67.4	1.08514
67.6	1.08912
67.8	1.09125
68.0	1.09422
68.2	1.09764
68.4	1.1023
68.6	1.10646
68.8	1.11103
69.0	1.1145
69.2	1.11717
69.4	1.12263
69.6	1.12738
69.8	1.1338
70.0	1.13922
70.2	1.14539
70.4	1.15191
70.6	1.15652
70.8	1.16041
71.0	1.16285
71.2	1.16686
71.4	1.17126
71.6	1.17466
71.8	1.17946
72.0	1.18438
72.2	1.18937
72.4	1.19277
72.6	1.19564
72.8	1.19942
73.0	1.20329
73.2	1.20675
73.4	1.20901
73.6	1.2123
73.8	1.21422
74.0	1.21578
74.2	1.21686
74.4	1.218
74.6	1.21978
74.8	1.22093
75.0	1.22081
75.2	1.22056
75.4	1.22196
75.6	1.22328
75.8	1.22438
76.0	1.22543
76.2	1.22658
76.4	1.22737
76.6	1.22909
76.8	1.22984
77.0	1.22984
77.2	1.23205
77.4	1.2327
77.6	1.23342
77.8	1.23576
78.0	1.23598
78.2	1.23593
78.4	1.23564
78.6	1.23662
78.8	1.23886
79.0	1.2403
79.2	1.2434
79.4	1.24593
79.6	1.24776
79.8	1.2493
80.0	1.2512
80.2	1.25332
80.4	1.25419
80.6	1.25593
80.8	1.25836
81.0	1.26048
81.2	1.2614
81.4	1.26282
81.6	1.26679
81.8	1.27226
82.0	1.27637
82.2	1.27926
82.4	1.28254
82.6	1.28477
82.8	1.28693
83.0	1.28986
83.2	1.29184
83.4	1.29425
83.6	1.29693
83.8	1.29956
84.0	1.30236
84.2	1.30489
84.4	1.30613
84.6	1.30833
84.8	1.31091
85.0	1.31375
85.2	1.31554
85.4	1.31828
85.6	1.32081
85.8	1.32268
86.0	1.32524
86.2	1.32877
86.4	1.3325
86.6	1.3356
86.8	1.33971
87.0	1.34415
87.2	1.3448
87.4	1.34709
87.6	1.34982
87.8	1.35373
88.0	1.35667
88.2	1.35744
88.4	1.3608
88.6	1.36467
88.8	1.36828
89.0	1.37461
89.2	1.38045
89.4	1.38453
89.6	1.38755
89.8	1.39091
90.0	1.3943
90.2	1.39807
90.4	1.4017
90.6	1.40582
90.8	1.40937
91.0	1.41004
91.2	1.41183
91.4	1.41277
91.6	1.41482
91.8	1.41539
92.0	1.41575
92.2	1.4167
92.4	1.41834
92.6	1.41976
92.8	1.42052
93.0	1.4227
93.2	1.42509
93.4	1.42926
93.6	1.4338
93.8	1.43591
94.0	1.43831
94.2	1.44152
94.4	1.44579
94.6	1.45033
94.8	1.45598
95.0	1.46071
95.2	1.46489
95.4	1.46704
95.6	1.4678
95.8	1.46816
96.0	1.46934
96.2	1.47181
96.4	1.47581
96.6	1.48022
96.8	1.48176
97.0	1.48501
97.2	1.48676
97.4	1.4894
97.6	1.49032
97.8	1.49127
98.0	1.49175
98.2	1.4944
98.4	1.49742
98.6	1.50031
98.8	1.50258
99.0	1.50835
99.2	1.51402
99.4	1.51849
99.6	1.52499
99.8	1.53114
100.0	1.53561
100.2	1.53977
100.4	1.54441
100.6	1.54808
100.8	1.55156
101.0	1.55606
101.2	1.56155
101.4	1.56642
101.6	1.57082
101.8	1.57353
102.0	1.57551
102.2	1.57606
102.4	1.57629
102.6	1.57597
102.8	1.57711
103.0	1.57918
103.2	1.58006
103.4	1.58157
103.6	1.58566
103.8	1.58824
104.0	1.59267
104.2	1.59794
104.4	1.60258
104.6	1.60673
104.8	1.60972
105.0	1.61294
105.2	1.61685
105.4	1.62141
105.6	1.62424
105.8	1.62739
106.0	1.63041
106.2	1.63278
106.4	1.63568
106.6	1.63921
106.8	1.64161
107.0	1.64213
107.2	1.64236
107.4	1.64354
107.6	1.64644
107.8	1.65012
108.0	1.65484
108.2	1.65846
108.4	1.66311
108.6	1.66623
108.8	1.6707
109.0	1.67368
109.2	1.67847
109.4	1.68313
109.6	1.68521
109.8	1.68679
110.0	1.68666
110.2	1.68789
110.4	1.69074
110.6	1.69253
110.8	1.69681
111.0	1.69801
111.2	1.69956
111.4	1.70088
111.6	1.70342
111.8	1.70547
112.0	1.70618
112.2	1.70946
112.4	1.71344
112.6	1.71756
112.8	1.72098
113.0	1.72406
113.2	1.72398
113.4	1.72412
113.6	1.72612
113.8	1.72711
114.0	1.72975
114.2	1.73275
114.4	1.7361
114.6	1.73833
114.8	1.7412
115.0	1.74506
115.2	1.74665
115.4	1.7481
115.6	1.74932
115.8	1.75179
116.0	1.75519
116.2	1.75772
116.4	1.76156
116.6	1.7658
116.8	1.76821
117.0	1.77016
117.2	1.76994
117.4	1.76978
117.6	1.77001
117.8	1.77001
118.0	1.77034
118.2	1.77391
118.4	1.77446
118.6	1.77547
118.8	1.7776
119.0	1.77909
119.2	1.78011
119.4	1.77918
119.6	1.78023
119.8	1.78222
120.0	1.78502
120.2	1.7889
120.4	1.79259
120.6	1.79586
120.8	1.79735
121.0	1.801
121.2	1.80144
121.4	1.80485
121.6	1.80843
121.8	1.81051
122.0	1.81383
122.2	1.81553
122.4	1.81612
122.6	1.8156
122.8	1.81559
123.0	1.81609
123.2	1.81644
123.4	1.81689
123.6	1.81731
123.8	1.81827
124.0	1.82029
124.2	1.82421
124.4	1.82822
124.6	1.8301
124.8	1.83316
125.0	1.83819
125.2	1.84374
125.4	1.8492
125.6	1.85478
125.8	1.85964
126.0	1.86368
126.2	1.86779
126.4	1.87097
126.6	1.87543
126.8	1.87944
127.0	1.88515
127.2	1.89052
127.4	1.89552
127.6	1.90305
127.8	1.90987
128.0	1.9156
128.2	1.92196
128.4	1.92809
128.6	1.9316
128.8	1.93532
129.0	1.93642
129.2	1.93968
129.4	1.94117
129.6	1.94292
129.8	1.94413
130.0	1.94625
130.2	1.94955
130.4	1.95366
130.6	1.95781
130.8	1.96063
131.0	1.96445
131.2	1.96828
131.4	1.9722
131.6	1.97792
131.8	1.98136
132.0	1.98469
132.2	1.992
132.4	1.99737
132.6	2.00166
132.8	2.00519
133.0	2.00948
133.2	2.01498
133.4	2.01784
133.6	2.02163
133.8	2.02581
134.0	2.0283
134.2	2.03116
134.4	2.0346
134.6	2.04009
134.8	2.04427
135.0	2.04867
135.2	2.05246
135.4	2.05582
135.6	2.05846
135.8	2.06372
136.0	2.06894
136.2	2.07667
136.4	2.08168
136.6	2.08627
136.8	2.08998
137.0	2.0914
137.2	2.09466
137.4	2.09908
137.6	2.10266
137.8	2.106
138.0	2.11093
138.2	2.11388
138.4	2.11853
138.6	2.12325
138.8	2.12499
139.0	2.12737
139.2	2.13088
139.4	2.13298
139.6	2.13448
139.8	2.13573
140.0	2.13829
140.2	2.14218
140.4	2.14632
140.6	2.14998
140.8	2.15549
141.0	2.15988
141.2	2.16402
141.4	2.16854
141.6	2.17313
141.8	2.17805
142.0	2.18195
142.2	2.18596
142.4	2.18977
142.6	2.19259
142.8	2.19432
143.0	2.19568
143.2	2.19952
143.4	2.20263
143.6	2.20412
143.8	2.20681
144.0	2.21168
144.2	2.21441
144.4	2.21941
144.6	2.22185
144.8	2.2229
145.0	2.22488
145.2	2.22778
145.4	2.23255
145.6	2.23765
145.8	2.24102
146.0	2.243
146.2	2.24562
146.4	2.24724
146.6	2.25069
146.8	2.25449
147.0	2.25967
147.2	2.26328
147.4	2.26802
147.6	2.27145
147.8	2.27467
148.0	2.27827
148.2	2.28051
148.4	2.28188
148.6	2.28588
148.8	2.29042
149.0	2.2957
149.2	2.30156
149.4	2.30584
149.6	2.30933
149.8	2.31239
150.0	2.31536
150.2	2.31883
150.4	2.32149
150.6	2.32672
150.8	2.329
151.0	2.33299
151.2	2.33846
151.4	2.34306
151.6	2.34683
151.8	2.34922
152.0	2.35209
152.2	2.35705
152.4	2.3607
152.6	2.36219
152.8	2.36306
153.0	2.36456
153.2	2.36644
153.4	2.36914
153.6	2.37293
153.8	2.37587
154.0	2.37854
154.2	2.37998
154.4	2.38269
154.6	2.3853
154.8	2.38887
155.0	2.39081
155.2	2.39355
155.4	2.39684
155.6	2.40154
155.8	2.40612
156.0	2.40854
156.2	2.41014
156.4	2.41302
156.6	2.41568
156.8	2.41831
157.0	2.4201
157.2	2.42288
157.4	2.42494
157.6	2.42806
157.8	2.43243
158.0	2.43583
158.2	2.44015
158.4	2.44676
158.6	2.44931
158.8	2.45258
159.0	2.4595
159.2	2.4656
159.4	2.47272
159.6	2.47586
159.8	2.47977
160.0	2.4848
160.2	2.4878
160.4	2.49094
160.6	2.49559
160.8	2.49887
161.0	2.50204
161.2	2.50496
161.4	2.50754
161.6	2.50877
161.8	2.51098
162.0	2.51397
162.2	2.51796
162.4	2.52297
162.6	2.52647
162.8	2.52677
163.0	2.52803
163.2	2.52862
163.4	2.52827
163.6	2.52935
163.8	2.53153
164.0	2.53433
164.2	2.53605
164.4	2.53711
164.6	2.54123
164.8	2.54305
165.0	2.54624
165.2	2.54763
165.4	2.54945
165.6	2.55216
165.8	2.55571
166.0	2.5594
166.2	2.56467
166.4	2.57032
166.6	2.57541
166.8	2.58013
167.0	2.58251
167.2	2.5821
167.4	2.58349
167.6	2.58542
167.8	2.58871
168.0	2.59153
168.2	2.59338
168.4	2.59625
168.6	2.60051
168.8	2.60411
169.0	2.60658
169.2	2.61052
169.4	2.61379
169.6	2.61429
169.8	2.61747
170.0	2.6205
170.2	2.62438
170.4	2.62564
170.6	2.62834
170.8	2.63189
171.0	2.63511
171.2	2.63699
171.4	2.63567
171.6	2.63533
171.8	2.63455
172.0	2.63481
172.2	2.63327
172.4	2.63333
172.6	2.63332
172.8	2.63143
173.0	2.63247
173.2	2.63402
173.4	2.63452
173.6	2.63721
173.8	2.63712
174.0	2.63845
174.2	2.63969
174.4	2.64339
174.6	2.64653
174.8	2.6499
175.0	2.65456
175.2	2.65837
175.4	2.66358
175.6	2.66725
175.8	2.67144
176.0	2.67551
176.2	2.67847
176.4	2.68106
176.6	2.68297
176.8	2.68537
177.0	2.68749
177.2	2.68664
177.4	2.68682
177.6	2.6864
177.8	2.68455
178.0	2.68506
178.2	2.68591
178.4	2.68508
178.6	2.6853
178.8	2.68727
179.0	2.68852
179.2	2.68999
179.4	2.69004
179.6	2.68945
179.8	2.68756
180.0	2.68689
180.2	2.68751
180.4	2.68728
180.6	2.69049
180.8	2.69372
181.0	2.69686
181.2	2.70027
181.4	2.70117
181.6	2.70428
181.8	2.70591
182.0	2.70895
182.2	2.71314
182.4	2.71429
182.6	2.71514
182.8	2.71455
183.0	2.71426
183.2	2.71272
183.4	2.71166
183.6	2.71251
183.8	2.71667
184.0	2.71999
184.2	2.72344
184.4	2.72755
184.6	2.73156
184.8	2.73659
185.0	2.73929
185.2	2.74206
185.4	2.74314
185.6	2.74505
185.8	2.74822
186.0	2.75173
186.2	2.75597
186.4	2.75885
186.6	2.76173
186.8	2.76287
187.0	2.76491
187.2	2.76662
187.4	2.76821
187.6	2.77012
187.8	2.771
188.0	2.76927
188.2	2.76892
188.4	2.76861
188.6	2.77071
188.8	2.77383
189.0	2.77535
189.2	2.77833
189.4	2.78199
189.6	2.78647
189.8	2.79115
190.0	2.79494
190.2	2.79963
190.4	2.80589
190.6	2.81312
190.8	2.81922
191.0	2.82206
191.2	2.82314
191.4	2.8267
191.6	2.8285
191.8	2.83155
192.0	2.83478
192.2	2.83681
192.4	2.83704
192.6	2.83772
192.8	2.83694
193.0	2.83691
193.2	2.83443
193.4	2.83251
193.6	2.83093
193.8	2.8313
194.0	2.83214
194.2	2.8335
194.4	2.83602
194.6	2.83926
194.8	2.8433
195.0	2.84771
195.2	2.85011
195.4	2.85111
195.6	2.85466
195.8	2.85479
196.0	2.8548
196.2	2.85304
196.4	2.85462
196.6	2.85875
196.8	2.86003
197.0	2.8622
197.2	2.85918
197.4	2.86079
197.6	2.86187
197.8	2.86191
198.0	2.86319
198.2	2.86573
198.4	2.87009
198.6	2.87714
198.8	2.88323
199.0	2.88701
199.2	2.89135
199.4	2.89547
199.6	2.90098
199.8	2.90432
200.0	2.90839
200.2	2.90971
200.4	2.91299
200.6	2.91678
200.8	2.92312
201.0	2.92868
201.2	2.93076
201.4	2.93331
201.6	2.93655
201.8	2.93785
202.0	2.94355
202.2	2.94768
202.4	2.95255
202.6	2.95761
202.8	2.96144
203.0	2.96491
203.2	2.97043
203.4	2.97643
203.6	2.98247
203.8	2.98793
204.0	2.99176
204.2	2.994
204.4	2.99946
204.6	3.00279
204.8	3.0076
205.0	3.00711
205.2	3.0057
205.4	3.00562
205.6	3.00657
205.8	3.00819
206.0	3.01255
206.2	3.01634
206.4	3.01796
206.6	3.01993
206.8	3.0225
207.0	3.02611
207.2	3.0282
207.4	3.03032
207.6	3.02951
207.8	3.03188
208.0	3.03445
208.2	3.03786
208.4	3.04233
208.6	3.04748
208.8	3.053
209.0	3.05906
209.2	3.06282
209.4	3.06488
209.6	3.0657
209.8	3.06496
210.0	3.06819
210.2	3.0688
210.4	3.06989
210.6	3.07163
210.8	3.07202
211.0	3.07417
211.2	3.07497
211.4	3.07522
211.6	3.07515
211.8	3.0742
212.0	3.0731
212.2	3.07197
212.4	3.07398
212.6	3.07728
212.8	3.0778
213.0	3.08171
213.2	3.08689
213.4	3.09092
213.6	3.09359
213.8	3.09709
214.0	3.09915
214.2	3.10289
214.4	3.10412
214.6	3.10481
214.8	3.10296
215.0	3.10075
215.2	3.10091
215.4	3.10039
215.6	3.09903
215.8	3.0971
216.0	3.09487
216.2	3.09418
216.4	3.09393
216.6	3.09396
216.8	3.09467
217.0	3.09681
217.2	3.09722
217.4	3.10016
217.6	3.10316
217.8	3.10707
218.0	3.10919
218.2	3.11357
218.4	3.11748
218.6	3.12118
218.8	3.12551
219.0	3.12909
219.2	3.13125
219.4	3.13509
219.6	3.13549
219.8	3.13537
220.0	3.13729
220.2	3.13697
220.4	3.13571
220.6	3.13507
220.8	3.13293
221.0	3.12988
221.2	3.12868
221.4	3.12891
221.6	3.12951
221.8	3.13094
222.0	3.13227
222.2	3.13383
222.4	3.13569
222.6	3.13749
222.8	3.14171
223.0	3.14601
223.2	3.15087
223.4	3.15654
223.6	3.16181
223.8	3.16545
224.0	3.17129
224.2	3.17915
224.4	3.18455
224.6	3.19057
224.8	3.1931
225.0	3.19778
225.2	3.20033
225.4	3.20336
225.6	3.20716
225.8	3.21031
226.0	3.21425
226.2	3.22016
226.4	3.22623
226.6	3.23113
226.8	3.23319
227.0	3.23874
227.2	3.24297
227.4	3.24499
227.6	3.24803
227.8	3.2499
228.0	3.25146
228.2	3.25455
228.4	3.25655
228.6	3.2556
228.8	3.25567
229.0	3.255
229.2	3.25685
229.4	3.25886
229.6	3.25886
229.8	3.2552
230.0	3.251
230.2	3.24769
230.4	3.24464
230.6	3.24336
230.8	3.24302
231.0	3.24326
231.2	3.24142
231.4	3.23814
231.6	3.23673
231.8	3.23781
232.0	3.23656
232.2	3.23827
232.4	3.23694
232.6	3.23785
232.8	3.23976
233.0	3.24237
233.2	3.24559
233.4	3.25044
233.6	3.25327
233.8	3.25425
234.0	3.25768
234.2	3.26188
234.4	3.26863
234.6	3.27518
234.8	3.27752
235.0	3.28043
235.2	3.28225
235.4	3.28573
235.6	3.28846
235.8	3.29184
236.0	3.29231
236.2	3.29471
236.4	3.29535
236.6	3.29806
236.8	3.30044
237.0	3.30425
237.2	3.30806
237.4	3.3113
237.6	3.31361
237.8	3.3171
238.0	3.32065
238.2	3.32465
238.4	3.32583
238.6	3.32686
238.8	3.33019
239.0	3.32907
239.2	3.32759
239.4	3.32724
239.6	3.32748
239.8	3.32953
240.0	3.33119
240.2	3.33178
240.4	3.33472
240.6	3.33615
240.8	3.3367
241.0	3.33817
241.2	3.33668
241.4	3.33851
241.6	3.34105
241.8	3.34372
242.0	3.34681
242.2	3.35053
242.4	3.35278
242.6	3.35411
242.8	3.35617
243.0	3.36079
243.2	3.36619
243.4	3.37204
243.6	3.37496
243.8	3.37863
244.0	3.3826
244.2	3.38397
244.4	3.38866
244.6	3.39293
244.8	3.39716
245.0	3.40043
245.2	3.40323
245.4	3.40667
245.6	3.40851
245.8	3.41037
246.0	3.41388
246.2	3.41849
246.4	3.42283
246.6	3.42776
246.8	3.43196
247.0	3.43732
247.2	3.44476
247.4	3.45016
247.6	3.45671
247.8	3.46395
248.0	3.47149
248.2	3.47927
248.4	3.48628
248.6	3.4909
248.8	3.49654
249.0	3.50253
249.2	3.50911
249.4	3.51311
249.6	3.51838
249.8	3.52197
250.0	3.52609
250.2	3.53159
250.4	3.53581
250.6	3.54253
250.8	3.54698
251.0	3.55388
251.2	3.5566
251.4	3.55818
251.6	3.55723
251.8	3.55863
252.0	3.55776
252.2	3.556
252.4	3.55545
252.6	3.55211
252.8	3.5482
253.0	3.54381
253.2	3.54086
253.4	3.53717
253.6	3.53493
253.8	3.53189
254.0	3.52755
254.2	3.52101
254.4	3.51786
254.6	3.51976
254.8	3.52058
255.0	3.52094
255.2	3.5199
255.4	3.51845
255.6	3.52054
255.8	3.52423
256.0	3.5258
256.2	3.52978
256.4	3.53312
256.6	3.53696
256.8	3.54015
257.0	3.54148
257.2	3.54191
257.4	3.54331
257.6	3.54268
257.8	3.54307
258.0	3.54507
258.2	3.54836
258.4	3.5483
258.6	3.54887
258.8	3.54993
259.0	3.55204
259.2	3.55142
259.4	3.5513
259.6	3.55413
259.8	3.5557
260.0	3.55629
260.2	3.55872
260.4	3.56058
260.6	3.56269
260.8	3.56525
261.0	3.56702
261.2	3.56927
261.4	3.57261
261.6	3.5737
261.8	3.57784
262.0	3.58089

&

