0.2	0.001215
0.4	0.001215
0.6	0.008507
0.8	0.01507
1.0	0.014584
1.2	0.027223
1.4	0.019445
1.6	0.012639
1.8	0.017987
2.0	0.062953
2.2	0.059064
2.4	0.0508
2.6	0.062953
2.8	0.050314
3.0	0.063926
3.2	0.083614
3.4	0.087503
3.6	0.058578
3.8	0.059794
4.0	0.043265
4.2	0.055418
4.4	0.041807
4.6	0.031112
4.8	0.037189
5.0	0.043022
5.2	0.02066
5.4	-0.028925
5.6	-0.020174
5.8	0.038161
6.0	0.036703
6.2	0.035001
6.4	0.058335
6.6	0.066842
6.8	0.04521
7.0	0.001701
7.2	0.009966
7.4	-0.001215
7.6	-0.069759
7.8	-0.053717
8.0	-0.095038
8.2	0.016285
8.4	0.010695
8.6	0.035973
8.8	0.032814
9.0	0.01191
9.2	-0.007292
9.4	0.020174
9.6	0.144137
9.8	0.138546
10.0	0.090176
10.2	0.182297
10.4	0.163095
10.6	0.117886
10.8	0.157505
11.0	0.09285
11.2	0.097468
11.4	0.110108
11.6	0.150699
11.8	0.244522
12.0	0.177679
12.2	0.1174
12.4	0.113997
12.6	0.076565
12.8	0.007535
13.0	0.011424
13.2	-0.051772
13.4	0.00875
13.6	0.0508
13.8	0.046911
14.0	-0.003646
14.2	-0.02139
14.4	0.057606
14.6	0.114726
14.8	-0.063196
15.0	0.05712
15.2	0.016042
15.4	-0.017744
15.6	-0.031355
15.8	-0.045939
16.0	0.096496
16.2	0.026737
16.4	0.073891
16.6	0.016285
16.8	-0.004618
17.0	0.050071
17.2	0.024549
17.4	-0.041807
17.6	0.046911
17.8	0.032084
18.0	0.118129
18.2	0.067815
18.4	0.018473
18.6	-0.062953
18.8	-0.100628
19.0	-0.087989
19.2	0.034758
19.4	0.142192
19.6	0.002674
19.8	0.024549
20.0	0.069759
20.2	0.118858
20.4	0.15629
20.6	0.015799
20.8	-0.046668
21.0	0.028195
21.2	0.00875
21.4	0.177193
21.6	0.180596
21.8	0.157505
22.0	0.107434
22.2	0.257404
22.4	0.359977
22.6	0.376019
22.8	0.237959
23.0	0.22775
23.2	0.214868
23.4	0.118858
23.6	0.040349
23.8	0.166255
24.0	0.113997
24.2	0.071461
24.4	0.033543
24.6	0.192749
24.8	0.17063
25.0	0.166741
25.2	0.088232
25.4	0.105489
25.6	0.03889
25.8	0.098198
26.0	0.221917
26.2	0.105976
26.4	0.140734
26.6	0.161394
26.8	0.070974
27.0	0.157262
27.2	0.00316
27.4	-0.035973
27.6	-0.09601
27.8	-0.031598
28.0	-0.058092
28.2	0.001215
28.4	0.115941
28.6	0.096496
28.8	0.08726
29.0	0.05396
29.2	-0.051286
29.4	-0.034515
29.6	-0.038404
29.8	-0.056877
30.0	-0.138303
30.2	-0.219729
30.4	-0.238688
30.6	-0.223618
30.8	0.116427
31.0	0.197853
31.2	0.219729
31.4	0.02066
31.6	-0.013368
31.8	0.020903
32.0	-0.053231
32.2	-0.04521
32.4	-0.133199
32.6	-0.253029
32.8	-0.163339
33.0	-0.171603
33.2	-0.104517
33.4	-0.056877
33.6	-0.06271
33.8	-0.075593
34.0	-0.072433
34.2	-0.06903
34.4	-0.101357
34.6	-0.248411
34.8	-0.041564
35.0	-0.033786
35.2	0.200284
35.4	0.155804
35.6	0.213896
35.8	0.238202
36.0	0.255459
36.2	0.142192
36.4	0.042779
36.6	-0.016042
36.8	-0.008021
37.0	-0.105976
37.2	-0.006806
37.4	-0.053474
37.6	0.139761
37.8	0.212923
38.0	0.238202
38.2	0.131983
38.4	-0.042293
38.6	-0.000243
38.8	-0.148755
39.0	-0.225077
39.2	-0.428034
39.4	-0.340046
39.6	-0.318656
39.8	-0.159693
40.0	0.008021
40.2	0.021147
40.4	0.138789
40.6	0.009966
40.8	0.079968
41.0	0.068301
41.2	0.169415
41.4	0.085801
41.6	-0.03889
41.8	0.030869
42.0	0.037918
42.2	0.098684
42.4	0.042779
42.6	-0.062467
42.8	-0.014341
43.0	-0.018716
43.2	0.043994
43.4	0.023091
43.6	-0.031841
43.8	0.068544
44.0	0.0333
44.2	0.103545
44.4	0.015556
44.6	0.214139
44.8	0.222403
45.0	0.095524
45.2	0.066842
45.4	-0.144137
45.6	0.03014
45.8	-0.135143
46.0	-0.236014
46.2	-0.103788
46.4	-0.196152
46.6	-0.163339
46.8	-0.21025
47.0	-0.267856
47.2	-0.337372
47.4	-0.228723
47.6	-0.117156
47.8	0.083857
48.0	-0.088475
48.2	0.004861
48.4	-0.007292
48.6	0.090906
48.8	-0.135872
49.0	0.040592
49.2	0.221431
49.4	0.134414
49.6	0.136115
49.8	0.205875
50.0	0.07778
50.2	0.009966
50.4	0.183027
50.6	0.044481
50.8	0.21025
51.0	0.009723
51.2	-0.057363
51.4	-0.005347
51.6	0.083614
51.8	0.186186
52.0	0.332267
52.2	0.226049
52.4	0.092121
52.6	-0.007049
52.8	0.237473
53.0	0.068787
53.2	-0.0333
53.4	0.061495
53.6	0.205875
53.8	0.116913
54.0	0.040105
54.2	-0.076808
54.4	0.132469
54.6	0.05955
54.8	0.181082
55.0	-0.098441
55.2	-0.091878
55.4	0.102816
55.6	-0.054446
55.8	0.186673
56.0	0.272231
56.2	0.29119
56.4	0.25473
56.6	0.278307
56.8	0.085558
57.0	0.03014
57.2	0.085801
57.4	-0.007292
57.6	-0.136115
57.8	-0.131983
58.0	-0.228236
58.2	0.06028
58.4	-0.034758
58.6	-0.024792
58.8	-0.044724
59.0	0.015313
59.2	-0.008264
59.4	-0.022605
59.6	-0.163825
59.8	-0.204659
60.0	-0.076079
60.2	-0.169658
60.4	-0.100142
60.6	0.05396
60.8	-0.118858
61.0	-0.327406
61.2	-0.246952
61.4	-0.13806
61.6	-0.263238
61.8	-0.308204
62.0	-0.103302
62.2	-0.200284
62.4	-0.036946
62.6	-0.136358
62.8	-0.151671
63.0	-0.192992
63.2	0.009723
63.4	-0.107434
63.6	-0.082155
63.8	-0.075593
64.0	0.027466
64.2	-0.029168
64.4	-0.10233
64.6	-0.274175
64.8	-0.09042
65.0	-0.10792
65.2	-0.107434
65.4	-0.135629
65.6	-0.052259
65.8	-0.087989
66.0	0.181811
66.2	-0.115455
66.4	-0.009479
66.6	0.05396
66.8	0.026251
67.0	-0.092607
67.2	-0.033543
67.4	0.126393
67.6	0.354143
67.8	0.068787
68.0	-0.176464
68.2	-0.234556
68.4	-0.374074
68.6	-0.451855
68.8	-0.457445
69.0	-0.303829
69.2	-0.195909
69.4	-0.198583
69.6	-0.210007
69.8	-0.065384
70.0	-0.118615
70.2	-0.197853
70.4	-0.315496
70.6	-0.094065
70.8	0.094552
71.0	-0.090176
71.2	-0.174276
71.4	-0.013125
71.6	-0.159449
71.8	-0.080211
72.0	0.045453
72.2	0.09917
72.4	0.287301
72.6	0.23723
72.8	-0.019445
73.0	0.124448
73.2	0.033543
73.4	-0.040592
73.6	0.117886
73.8	0.038404
74.0	0.01507
74.2	-0.073162
74.4	0.096496
74.6	-0.230667
74.8	-0.190805
75.0	-0.09601
75.2	-0.181568
75.4	-0.113267
75.6	-0.14122
75.8	-0.112052
76.0	0.026737
76.2	-0.113267
76.4	0.081912
76.6	0.127608
76.8	0.171846
77.0	0.265911
77.2	0.251814
77.4	0.227264
77.6	0.149484
77.8	0.058335
78.0	-0.05955
78.2	-0.221431
78.4	-0.126636
78.6	-0.233341
78.8	-0.013368
79.0	-0.006563
79.2	0.068058
79.4	-0.076565
79.6	0.02698
79.8	-0.010209
80.0	0.209521
80.2	0.359248
80.4	0.170873
80.6	-0.20077
80.8	-0.11983
81.0	-0.324733
81.2	-0.211951
81.4	-0.142921
81.6	-0.324246
81.8	-0.363623
82.0	-0.511891
82.2	-0.267856
82.4	-0.285113
82.6	-0.278307
82.8	-0.170873
83.0	-0.243306
83.2	-0.52842
83.4	-0.326434
83.6	-0.484425
83.8	-0.595262
84.0	-0.534253
84.2	-0.451368
84.4	-0.397408
84.6	-0.238445
84.8	-0.286815
85.0	0.228236
85.2	-0.066842
85.4	0.24039
85.6	0.112052
85.8	0.076322
86.0	-0.266397
86.2	-0.132469
86.4	-0.195666
86.6	-0.070974
86.8	0.028925
87.0	-0.092121
87.2	-0.044724
87.4	-0.041564
87.6	-0.131983
87.8	0.127851
88.0	0.271502
88.2	0.326677
88.4	0.403485
88.6	0.006077
88.8	-0.228479
89.0	-0.20709
89.2	-0.066599
89.4	-0.104274
89.6	-0.168443
89.8	0.081426
90.0	0.125421
90.2	0.101357
90.4	0.059307
90.6	-0.103059
90.8	-0.095767
91.0	0.359248
91.2	0.166255
91.4	0.124691
91.6	0.004375
91.8	-0.051529
92.0	-0.073891
92.2	0.051529
92.4	-0.366053
92.6	-0.236744
92.8	-0.241362
93.0	-0.037189
93.2	-0.08969
93.4	0.086044
93.6	0.121532
93.8	0.163582
94.0	0.101357
94.2	0.359734
94.4	0.202715
94.6	0.1857
94.8	0.012153
95.0	0.027952
95.2	-0.232368
95.4	-0.106462
95.6	-0.195423
95.8	-0.142921
96.0	0.018959
96.2	0.031841
96.4	0.275634
96.6	0.164554
96.8	-0.093093
97.0	-0.092121
97.2	0.133685
97.4	0.366053
97.6	0.356331
97.8	0.410777
98.0	0.542517
98.2	0.389873
98.4	0.307232
98.6	0.118615
98.8	0.025765
99.0	-0.20393
99.2	-0.114969
99.4	0.039862
99.6	0.044724
99.8	0.063683
100.0	0.185214
100.2	0.147053
100.4	-0.030869
100.6	-0.348796
100.8	0.053474
101.0	0.447479
101.2	0.633909
101.4	0.657
101.6	0.403971
101.8	0.352199
102.0	0.152158
102.2	0.22459
102.4	0.331538
102.6	0.399839
102.8	-0.100385
103.0	-0.095524
103.2	-0.095281
103.4	0.019931
103.6	-0.118858
103.8	-0.154102
104.0	-0.092121
104.2	-0.007535
104.4	0.230181
104.6	0.18643
104.8	0.086287
105.0	0.135629
105.2	0.071461
105.4	0.062467
105.6	-0.072433
105.8	-0.150942
106.0	-0.04837
106.2	-0.137574
106.4	-0.012153
106.6	-0.09042
106.8	-0.272717
107.0	0.037918
107.2	-0.034029
107.4	0.262508
107.6	0.05955
107.8	-0.059794
108.0	-0.066113
108.2	0.118615
108.4	-0.167228
108.6	-0.469355
108.8	-0.29362
109.0	-0.341504
109.2	-0.324003
109.4	-0.485883
109.6	-0.128337
109.8	0.011181
110.0	-0.147296
110.2	0.086044
110.4	0.193721
110.6	0.017987
110.8	0.113267
111.0	-0.071461
111.2	0.003646
111.4	0.189103
111.6	0.201256
111.8	0.204173
112.0	0.19761
112.2	0.138303
112.4	0.103788
112.6	0.547622
112.8	0.398624
113.0	0.331538
113.2	0.098684
113.4	0.31501
113.6	0.331781
113.8	0.402756
114.0	0.614464
114.2	0.267613
114.4	0.140248
114.6	0.02139
114.8	0.078509
115.0	0.245008
115.2	0.328622
115.4	0.124935
115.6	0.053474
115.8	-0.011181
116.0	0.172818
116.2	0.304315
116.4	0.364595
116.6	0.594047
116.8	0.458903
117.0	0.140248
117.2	-0.092607
117.4	-0.078509
117.6	0.198826
117.8	-0.008021
118.0	-0.193964
118.2	0.063926
118.4	0.059307
118.6	-0.214139
118.8	-0.306989
119.0	0.016771
119.2	0.027952
119.4	-0.023334
119.6	0.023091
119.8	-0.147782
120.0	0.021147
120.2	-0.173547
120.4	0.080211
120.6	-0.365324
120.8	0.016042
121.0	-0.161394
121.2	-0.229695
121.4	-0.033786
121.6	0.06344
121.8	-0.03573
122.0	0.226292
122.2	-0.01823
122.4	-0.144137
122.6	-0.085315
122.8	0.036703
123.0	0.15872
123.2	0.146324
123.4	0.090906
123.6	0.102816
123.8	0.291433
124.0	0.269071
124.2	0.100871
124.4	0.136358
124.6	0.316711
124.8	0.369213
125.0	0.333726
125.2	-0.091392
125.4	-0.282683
125.6	-0.361435
125.8	-0.067329
126.0	-0.131983
126.2	-0.164797
126.4	-0.06903
126.6	-0.259835
126.8	-0.307961
127.0	-0.223618
127.2	-0.228236
127.4	-0.024549
127.6	0.010938
127.8	-0.06344
128.0	-0.053231
128.2	-0.058335
128.4	-0.013855
128.6	0.204659
128.8	-0.106948
129.0	-0.257647
129.2	0.133928
129.4	0.166255
129.6	0.38088
129.8	0.226778
130.0	0.228966
130.2	-0.10233
130.4	0.010452
130.6	0.001945
130.8	-0.154345
131.0	-0.140977
131.2	-0.201743
131.4	0.001215
131.6	0.159206
131.8	0.156776
132.0	0.062467
132.2	0.11667
132.4	0.189832
132.6	0.466681
132.8	0.450882
133.0	0.264939
133.2	0.468383
133.4	0.548594
133.6	0.575088
133.8	0.294836
134.0	-0.012882
134.2	0.103302
134.4	0.172332
134.6	0.223132
134.8	0.316225
135.0	0.012639
135.2	0.147539
135.4	0.109865
135.6	0.071704
135.8	0.182297
136.0	0.22459
136.2	0.526961
136.4	0.257161
136.6	-0.018716
136.8	0.0841
137.0	0.345393
137.2	0.233098
137.4	0.300183
137.6	0.368241
137.8	0.061495
138.0	-0.083371
138.2	-0.173304
138.4	-0.403485
138.6	-0.3206
138.8	-0.255459
139.0	-0.324246
139.2	-0.250355
139.4	-0.085072
139.6	-0.049342
139.8	-0.309906
140.0	-0.182784
140.2	-0.177922
140.4	-0.067085
140.6	-0.041807
140.8	-0.101114
141.0	-0.144137
141.2	-0.351956
141.4	-0.21025
141.6	-0.048127
141.8	-0.191048
142.0	0.023091
142.2	-0.253758
142.4	-0.50144
142.6	-0.538628
142.8	-0.578491
143.0	-0.36265
143.2	-0.275148
143.4	-0.386471
143.6	-0.166012
143.8	-0.297752
144.0	-0.255946
144.2	-0.177436
144.4	-0.042536
144.6	0.159206
144.8	-0.011667
145.0	-0.148512
145.2	-0.052502
145.4	-0.187645
145.6	-0.077051
145.8	-0.159936
146.0	-0.02139
146.2	0.117643
146.4	0.343205
146.6	0.102816
146.8	0.223861
147.0	-0.015313
147.2	0.177679
147.4	0.197367
147.6	-0.082398
147.8	-0.123962
148.0	-0.093822
148.2	-0.195666
148.4	-0.395464
148.6	-0.014098
148.8	-0.085072
149.0	0.127851
149.2	-0.039619
149.4	-0.004861
149.6	0.018473
149.8	-0.068058
150.0	-0.106219
150.2	-0.156533
150.4	0.293134
150.6	0.055661
150.8	0.331052
151.0	0.688841
151.2	0.617138
151.4	0.410048
151.6	0.021147
151.8	0.21025
152.0	0.08094
152.2	-0.07462
152.4	0.008021
152.6	0.300912
152.8	0.429493
153.0	0.549323
153.2	0.33324
153.4	0.167714
153.6	-0.049828
153.8	0.028925
154.0	0.088475
154.2	0.24039
154.4	0.045696
154.6	-0.184728
154.8	-0.005834
155.0	0.162609
155.2	0.288273
155.4	0.374804
155.6	-0.026737
155.8	0.095767
156.0	-0.063196
156.2	-0.221431
156.4	-0.413694
156.6	-0.417826
156.8	-0.293134
157.0	0.038161
157.2	-0.036216
157.4	-0.270286
157.6	-0.303343
157.8	-0.082155
158.0	-0.028195
158.2	0.280738
158.4	-0.053717
158.6	-0.324976
158.8	-0.224834
159.0	-0.648007
159.2	-0.105733
159.4	-0.251814
159.6	-0.024792
159.8	0.000243
160.0	0.016042
160.2	0.071947
160.4	-0.068787
160.6	-0.147539
160.8	0.109135
161.0	-0.070731
161.2	-0.103059
161.4	-0.204416
161.6	0.032814
161.8	0.035244
162.0	0.212923
162.2	0.028925
162.4	-0.066599
162.6	-0.143164
162.8	-0.032084
163.0	-0.035001
163.2	0.36581
163.4	0.272474
163.6	0.287787
163.8	0.326434
164.0	0.401054
164.2	0.310149
164.4	0.145109
164.6	0.040592
164.8	0.073162
165.0	0.108406
165.2	0.374804
165.4	0.081183
165.6	-0.225077
165.8	0.016528
166.0	-0.204902
166.2	-0.347094
166.4	-0.046911
166.6	-0.30942
166.8	-0.39036
167.0	-0.148512
167.2	-0.055175
167.4	-0.209277
167.6	-0.313795
167.8	-0.29678
168.0	0.127122
168.2	-0.085315
168.4	-0.029654
168.6	-0.009236
168.8	-0.049342
169.0	0.220215
169.2	0.147053
169.4	-0.14365
169.6	-0.29362
169.8	-0.223618
170.0	-0.005104
170.2	0.038647
170.4	0.215354
170.6	0.317441
170.8	-0.091392
171.0	-0.645333
171.2	-0.154345
171.4	0.215597
171.6	0.198826
171.8	0.031598
172.0	-0.105246
172.2	0.18886
172.4	-0.138546
172.6	-0.271502
172.8	-0.139275
173.0	-0.233341
173.2	0.172818
173.4	0.338101
173.6	0.194937
173.8	0.243063
174.0	0.157262
174.2	0.040835
174.4	-0.092121
174.6	0.767594
174.8	0.742072
175.0	0.532309
175.2	0.115698
175.4	0.248411
175.6	0.301398
175.8	0.251084
176.0	0.201013
176.2	0.013368
176.4	0.031355
176.6	0.064655
176.8	0.425361
177.0	0.521614
177.2	0.395707
177.4	0.242577
177.6	0.344178
177.8	0.313309
178.0	0.196881
178.2	-0.177679
178.4	-0.20393
178.6	-0.179138
178.8	-0.267127
179.0	-0.118372
179.2	-0.108892
179.4	-0.028438
179.6	-0.423173
179.8	-0.406645
180.0	-0.291433
180.2	-0.14997
180.4	-0.155074
180.6	-0.011667
180.8	-0.238202
181.0	-0.347337
181.2	-0.299697
181.4	-0.46182
181.6	-0.298968
181.8	-0.158963
182.0	0.012153
182.2	-0.008021
182.4	-0.129553
182.6	0.043751
182.8	0.123476
183.0	0.072919
183.2	0.123476
183.4	-0.21584
183.6	-0.206604
183.8	0.1174
184.0	0.095524
184.2	0.226292
184.4	0.451125
184.6	0.163095
184.8	-0.006563
185.0	0.169415
185.2	-0.020174
185.4	0.007778
185.6	0.114726
185.8	0.255703
186.0	0.530121
186.2	0.622242
186.4	0.453313
186.6	-0.078023
186.8	-0.162852
187.0	0.098441
187.2	0.244522
187.4	0.034758
187.6	-0.261293
187.8	-0.10792
188.0	-0.016771
188.2	-0.016528
188.4	-0.297509
188.6	0.024792
188.8	-0.15556
189.0	-0.025522
189.2	0.0841
189.4	0.083128
189.6	-0.062224
189.8	0.097225
190.0	0.006077
190.2	0.044967
190.4	-0.204416
190.6	-0.043265
190.8	-0.127122
191.0	-0.110351
191.2	0.14681
191.4	0.119101
191.6	0.176464
191.8	0.000972
192.0	-0.321087
192.2	-0.222889
192.4	0.027223
192.6	0.056391
192.8	0.175492
193.0	-0.18643
193.2	-0.074863
193.4	-0.148512
193.6	-0.354143
193.8	0.078023
194.0	-0.071947
194.2	-0.199069
194.4	-0.555643
194.6	-0.239903
194.8	-0.494877
195.0	-0.354629
195.2	-0.301398
195.4	-0.488314
195.6	-0.404214
195.8	-0.416367
196.0	-0.319628
196.2	0.086774
196.4	0.052259
196.6	-0.121046
196.8	-0.168929
197.0	-0.282926
197.2	0.136358
197.4	0.144623
197.6	0.148998
197.8	0.093579
198.0	-0.315253
198.2	-0.18011
198.4	-0.050071
198.6	-0.008264
198.8	0.102087
199.0	-0.040592
199.2	0.023577
199.4	0.001945
199.6	0.015799
199.8	-0.052502
200.0	-0.172818
200.2	0.255216
200.4	0.160422
200.6	0.126879
200.8	0.060766
201.0	-0.212194
201.2	-0.136358
201.4	-0.001945
201.6	0.043751
201.8	-0.003403
202.0	-0.112052
202.2	-0.14681
202.4	0.18886
202.6	-0.001701
202.8	0.547622
203.0	0.179867
203.2	0.102087
203.4	-0.169415
203.6	-0.475432
203.8	-0.080697
204.0	-0.314524
204.2	-0.479321
204.4	-0.560504
204.6	-0.127122
204.8	-0.150699
205.0	-0.351713
205.2	-0.582623
205.4	-0.338587
205.6	-0.088961
205.8	0.139518
206.0	0.5396
206.2	0.304558
206.4	-0.051772
206.6	-0.182784
206.8	-0.329837
207.0	-0.027952
207.2	0.154345
207.4	0.084829
207.6	0.039133
207.8	0.168929
208.0	-0.078509
208.2	-0.147539
208.4	0.145352
208.6	0.0508
208.8	-0.380394
209.0	-0.404943
209.2	0.024549
209.4	-0.070002
209.6	0.206847
209.8	0.290461
210.0	0.10476
210.2	0.014098
210.4	0.169901
210.6	0.492203
210.8	0.647277
211.0	0.286815
211.2	-0.059307
211.4	0.055661
211.6	-0.330566
211.8	-0.290461
212.0	-0.04205
212.2	0.071947
212.4	0.121289
212.6	0.251814
212.8	0.393762
213.0	-0.084586
213.2	-0.312579
213.4	-0.204416
213.6	0.059307
213.8	-0.002188
214.0	-0.33324
214.2	0.125178
214.4	-0.047883
214.6	-0.010695
214.8	-0.247195
215.0	0.09042
215.2	0.333969
215.4	0.276363
215.6	0.205632
215.8	-0.020903
216.0	0.02382
216.2	0.046911
216.4	0.297752
216.6	0.301155
216.8	0.132226
217.0	-0.061252
217.2	0.76492
217.4	0.435083
217.6	0.352442
217.8	0.499252
218.0	0.232855
218.2	-0.185943
218.4	-0.139518
218.6	-0.26664
218.8	0.035487
219.0	0.014341
219.2	0.108649
219.4	-0.011181
219.6	-0.072676
219.8	0.173061
220.0	0.127365
220.2	-0.088475
220.4	-0.3031
220.6	-0.174762
220.8	-0.523072
221.0	-0.230424
221.2	-0.272231
221.4	-0.19834
221.6	-0.066113
221.8	-0.079725
222.0	0.137817
222.2	0.014584
222.4	-0.133442
222.6	-0.036946
222.8	-0.183027
223.0	-0.439458
223.2	-0.20077
223.4	-0.030626
223.6	-0.275148
223.8	-0.092121
224.0	-0.115941
224.2	-0.042536
224.4	-0.071461
224.6	-0.279037
224.8	-0.030383
225.0	-0.205875
225.2	-0.229938
225.4	-0.272474
225.6	0.099413
225.8	-0.197124
226.0	-0.177436
226.2	-0.131011
226.4	0.275634
226.6	0.054203
226.8	0.329594
227.0	0.356574
227.2	-0.14681
227.4	0.066842
227.6	0.14681
227.8	0.095767
228.0	0.08094
228.2	0.337615
228.4	0.290704
228.6	0.05396
228.8	-0.121532
229.0	-0.194451
229.2	-0.04521
229.4	0.298239
229.6	0.429493
229.8	0.403728
230.0	-0.066599
230.2	0.109622
230.4	-0.188374
230.6	-0.121532
230.8	-0.281467
231.0	-0.297996
231.2	-0.358032
231.4	-0.265182
231.6	-0.188374
231.8	-0.34515
232.0	-0.435083
232.2	-0.370915
232.4	-0.183756
232.6	-0.182541
232.8	-0.085072
233.0	-0.051772
233.2	0.173061
233.4	0.328135
233.6	0.235528
233.8	0.054932
234.0	0.21584
234.2	0.288516
234.4	0.291433
234.6	0.133199
234.8	-0.129553
235.0	-0.109865
235.2	-0.262265
235.4	-0.184242
235.6	0.029654
235.8	0.016771
236.0	0.206604
236.2	0.271745
236.4	0.122747
236.6	0.125421
236.8	0.425118
237.0	0.193478
237.2	-0.173304
237.4	-0.105246
237.6	0.201013
237.8	0.284627
238.0	0.229938
238.2	0.013612
238.4	-0.091635
238.6	-0.21268
238.8	0.065141
239.0	0.361192
239.2	0.149727
239.4	0.491474
239.6	0.111566
239.8	0.170387
240.0	0.468383
240.2	0.233341
240.4	0.117156
240.6	-0.040105
240.8	-0.233584
241.0	-0.214868
241.2	-0.386714
241.4	-0.309906
241.6	-0.097711
241.8	-0.049099
242.0	-0.206847
242.2	0.089204
242.4	-0.425847
242.6	-0.440674
242.8	-0.115698
243.0	-0.16188
243.2	-0.234556
243.4	0.06028
243.6	0.226778
243.8	0.46498
244.0	0.166498
244.2	0.224834
244.4	0.324003
244.6	-0.067329
244.8	-0.140977
245.0	0.067815
245.2	-0.185457
245.4	0.096739
245.6	-0.243549
245.8	-0.349282
246.0	-0.365324
246.2	-0.716307
246.4	-0.300912
246.6	-0.238688
246.8	0.147539
247.0	-0.075836
247.2	-0.220701
247.4	-0.359248
247.6	-0.260564
247.8	-0.145352
248.0	-0.366053

&

0.2	0.006077
0.4	-0.088494
0.6	-0.180391
0.8	-0.282983
1.0	-0.356407
1.2	-0.37101
1.4	-0.381481
1.6	-0.397785
1.8	-0.405096
2.0	-0.41897
2.2	-0.46274
2.4	-0.495816
2.6	-0.492432
2.8	-0.478596
3.0	-0.489067
3.2	-0.539643
3.4	-0.480841
3.6	-0.508326
3.8	-0.508102
4.0	-0.520274
4.2	-0.601234
4.4	-0.61851
4.6	-0.608077
4.8	-0.532261
5.0	-0.53787
5.2	-0.448685
5.4	-0.494643
5.6	-0.443862
5.8	-0.489577
6.0	-0.507583
6.2	-0.425446
6.4	-0.49012
6.6	-0.465347
6.8	-0.517138
7.0	-0.509379
7.2	-0.567004
7.4	-0.540286
7.6	-0.477352
7.8	-0.444072
8.0	-0.453813
8.2	-0.445082
8.4	-0.423954
8.6	-0.442446
8.8	-0.46507
9.0	-0.501792
9.2	-0.512992
9.4	-0.513983
9.6	-0.489696
9.8	-0.430164
10.0	-0.504561
10.2	-0.44114
10.4	-0.352198
10.6	-0.455519
10.8	-0.418107
11.0	-0.457745
11.2	-0.524606
11.4	-0.56546
11.6	-0.573257
11.8	-0.601715
12.0	-0.541454
12.2	-0.558001
12.4	-0.550972
12.6	-0.49776
12.8	-0.613963
13.0	-0.604503
13.2	-0.509484
13.4	-0.455786
13.6	-0.438791
13.8	-0.485721
14.0	-0.499838
14.2	-0.519302
14.4	-0.50498
14.6	-0.501353
14.8	-0.484601
15.0	-0.350692
15.2	-0.324217
15.4	-0.32132
15.6	-0.316477
15.8	-0.495634
16.0	-0.38433
16.2	-0.484005
16.4	-0.485483
16.6	-0.439563
16.8	-0.428887
17.0	-0.422343
17.2	-0.322463
17.4	-0.236195
17.6	-0.293577
17.8	-0.276825
18.0	-0.189341
18.2	-0.208319
18.4	-0.218547
18.6	-0.449233
18.8	-0.417897
19.0	-0.478438
19.2	-0.432518
19.4	-0.309548
19.6	-0.442765
19.8	-0.243716
20.0	-0.309362
20.2	-0.245455
20.4	-0.314261
20.6	-0.460118
20.8	-0.44288
21.0	-0.432933
21.2	-0.41375
21.4	-0.387761
21.6	-0.299792
21.8	-0.381237
22.0	-0.424764
22.2	-0.321238
22.4	-0.332924
22.6	-0.304262
22.8	-0.35897
23.0	-0.450138
23.2	-0.517
23.4	-0.572923
23.6	-0.552039
23.8	-0.501987
24.0	-0.407211
24.2	-0.444419
24.4	-0.448327
24.6	-0.444457
24.8	-0.330966
25.0	-0.33852
25.2	-0.358227
25.4	-0.237929
25.6	-0.320104
25.8	-0.285608
26.0	-0.335698
26.2	-0.392351
26.4	-0.423239
26.6	-0.452183
26.8	-0.467272
27.0	-0.497917
27.2	-0.480678
27.4	-0.550456
27.6	-0.500647
27.8	-0.463235
28.0	-0.593779
28.2	-0.546887
28.4	-0.595518
28.6	-0.485916
28.8	-0.556423
29.0	-0.517309
29.2	-0.68407
29.4	-0.585405
29.6	-0.601952
29.8	-0.681939
30.0	-0.621922
30.2	-0.591801
30.4	-0.434558
30.6	-0.360929
30.8	-0.217297
31.0	-0.242352
31.2	-0.290255
31.4	-0.308017
31.6	-0.18456
31.8	-0.235866
32.0	-0.293491
32.2	-0.367158
32.4	-0.2087
32.6	-0.27629
32.8	-0.243253
33.0	-0.226744
33.2	-0.371871
33.4	-0.358036
33.6	-0.477156
33.8	-0.549608
34.0	-0.528237
34.2	-0.559125
34.4	-0.490601
34.6	-0.618471
34.8	-0.591753
35.0	-0.603925
35.2	-0.522275
35.4	-0.375484
35.6	-0.343419
35.8	-0.300172
36.0	-0.425612
36.2	-0.349309
36.4	-0.577079
36.6	-0.390911
36.8	-0.366138
37.0	-0.386574
37.2	-0.35305
37.4	-0.437169
37.6	-0.517156
37.8	-0.509154
38.0	-0.458859
38.2	-0.409536
38.4	-0.328858
38.6	-0.428777
38.8	-0.298514
39.0	-0.358569
39.2	-0.355915
39.4	-0.324579
39.6	-0.29543
39.8	-0.367153
40.0	-0.335088
40.2	-0.309585
40.4	-0.227935
40.6	-0.296255
40.8	-0.366762
41.0	-0.521126
41.2	-0.446039
41.4	-0.302407
41.6	-0.342046
41.8	-0.109696
42.0	-0.277672
42.2	-0.49815
42.4	-0.491363
42.6	-0.446658
42.8	-0.533937
43.0	-0.435029
43.2	-0.431889
43.4	-0.256902
43.6	-0.139035
43.8	-0.229474
44.0	-0.341545
44.2	-0.2825
44.4	-0.221996
44.6	-0.276218
44.8	-0.314398
45.0	-0.383934
45.2	-0.265581
45.4	-0.234731
45.6	-0.282876
45.8	-0.317897
46.0	-0.398856
46.2	-0.332518
46.4	-0.364379
46.6	-0.344224
46.8	-0.36466
47.0	-0.542115
47.2	-0.412339
47.4	-0.246102
47.6	-0.393661
47.8	-0.4175
48.0	-0.450576
48.2	-0.390072
48.4	-0.178626
48.6	-0.323997
48.8	-0.242833
49.0	-0.29827
49.2	-0.502706
49.4	-0.706655
49.6	-0.722473
49.8	-0.608252
50.0	-0.622126
50.2	-0.687286
50.4	-0.786961
50.6	-0.79257
50.8	-0.624633
51.0	-0.587706
51.2	-0.59526
51.4	-0.533055
51.6	-0.486163
51.8	-0.509759
52.0	-0.492764
52.2	-0.45365
52.4	-0.507386
52.6	-0.486501
52.8	-0.337036
53.0	-0.309832
53.2	-0.193424
53.4	-0.162817
53.6	-0.182281
53.8	-0.335916
54.0	-0.257669
54.2	-0.402554
54.4	-0.411809
54.6	-0.241441
54.8	-0.191389
55.0	-0.18922
55.2	-0.344071
55.4	-0.55118
55.6	-0.414354
55.8	-0.474896
56.0	-0.365537
56.2	-0.399341
56.4	-0.297517
56.6	-0.283195
56.8	-0.213455
57.0	-0.22903
57.2	-0.263321
57.4	-0.225666
57.6	-0.102208
57.8	0.01663
58.0	-0.203604
58.2	-0.196574
58.4	-0.275832
58.6	-0.425821
58.8	-0.52185
59.0	-0.668436
59.2	-0.443622
59.4	-0.366104
59.6	-0.546719
59.8	-0.32239
60.0	-0.392655
60.2	-0.607785
60.4	-0.773087
60.6	-0.70602
60.8	-0.764375
61.0	-0.755157
61.2	-0.753232
61.4	-0.708527
61.6	-0.485171
61.8	-0.427098
62.0	-0.422985
62.2	-0.329182
62.4	-0.29736
62.6	-0.056746
62.8	-0.294967
63.0	-0.289153
63.2	-0.336083
63.4	-0.490447
63.6	-0.387407
63.8	-0.272214
64.0	-0.307721
64.2	-0.419792
64.4	-0.563218
64.6	-0.534799
64.8	-0.460198
65.0	-0.286669
65.2	-0.473604
65.4	-0.166877
65.6	-0.209919
65.8	-0.34581
66.0	-0.345586
66.2	-0.669608
66.4	-0.290692
66.6	-0.309427
66.8	-0.237256
67.0	-0.319674
67.2	-0.307296
67.4	-0.19502
67.6	-0.153718
67.8	-0.165405
68.0	-0.234454
68.2	-0.097871
68.4	-0.207026
68.6	-0.375244
68.8	-0.285816
69.0	-0.347816
69.2	-0.347349
69.4	-0.268859
69.6	-0.160715
69.8	0.036633
70.0	-0.047972
70.2	-0.048234
70.4	-0.068184
70.6	-0.149872
70.8	-0.332189
71.0	-0.320541
71.2	-0.308164
71.4	-0.358254
71.6	-0.455984
71.8	-0.38114
72.0	-0.334977
72.2	-0.341802
72.4	-0.328695
72.6	-0.217877
72.8	-0.289843
73.0	-0.306148
73.2	-0.329744
73.4	-0.344104
73.6	-0.087691
73.8	-0.160872
74.0	-0.278534
74.2	-0.247927
74.4	-0.211972
74.6	-0.223415
74.8	-0.272533
75.0	-0.171438
75.2	-0.324101
75.4	-0.247312
75.6	-0.392197
75.8	-0.348707
76.0	-0.202645
76.2	-0.252006
76.4	-0.268554
76.6	-0.200272
76.8	-0.384533
77.0	-0.445075
77.2	-0.449226
77.4	-0.719045
77.6	-0.63861
77.8	-0.503972
78.0	-0.260199
78.2	-0.286955
78.4	-0.201659
78.6	-0.461269
78.8	-0.449864
79.0	-0.283628
79.2	-0.329586
79.4	-0.257416
79.6	-0.345667
79.8	-0.16436
80.0	-0.427374
80.2	-0.333571
80.4	-0.383418
80.6	-0.450036
80.8	-0.204075
81.0	-0.314445
81.2	-0.493845
81.4	-0.556574
81.6	-0.723091
81.8	-0.427545
82.0	-0.389404
82.2	-0.320393
82.4	-0.347392
82.6	-0.437101
82.8	-0.303678
83.0	-0.345747
83.2	-0.478965
83.4	-0.557494
83.6	-0.461989
83.8	-0.504787
84.0	-0.579427
84.2	-0.456456
84.4	-0.13636
84.6	-0.318191
84.8	-0.20956
85.0	-0.418857
85.2	-0.356652
85.4	-0.130865
85.6	-0.063799
85.8	-0.185349
86.0	-0.221828
86.2	-0.425048
86.4	-0.408539
86.6	-0.283623
86.8	-0.33663
87.0	-0.140497
87.2	0.119075
87.4	-0.173835
87.6	-0.076629
87.8	-0.309259
88.0	-0.436157
88.2	-0.542395
88.4	-0.289628
88.6	-0.385171
88.8	-0.329772
89.0	-0.504796
89.2	-0.603256
89.4	-0.593796
89.6	-0.612288
89.8	-0.551541
90.0	-0.508538
90.2	-0.38581
90.4	-0.541632
90.6	-0.502275
90.8	-0.563303
91.0	-0.4362
91.2	-0.509624
91.4	-0.780416
91.6	-0.731579
91.8	-0.45961
92.0	-0.37796
92.2	-0.416383
92.4	-0.204208
92.6	-0.256
92.8	-0.370015
93.0	-0.198189
93.2	-0.365921
93.4	-0.095168
93.6	-0.210399
93.8	-0.006488
94.0	-0.158665
94.2	-0.241325
94.4	0.128355
94.6	-0.141707
94.8	-0.178672
95.0	-0.210289
95.2	-0.188433
95.4	0.162775
95.6	-0.018327
95.8	-0.246825
96.0	-0.071595
96.2	-0.316622
96.4	-0.4197
96.6	-0.281416
96.8	-0.301123
97.0	-0.152874
97.2	-0.15581
97.4	0.04956
97.6	0.079437
97.8	-0.045516
98.0	-0.343774
98.2	-0.431296
98.4	-0.259469
98.6	-0.169312
98.8	-0.253431
99.0	-0.468561
99.2	-0.472712
99.4	-0.621972
99.6	-0.394483
99.8	-0.011435
100.0	-0.048886
100.2	0.108357
100.4	-0.186741
100.6	-0.283742
100.8	-0.424252
101.0	-0.231521
101.2	-0.008895
101.4	-0.151592
101.6	-0.104943
101.8	-0.308649
102.0	-0.314744
102.2	-0.370182
102.4	-0.36218
102.6	-0.076599
102.8	-0.094119
103.0	-0.136917
103.2	-0.332116
103.4	-0.18654
103.6	-0.311494
103.8	-0.35332
104.0	-0.164965
104.2	-0.339017
104.4	-0.274625
104.6	-0.264192
104.8	-0.344179
105.0	-0.170651
105.2	-0.166538
105.4	-0.087075
105.6	-0.21373
105.8	-0.178505
106.0	-0.499124
106.2	-0.54411
106.4	-0.63382
106.6	-0.417269
106.8	-0.437706
107.0	-0.289942
107.2	-0.226279
107.4	-0.255708
107.6	-0.292673
107.8	-0.526033
108.0	-0.559595
108.2	-0.354225
108.4	-0.167815
108.6	-0.263115
108.8	-0.065766
109.0	-0.356246
109.2	-0.401475
109.4	-0.35361
109.6	-0.307204
109.8	-0.134405
110.0	-0.320368
110.2	-0.361222
110.4	-0.29853
110.6	-0.652693
110.8	-0.678719
111.0	-0.151048
111.2	-0.1394
111.4	-0.224977
111.6	-0.280658
111.8	-0.479989
112.0	-0.277293
112.2	-0.263701
112.4	-0.449663
112.6	-0.512149
112.8	-0.34324
113.0	-0.656081
113.2	-0.387029
113.4	-0.290309
113.6	-0.375886
113.8	-0.377607
114.0	-0.596869
114.2	-0.635292
114.4	-0.392734
114.6	-0.691235
114.8	-0.747401
115.0	-0.54665
115.2	-0.660666
115.4	-0.581932
115.6	-0.678448
115.8	-0.694266
116.0	-0.462159
116.2	-0.543118
116.4	-0.483101
116.6	-0.445202
116.8	-0.608317
117.0	-0.576737
117.2	-0.471753
117.4	-0.429722
117.6	-0.57801
117.8	-0.48372
118.0	-0.643675
118.2	-0.447056
118.4	-0.301237
118.6	-0.577619
118.8	-0.492323
119.0	-0.448348
119.2	0.002516
119.4	-0.092055
119.6	0.065431
119.8	-0.070217
120.0	-0.272951
120.2	-0.123243
120.4	-0.324519
120.6	-0.228285
120.8	-0.397962
121.0	-0.31145
121.2	-0.42498
121.4	-0.316107
121.6	-0.162024
121.8	-0.223052
122.0	-0.015252
122.2	0.045252
122.4	0.10843
122.6	0.155565
122.8	0.110093
123.0	0.199521
123.2	-0.26329
123.4	-0.04358
123.6	-0.278885
123.8	-0.374428
124.0	-0.446636
124.2	-0.553846
124.4	-0.209931
124.6	-0.469298
124.8	-0.381815
125.0	-0.274643
125.2	-0.305288
125.4	-0.477396
125.6	-0.344702
125.8	-0.43028
126.0	-0.001292
126.2	-0.066452
126.4	0.008149
126.6	-0.089338
126.8	-0.098593
127.0	0.099727
127.2	-0.24131
127.4	-0.203654
127.6	-0.026237
127.8	-0.018964
128.0	-0.253053
128.2	-0.2696
128.4	-0.355178
128.6	-0.44829
128.8	-0.631336
129.0	-0.543123
129.2	-0.1399
129.4	-0.097869
129.6	-0.150876
129.8	-0.147978
130.0	-0.079939
130.2	-0.261041
130.4	-0.393043
130.6	-0.413236
130.8	-0.032861
131.0	-0.424455
131.2	-0.226135
131.4	-0.490607
131.6	-0.168567
131.8	-0.311264
132.0	-0.424308
132.2	0.080759
132.4	0.21248
132.6	0.269338
132.8	0.425851
133.0	0.36774
133.2	0.324699
133.4	0.140195
133.6	0.296222
133.8	0.004041
134.0	0.098088
134.2	0.279637
134.4	0.105099
134.6	0.199145
134.8	-0.151857
135.0	-0.318618
135.2	-0.387667
135.4	-0.316468
135.6	0.035468
135.8	0.236705
136.0	0.172275
136.2	0.113191
136.4	-0.229061
136.6	-0.51711
136.8	-0.457092
137.0	-0.226931
137.2	-0.066042
137.4	-0.150647
137.6	-0.201466
137.8	-0.182526
138.0	0.147535
138.2	0.090153
138.4	0.194165
138.6	-0.192568
138.8	-0.151509
139.0	-0.176564
139.2	-0.416243
139.4	-0.41529
139.6	-0.348224
139.8	-0.015489
140.0	0.027271
140.2	-0.203658
140.4	-0.131001
140.6	-0.090915
140.8	0.040563
141.0	0.091587
141.2	-0.131078
141.4	-0.08613
141.6	-0.359838
141.8	-0.196276
142.0	-0.450296
142.2	-0.550943
142.4	-0.582074
142.6	-0.551954
142.8	-0.901255
143.0	-0.834917
143.2	-1.03255
143.4	-0.769085
143.6	-0.282249
143.8	-0.461648
144.0	-0.492536
144.2	-0.087855
144.4	-0.398995
144.6	-0.235433
144.8	0.082475
145.0	0.074921
145.2	0.122785
145.4	-0.403709
145.6	-0.499981
145.8	-0.499757
146.0	-0.672108
146.2	-0.516809
146.4	-0.451687
146.6	-0.420837
146.8	-0.215954
147.0	-0.064302
147.2	-0.406311
147.4	-0.103959
147.6	0.015366
147.8	-0.159173
148.0	-0.152386
148.2	0.073887
148.4	0.214601
148.6	0.081627
148.8	0.098865
149.0	-0.009317
149.2	0.01254
149.4	0.217909
149.6	-0.10028
149.8	-0.184399
150.0	0.212991
150.2	0.543294
150.4	0.175521
150.6	-0.024296
150.8	0.161142
151.0	-0.033328
151.2	0.067038
151.4	0.146258
151.6	0.055576
151.8	-0.09976
152.0	-0.392184
152.2	-0.515923
152.4	-0.211383
152.6	-0.120011
152.8	-0.279722
153.0	-0.071922
153.2	0.024798
153.4	0.099885
153.6	0.034968
153.8	0.04613
154.0	0.021076
154.2	-0.054779
154.4	-0.156885
154.6	-0.29545
154.8	-0.364499
155.0	-0.273369
155.2	-0.280194
155.4	-0.357021
155.6	-0.313289
155.8	-0.541058
156.0	-0.507291
156.2	-0.672107
156.4	-0.710287
156.6	-0.885312
156.8	-0.568377
157.0	-0.352312
157.2	-0.225209
157.4	-0.231305
157.6	-0.169586
157.8	-0.259781
158.0	-0.103511
158.2	-0.039361
158.4	-0.395711
158.6	-0.51313
158.8	-0.181367
159.0	0.050496
159.2	0.142355
159.4	0.182441
159.6	-0.108282
159.8	0.003752
160.0	0.103875
160.2	0.27643
160.4	0.044286
160.6	-0.128308
160.8	-0.325451
161.0	-0.488566
161.2	-0.333754
161.4	-0.109182
161.6	-0.447788
161.8	-0.29249
162.0	-0.386332
162.2	-0.328258
162.4	-0.466824
162.6	-0.416529
162.8	-0.359185
163.0	-0.370385
163.2	-0.16939
163.4	0.036708
163.6	-0.102586
163.8	-0.190594
164.0	-0.422739
164.2	-0.29758
164.4	-0.485244
164.6	-0.323383
164.8	-0.423301
165.0	-0.574262
165.2	-0.472438
165.4	-0.306931
165.6	-0.032774
165.8	-0.193944
166.0	-0.128093
166.2	-0.053492
166.4	-0.275671
166.6	-0.016828
166.8	-0.50589
167.0	-0.353265
167.2	-0.439329
167.4	-0.356706
167.6	-0.664443
167.8	-0.48022
168.0	-0.691461
168.2	-0.482689
168.4	-0.515522
168.6	-0.590647
168.8	-0.495629
169.0	-0.402311
169.2	-0.289549
169.4	-0.117966
169.6	-0.001071
169.8	-0.142067
170.0	-0.333377
170.2	-0.580105
170.4	-0.363555
170.6	-0.352879
170.8	-0.147753
171.0	-0.020407
171.2	0.405178
171.4	0.270745
171.6	0.430419
171.8	0.426024
172.0	0.095439
172.2	0.432549
172.4	0.091026
172.6	-0.097853
172.8	0.09512
173.0	0.021696
173.2	-0.009678
173.4	-0.492907
173.6	-0.248891
173.8	-0.293633
174.0	-0.516785
174.2	-0.314575
174.4	-0.72051
174.6	-0.887999
174.8	-0.237824
175.0	-0.098811
175.2	-0.034418
175.4	-0.235694
175.6	-0.293319
175.8	-0.455461
176.0	-0.487078
176.2	-0.491229
176.4	-0.357321
176.6	0.069236
176.8	0.053175
177.0	-0.173622
177.2	-0.168051
177.4	-0.138659
177.6	-0.222049
177.8	-0.177587
178.0	-0.273616
178.2	0.041375
178.4	-0.164276
178.6	-0.025506
178.8	-0.026254
179.0	-0.012905
179.2	0.010653
179.4	0.153312
179.6	0.270693
179.8	0.172476
180.0	0.429861
180.2	0.185077
180.4	-0.049984
180.6	-0.087921
180.8	0.051336
181.0	0.055692
181.2	-0.294095
181.4	-0.336894
181.6	-0.392817
181.8	-0.075396
182.0	-0.095103
182.2	-0.184083
182.4	-0.391678
182.6	-0.51493
182.8	-0.609987
183.0	-0.719385
183.2	-0.763155
183.4	-0.501152
183.6	-0.807674
183.8	-0.533031
184.0	-0.391345
184.2	-0.623003
184.4	-0.271309
184.6	-0.152714
184.8	-0.085647
185.0	-0.275742
185.2	-0.196765
185.4	0.127948
185.6	0.144458
185.8	-0.098139
186.0	-0.248857
186.2	0.029674
186.4	0.076324
186.6	0.132938
186.8	-0.213203
187.0	-0.113566
187.2	-0.078584
187.4	-0.279373
187.6	0.045583
187.8	-0.130414
188.0	-0.287452
188.2	-0.163265
188.4	-0.092553
188.6	-0.010903
188.8	0.046441
189.0	0.029651
189.2	-0.02919
189.4	-0.005145
189.6	-0.044784
189.8	0.106383
190.0	0.333141
190.2	0.324615
190.4	-0.073541
190.6	0.033873
190.8	0.152955
191.0	0.360755
191.2	-0.017227
191.4	0.070257
191.6	0.239896
191.8	-0.053744
192.0	-0.109667
192.2	-0.291984
192.4	-0.260891
192.6	-0.129899
192.8	0.098805
193.0	0.066701
193.2	-0.12947
193.4	-0.250534
193.6	-0.05829
193.8	0.280764
194.0	-0.057113
194.2	-0.339572
194.4	-0.344938
194.6	-0.482531
194.8	-0.270356
195.0	-0.534342
195.2	-0.788119
195.4	-0.63914
195.6	-0.674403
195.8	-0.46077
196.0	-0.533222
196.2	-0.687343
196.4	-0.41902
196.6	-0.17549
196.8	-0.386001
197.0	-0.341783
197.2	-0.56542
197.4	-0.562036
197.6	-0.27913
197.8	-0.194563
198.0	-0.059925
198.2	-0.184149
198.4	-0.479733
198.6	-0.460793
198.8	-0.70582
199.0	-0.214851
199.2	0.154343
199.4	-0.153638
199.6	-0.293904
199.8	-0.082701
200.0	-0.243385
200.2	-0.232223
200.4	-0.220818
200.6	-0.014477
200.8	0.041409
201.0	-0.124379
201.2	-0.004811
201.4	0.018747
201.6	0.300438
201.8	0.064404
202.0	0.091852
202.2	0.126347
202.4	-0.006384
202.6	-0.17752
202.8	-0.611407
203.0	-0.994493
203.2	-0.938122
203.4	-0.607818
203.6	-0.770689
203.8	-0.740082
204.0	-0.766595
204.2	-0.468619
204.4	-0.413463
204.6	-0.606717
204.8	-0.489093
205.0	-0.460431
205.2	-0.471631
205.4	-0.65419
205.6	-0.730531
205.8	-0.293523
206.0	-0.104925
206.2	-0.248837
206.4	-0.063642
206.6	-0.181547
206.8	-0.112779
207.0	-0.045713
207.2	-0.195459
207.4	-0.214193
207.6	-0.341578
207.8	0.003796
208.0	-0.055287
208.2	0.220814
208.4	0.546499
208.6	0.063027
208.8	-0.23523
209.0	-0.412686
209.2	-0.400795
209.4	-0.163098
209.6	-0.101865
209.8	-0.171157
210.0	-0.390905
210.2	-0.088554
210.4	-0.182638
210.6	-0.229811
210.8	-0.099792
211.0	0.011026
211.2	-0.531753
211.4	-0.607122
211.6	-0.575056
211.8	-0.84366
212.0	-0.703432
212.2	-0.831545
212.4	-0.446552
212.6	-0.281774
212.8	-0.403325
213.0	-0.216672
213.2	-0.224712
213.4	-0.282823
213.6	-0.769698
213.8	-0.966598
214.0	-0.322499
214.2	-0.513323
214.4	-0.056383
214.6	-0.067583
214.8	-0.136146
215.0	0.078946
215.2	-0.135455
215.4	-0.422046
215.6	-0.533388
215.8	-0.264579
216.0	-0.45443
216.2	-0.373023
216.4	-0.43478
216.6	-0.969782
216.8	-0.578469
217.0	-0.475429
217.2	-0.55177
217.4	-0.369735
217.6	-0.296349
217.8	-0.298312
218.0	-0.206939
218.2	0.009368
218.4	0.151298
218.6	0.210343
218.8	-0.326117
219.0	-0.3344
219.2	-0.021839
219.4	-0.14096
219.6	0.010693
219.8	-0.009987
220.0	0.139964
220.2	-0.08902
220.4	0.042944
220.6	0.238591
220.8	0.02735
221.0	0.126744
221.2	-0.360374
221.4	-0.381783
221.6	-0.211171
221.8	-0.186884
222.0	0.004874
222.2	0.4798
222.4	-0.199581
222.6	-0.144667
222.8	-0.347158
223.0	-0.163421
223.2	-0.359835
223.4	-0.34916
223.6	-0.535851
223.8	-0.678549
224.0	-0.757077
224.2	-0.645287
224.4	-0.347067
224.6	-0.175241
224.8	0.046657
225.0	0.272201
225.2	0.134122
225.4	-0.109204
225.6	-0.028283
225.8	0.388552
226.0	0.217416
226.2	0.387055
226.4	0.396029
226.6	0.39601
226.8	0.370956
227.0	-0.053695
227.2	0.114972
227.4	0.020888
227.6	-0.180145
227.8	-0.03384
228.0	-0.245324
228.2	-0.202321
228.4	-0.128206
228.6	-0.41115
228.8	-0.092756
229.0	-0.248579
229.2	-0.263911
229.4	-0.095001
229.6	0.025296
229.8	0.20879
230.0	0.21582
230.2	0.302331
230.4	0.422142
230.6	0.008916
230.8	-0.540913
231.0	-0.375163
231.2	-0.250976
231.4	-0.493572
231.6	-0.36015
231.8	-0.312285
232.0	-0.547104
232.2	-0.640216
232.4	-0.12251
232.6	-0.367051
232.8	-0.497352
233.0	-0.660952
233.2	-0.617463
233.4	-0.636441
233.6	-0.347458
233.8	-0.356227
234.0	-0.087418
234.2	-0.29793
234.4	-0.061449
234.6	-0.306962
234.8	-0.116176
235.0	0.263227
235.2	0.058791
235.4	-0.049391
235.6	0.137992
235.8	0.189259
236.0	-0.171223
236.2	-0.186555
236.4	-0.061882
236.6	-0.093257
236.8	-0.447419
237.0	-0.106177
237.2	0.135409
237.4	0.100875
237.6	-0.323047
237.8	0.188582
238.0	-0.184053
238.2	-0.174106
238.4	-0.315831
238.6	-0.478216
238.8	-0.457575
239.0	-0.399988
239.2	-0.569422
239.4	-0.519856
239.6	-0.256638
239.8	-0.294818
240.0	-0.250599
240.2	-0.247216
240.4	-0.335224
240.6	-0.092422
240.8	0.112947
241.0	0.375922
241.2	-0.070604
241.4	0.039971
241.6	0.354719
241.8	0.224175
242.0	-0.005296
242.2	-0.148479
242.4	-0.118116
242.6	-0.310398
242.8	-0.480318
243.0	-0.141021
243.2	-0.280558
243.4	-0.342072
243.6	-0.324591
243.8	-0.545068
244.0	-0.373971
244.2	-0.405831
244.4	-0.224282
244.6	-0.175202
244.8	-0.40686
245.0	-0.5656
245.2	-0.192031
245.4	0.094522
245.6	-0.229257
245.8	-0.405011
246.0	-0.661705
246.2	-0.679711
246.4	-0.638895
246.6	-0.515438
246.8	-0.574521
247.0	-0.277031
247.2	-0.078467
247.4	-0.279743
247.6	-0.686407
247.8	-0.440446
248.0	0.003126

&

0.2	0.000116
0.4	0.005231
0.6	0.018985
0.8	0.041275
1.0	0.073364
1.2	0.111882
1.4	0.151943
1.6	0.19259
1.8	0.23515
2.0	0.278188
2.2	0.322563
2.4	0.371092
2.6	0.422051
2.8	0.472968
3.0	0.522868
3.2	0.573761
3.4	0.629517
3.6	0.679239
3.8	0.731573
4.0	0.784205
4.2	0.838033
4.4	0.899418
4.6	0.96187
4.8	1.02355
5.0	1.07775
5.2	1.13333
5.4	1.18037
5.6	1.23153
5.8	1.27758
6.0	1.32837
6.2	1.38085
6.4	1.42566
6.6	1.47535
6.8	1.52409
7.0	1.57697
7.2	1.62984
7.4	1.68802
7.6	1.74358
7.8	1.79254
8.0	1.83886
8.2	1.88595
8.4	1.93302
8.6	1.9776
8.8	2.02366
9.0	2.07195
9.2	2.1233
9.4	2.17635
9.6	2.22937
9.8	2.28005
10.0	2.32518
10.2	2.37771
10.4	2.42396
10.6	2.46211
10.8	2.50958
11.0	2.55365
11.2	2.60064
11.4	2.65456
11.6	2.7119
11.8	2.77018
12.0	2.83111
12.2	2.88598
12.4	2.94347
12.6	2.99866
12.8	3.04984
13.0	3.11017
13.2	3.17102
13.4	3.22342
13.6	3.2708
13.8	3.31538
14.0	3.36544
14.2	3.41682
14.4	3.47028
14.6	3.52124
14.8	3.5709
15.0	3.62052
15.2	3.65895
15.4	3.69218
15.6	3.72727
15.8	3.76134
16.0	3.8117
16.2	3.85283
16.4	3.90213
16.6	3.95256
16.8	3.99759
17.0	4.04217
17.2	4.0858
17.4	4.1194
17.6	4.14565
17.8	4.1779
18.0	4.20771
18.2	4.23014
18.4	4.25379
18.6	4.27917
18.8	4.32648
19.0	4.36932
19.2	4.41938
19.4	4.46494
19.6	4.49911
19.8	4.54559
20.0	4.57319
20.2	4.60543
20.4	4.63363
20.6	4.66817
20.8	4.71383
21.0	4.76022
21.2	4.80555
21.4	4.84865
21.6	4.88963
21.8	4.92191
22.0	4.96084
22.2	5.0056
22.4	5.0393
22.6	5.07584
22.8	5.10554
23.0	5.14278
23.2	5.18888
23.4	5.24275
23.6	5.29922
23.8	5.35571
24.0	5.4077
24.2	5.45023
24.4	5.49577
24.6	5.54157
24.8	5.58824
25.0	5.62189
25.2	5.65817
25.4	5.69682
25.6	5.721
25.8	5.75529
26.0	5.78711
26.2	5.82112
26.4	5.86351
26.6	5.90689
26.8	5.95409
27.0	6.00168
27.2	6.05331
27.4	6.10325
27.6	6.15942
27.8	6.21154
28.0	6.25999
28.2	6.31902
28.4	6.37305
28.6	6.43214
28.8	6.48162
29.0	6.53646
29.2	6.59011
29.4	6.6592
29.6	6.71786
29.8	6.77853
30.0	6.8465
30.2	6.90896
30.4	6.96795
30.6	7.01214
30.8	7.04906
31.0	7.07248
31.2	7.10094
31.4	7.13239
31.6	7.16711
31.8	7.19015
32.0	7.21468
32.2	7.2482
32.4	7.28591
32.6	7.30888
32.8	7.33888
33.0	7.36459
33.2	7.38955
33.4	7.42815
33.6	7.46613
33.8	7.51493
34.0	7.57073
34.2	7.62521
34.4	7.68055
34.6	7.72892
34.8	7.78978
35.0	7.84727
35.2	7.90571
35.4	7.95687
35.6	7.99436
35.8	8.03265
36.0	8.06463
36.2	8.10782
36.4	8.14585
36.6	8.20374
36.8	8.24418
37.0	8.28127
37.2	8.32091
37.4	8.35717
37.6	8.40286
37.8	8.45519
38.0	8.50555
38.2	8.55303
38.4	8.59267
38.6	8.62627
38.8	8.66921
39.0	8.69992
39.2	8.73648
39.4	8.77295
39.6	8.80618
39.8	8.83668
40.0	8.87271
40.2	8.91039
40.4	8.94271
40.6	8.96655
40.8	8.99745
41.0	9.03293
41.2	9.08481
41.4	9.13182
41.6	9.16218
41.8	9.19792
42.0	9.20902
42.2	9.23815
42.4	9.28762
42.6	9.33739
42.8	9.3816
43.0	9.43522
43.2	9.48017
43.4	9.52349
43.6	9.55115
43.8	9.56879
44.0	9.59312
44.2	9.62675
44.4	9.65778
44.6	9.68263
44.8	9.70947
45.0	9.74347
45.2	9.78409
45.4	9.81342
45.6	9.83891
45.8	9.86909
46.0	9.90106
46.2	9.94138
46.4	9.97404
46.6	10.0099
46.8	10.0484
47.0	10.0862
47.2	10.143
47.4	10.1841
47.6	10.2092
47.8	10.2488
48.0	10.2917
48.2	10.3341
48.4	10.3744
48.6	10.3972
48.8	10.4335
49.0	10.4568
49.2	10.4873
49.4	10.5386
49.6	10.6061
49.8	10.6785
50.0	10.7381
50.2	10.8012
50.4	10.8677
50.6	10.943
50.8	11.0173
51.0	11.0787
51.2	11.1357
51.4	11.1946
51.6	11.2487
51.8	11.2973
52.0	11.3479
52.2	11.3976
52.4	11.443
52.6	11.4928
52.8	11.5426
53.0	11.5746
53.2	11.6062
53.4	11.6289
53.6	11.6487
53.8	11.6707
54.0	11.7087
54.2	11.7356
54.4	11.7765
54.6	11.8169
54.8	11.8448
55.0	11.8684
55.2	11.8873
55.4	11.9196
55.6	11.9741
55.8	12.0157
56.0	12.0615
56.2	12.1012
56.4	12.1399
56.6	12.1709
56.8	12.1993
57.0	12.2238
57.2	12.2498
57.4	12.2783
57.6	12.3021
57.8	12.3163
58.0	12.3182
58.2	12.3402
58.4	12.362
58.6	12.3886
58.8	12.4321
59.0	12.4852
59.2	12.5532
59.4	12.5988
59.6	12.6372
59.8	12.6875
60.0	12.7205
60.2	12.7623
60.4	12.8228
60.6	12.8965
60.8	12.9659
61.0	13.0396
61.2	13.1124
61.4	13.184
61.6	13.2549
61.8	13.2995
62.0	13.3408
62.2	13.3844
62.4	13.416
62.6	13.4464
62.8	13.4553
63.0	13.4864
63.2	13.514
63.4	13.5499
63.6	13.599
63.8	13.6383
64.0	13.6678
64.2	13.6992
64.4	13.7393
64.6	13.7982
64.8	13.8487
65.0	13.8942
65.2	13.9217
65.4	13.9673
65.6	13.986
65.8	14.0075
66.0	14.0421
66.2	14.0744
66.4	14.1415
66.6	14.1676
66.8	14.197
67.0	14.2238
67.2	14.2582
67.4	14.2875
67.6	14.3096
67.8	14.3272
68.0	14.3452
68.2	14.3706
68.4	14.3824
68.6	14.4048
68.8	14.4388
69.0	14.4707
69.2	14.5068
69.4	14.543
69.6	14.5708
69.8	14.5894
70.0	14.5918
70.2	14.5991
70.4	14.6065
70.6	14.6169
70.8	14.6347
71.0	14.6677
71.2	14.6979
71.4	14.7278
71.6	14.764
71.8	14.8119
72.0	14.8521
72.2	14.8871
72.4	14.9234
72.6	14.9584
72.8	14.9834
73.0	15.0109
73.2	15.0421
73.4	15.0793
73.6	15.1125
73.8	15.1238
74.0	15.1424
74.2	15.1695
74.4	15.198
74.6	15.2243
74.8	15.2457
75.0	15.2719
75.2	15.2894
75.4	15.3225
75.6	15.346
75.8	15.3844
76.0	15.4201
76.2	15.4414
76.4	15.4697
76.6	15.4967
76.8	15.5196
77.0	15.5572
77.2	15.6058
77.4	15.6506
77.6	15.7178
77.8	15.7773
78.0	15.8285
78.2	15.8564
78.4	15.8857
78.6	15.9053
78.8	15.9518
79.0	16.0008
79.2	16.0273
79.4	16.0612
79.6	16.087
79.8	16.1212
80.0	16.1374
80.2	16.176
80.4	16.2096
80.6	16.2492
80.8	16.2944
81.0	16.3151
81.2	16.3488
81.4	16.3971
81.6	16.4508
81.8	16.5219
82.0	16.5666
82.2	16.6063
82.4	16.6444
82.6	16.6767
82.8	16.7202
83.0	16.751
83.2	16.786
83.4	16.8339
83.6	16.8891
83.8	16.9356
84.0	16.9826
84.2	17.0438
84.4	17.0899
84.6	17.1067
84.8	17.138
85.0	17.1665
85.2	17.2096
85.4	17.2445
85.6	17.2563
85.8	17.2639
86.0	17.283
86.2	17.3032
86.4	17.3424
86.6	17.3795
86.8	17.4056
87.0	17.4358
87.2	17.4458
87.4	17.4408
87.6	17.4564
87.8	17.463
88.0	17.4936
88.2	17.5321
88.4	17.5858
88.6	17.6184
88.8	17.6549
89.0	17.6821
89.2	17.7331
89.4	17.7838
89.6	17.8415
89.8	17.9034
90.0	17.9559
90.2	18.0046
90.4	18.0429
90.6	18.0933
90.8	18.1433
91.0	18.1925
91.2	18.2339
91.4	18.2853
91.6	18.3595
91.8	18.4313
92.0	18.4786
92.2	18.5151
92.4	18.5569
92.6	18.5727
92.8	18.5976
93.0	18.6302
93.2	18.6523
93.4	18.6897
93.6	18.6995
93.8	18.7214
94.0	18.7232
94.2	18.7417
94.4	18.7628
94.6	18.7543
94.8	18.7662
95.0	18.7831
95.2	18.801
95.4	18.8287
95.6	18.8145
95.8	18.8195
96.0	18.8435
96.2	18.8521
96.4	18.8806
96.6	18.9218
96.8	18.9509
97.0	18.9837
97.2	19.0005
97.4	19.0184
97.6	19.0187
97.8	19.0166
98.0	19.0273
98.2	19.0583
98.4	19.0974
98.6	19.1252
98.8	19.1475
99.0	19.1732
99.2	19.2181
99.4	19.2629
99.6	19.3236
99.8	19.3581
100.0	19.3617
100.2	19.3674
100.4	19.3591
100.6	19.3776
100.8	19.4017
101.0	19.4435
101.2	19.4662
101.4	19.4644
101.6	19.4782
101.8	19.489
102.0	19.5195
102.2	19.5505
102.4	19.5835
102.6	19.6174
102.8	19.6243
103.0	19.6323
103.2	19.6452
103.4	19.6763
103.6	19.6936
103.8	19.7263
104.0	19.7621
104.2	19.7798
104.4	19.8154
104.6	19.8464
104.8	19.8705
105.0	19.904
105.2	19.9204
105.4	19.9358
105.6	19.9494
105.8	19.9727
106.0	19.9901
106.2	20.0383
106.4	20.0906
106.6	20.1499
106.8	20.1945
107.0	20.2329
107.2	20.2624
107.4	20.2833
107.6	20.3116
107.8	20.3359
108.0	20.3878
108.2	20.4416
108.4	20.4793
108.6	20.4962
108.8	20.5231
109.0	20.5301
109.2	20.5673
109.4	20.6036
109.6	20.6378
109.8	20.6679
110.0	20.676
110.2	20.7081
110.4	20.7406
110.6	20.7682
110.8	20.8301
111.0	20.8927
111.2	20.9056
111.4	20.9195
111.6	20.9417
111.8	20.9707
112.0	21.0166
112.2	21.0453
112.4	21.0679
112.6	21.1132
112.8	21.1559
113.0	21.1905
113.2	21.2525
113.4	21.2906
113.6	21.3221
113.8	21.3649
114.0	21.4045
114.2	21.4629
114.4	21.5237
114.6	21.5622
114.8	21.6294
115.0	21.704
115.2	21.7602
115.4	21.8249
115.6	21.8805
115.8	21.9395
116.0	22.0023
116.2	22.0466
116.4	22.0996
116.6	22.1454
116.8	22.1922
117.0	22.2565
117.2	22.3125
117.4	22.3586
117.6	22.4025
117.8	22.4568
118.0	22.5026
118.2	22.564
118.4	22.5984
118.6	22.6242
118.8	22.6791
119.0	22.7282
119.2	22.7669
119.4	22.769
119.6	22.7799
119.8	22.7761
120.0	22.7881
120.2	22.8134
120.4	22.8264
120.6	22.8534
120.8	22.874
121.0	22.9128
121.2	22.9432
121.4	22.9834
121.6	23.0115
121.8	23.0249
122.0	23.047
122.2	23.0528
122.4	23.0542
122.6	23.0433
122.8	23.031
123.0	23.0227
123.2	23.0025
123.4	23.0287
123.6	23.0359
123.8	23.061
124.0	23.0971
124.2	23.1408
124.4	23.1889
124.6	23.2066
124.8	23.2566
125.0	23.2905
125.2	23.3155
125.4	23.3369
125.6	23.38
125.8	23.4114
126.0	23.4516
126.2	23.4536
126.4	23.4561
126.6	23.4558
126.8	23.4659
127.0	23.4777
127.2	23.4682
127.4	23.4971
127.6	23.5196
127.8	23.5237
128.0	23.5292
128.2	23.5615
128.4	23.5839
128.6	23.617
128.8	23.6589
129.0	23.7208
129.2	23.7723
129.4	23.7848
129.6	23.7863
129.8	23.7994
130.0	23.8109
130.2	23.8262
130.4	23.8485
130.6	23.8861
130.8	23.9293
131.0	23.9337
131.2	23.9785
131.4	24.0013
131.6	24.0451
131.8	24.0608
132.0	24.0876
132.2	24.1254
132.4	24.1184
132.6	24.098
132.8	24.0753
133.0	24.0362
133.2	24.0039
133.4	23.9707
133.6	23.962
133.8	23.9366
134.0	23.9372
134.2	23.9295
134.4	23.9045
134.6	23.8906
134.8	23.8752
135.0	23.8896
135.2	23.9185
135.4	23.959
135.6	23.9873
135.8	23.9865
136.0	23.968
136.2	23.9517
136.4	23.9403
136.6	23.9649
136.8	24.0063
137.0	24.0445
137.2	24.0635
137.4	24.0701
137.6	24.082
137.8	24.099
138.0	24.1164
138.2	24.1038
138.4	24.0949
138.6	24.076
138.8	24.0932
139.0	24.1063
139.2	24.1253
139.4	24.1658
139.6	24.2086
139.8	24.2392
140.0	24.241
140.2	24.2405
140.4	24.2602
140.6	24.2711
140.8	24.2807
141.0	24.2832
141.2	24.2791
141.4	24.2932
141.6	24.2996
141.8	24.3373
142.0	24.3587
142.2	24.3994
142.4	24.4572
142.6	24.5109
142.8	24.5628
143.0	24.6442
143.2	24.7251
143.4	24.8186
143.6	24.8832
143.8	24.9108
144.0	24.9587
144.2	25.0055
144.4	25.0194
144.6	25.0585
144.8	25.0822
145.0	25.0765
145.2	25.059
145.4	25.0495
145.6	25.0839
145.8	25.1326
146.0	25.1803
146.2	25.2474
146.4	25.298
146.6	25.3385
146.8	25.3801
147.0	25.3967
147.2	25.3977
147.4	25.4332
147.6	25.4463
147.8	25.4482
148.0	25.4598
148.2	25.4662
148.4	25.4579
148.6	25.4347
148.8	25.4269
149.0	25.4218
149.2	25.4223
149.4	25.4251
149.6	25.4092
149.8	25.4233
150.0	25.4361
150.2	25.4174
150.4	25.3616
150.6	25.3459
150.8	25.3482
151.0	25.3346
151.2	25.3331
151.4	25.3227
151.6	25.3032
151.8	25.2912
152.0	25.3013
152.2	25.3391
152.4	25.3857
152.6	25.4041
152.8	25.4163
153.0	25.4424
153.2	25.452
153.4	25.4461
153.6	25.4398
153.8	25.4351
154.0	25.4273
154.2	25.4277
154.4	25.433
154.6	25.4499
154.8	25.4791
155.0	25.5092
155.2	25.5397
155.4	25.5653
155.6	25.6007
155.8	25.628
156.0	25.6776
156.2	25.7295
156.4	25.7912
156.6	25.8559
156.8	25.9379
157.0	25.9997
157.2	26.0315
157.4	26.051
157.6	26.0654
157.8	26.0819
158.0	26.1021
158.2	26.1115
158.4	26.1133
158.6	26.1464
158.8	26.1914
159.0	26.2063
159.2	26.2005
159.4	26.1915
159.6	26.1703
159.8	26.18
160.0	26.1861
160.2	26.1738
160.4	26.1473
160.6	26.1392
160.8	26.1539
161.0	26.1902
161.2	26.2346
161.4	26.2621
161.6	26.2736
161.8	26.3171
162.0	26.3458
162.2	26.3778
162.4	26.4026
162.6	26.4507
162.8	26.4905
163.0	26.5273
163.2	26.5688
163.4	26.5842
163.6	26.5792
163.8	26.5899
164.0	26.6066
164.2	26.6536
164.4	26.6835
164.6	26.7326
164.8	26.7618
165.0	26.7983
165.2	26.8472
165.4	26.8902
165.6	26.927
165.8	26.9334
166.0	26.9502
166.2	26.9631
166.4	26.9696
166.6	26.9943
166.8	26.9998
167.0	27.0386
167.2	27.0779
167.4	27.122
167.6	27.1529
167.8	27.2183
168.0	27.2642
168.2	27.3302
168.4	27.3763
168.6	27.4258
168.8	27.4821
169.0	27.528
169.2	27.5617
169.4	27.5915
169.6	27.6009
169.8	27.6022
170.0	27.6203
170.2	27.6504
170.4	27.6984
170.6	27.7311
170.8	27.7704
171.0	27.7927
171.2	27.7892
171.4	27.7514
171.6	27.7257
171.8	27.688
172.0	27.6515
172.2	27.6435
172.4	27.6024
172.6	27.591
172.8	27.5962
173.0	27.5803
173.2	27.5855
173.4	27.5865
173.6	27.6326
173.8	27.6587
174.0	27.6836
174.2	27.7337
174.4	27.7611
174.6	27.8338
174.8	27.9187
175.0	27.9396
175.2	27.954
175.4	27.9548
175.6	27.9803
175.8	28.0056
176.0	28.0429
176.2	28.0892
176.4	28.1339
176.6	28.1732
176.8	28.1656
177.0	28.1562
177.2	28.1743
177.4	28.1965
177.6	28.2061
177.8	28.2249
178.0	28.2461
178.2	28.273
178.4	28.2679
178.6	28.2843
178.8	28.2875
179.0	28.2939
179.2	28.2976
179.4	28.2995
179.6	28.2823
179.8	28.2584
180.0	28.2419
180.2	28.2004
180.4	28.1837
180.6	28.1869
180.8	28.195
181.0	28.1955
181.2	28.1971
181.4	28.2239
181.6	28.2544
181.8	28.2913
182.0	28.3008
182.2	28.3077
182.4	28.3257
182.6	28.3643
182.8	28.4141
183.0	28.4734
183.2	28.5482
183.4	28.6182
183.6	28.6677
183.8	28.7447
184.0	28.7916
184.2	28.8333
184.4	28.8883
184.6	28.916
184.8	28.9225
185.0	28.9333
185.2	28.9587
185.4	28.9753
185.6	28.9601
185.8	28.952
186.0	28.9584
186.2	28.9874
186.4	28.9842
186.6	28.9793
186.8	28.9658
187.0	28.9876
187.2	29.0014
187.4	29.0117
187.6	29.033
187.8	29.0228
188.0	29.0393
188.2	29.0668
188.4	29.082
188.6	29.0982
188.8	29.1004
189.0	29.0888
189.2	29.0829
189.4	29.0821
189.6	29.0798
189.8	29.0871
190.0	29.0758
190.2	29.0435
190.4	29.0109
190.6	29.014
190.8	29.0153
191.0	29.0032
191.2	28.9653
191.4	28.9643
191.6	28.9514
191.8	28.9331
192.0	28.9377
192.2	28.9425
192.4	28.9711
192.6	28.9988
192.8	29.0061
193.0	29.0005
193.2	28.9904
193.4	29.005
193.6	29.0241
193.8	29.0308
194.0	28.9989
194.2	29.0045
194.4	29.0338
194.6	29.0613
194.8	29.1041
195.0	29.1305
195.2	29.1777
195.4	29.2495
195.6	29.3082
195.8	29.3643
196.0	29.4096
196.2	29.4627
196.4	29.5217
196.6	29.5546
196.8	29.5767
197.0	29.6188
197.2	29.6543
197.4	29.7041
197.6	29.7566
197.8	29.7813
198.0	29.7987
198.2	29.8064
198.4	29.8145
198.6	29.8513
198.8	29.8988
199.0	29.9651
199.2	29.9779
199.4	29.9661
199.6	29.9862
199.8	30.0121
200.0	30.0219
200.2	30.041
200.4	30.0544
200.6	30.0777
200.8	30.0776
201.0	30.0719
201.2	30.0755
201.4	30.0717
201.6	30.0753
201.8	30.0441
202.0	30.0412
202.2	30.0316
202.4	30.0219
202.6	30.0224
202.8	30.0459
203.0	30.0932
203.2	30.1851
203.4	30.2707
203.6	30.3245
203.8	30.3901
204.0	30.4576
204.2	30.5303
204.4	30.5721
204.6	30.6105
204.8	30.6674
205.0	30.7055
205.2	30.7478
205.4	30.7918
205.6	30.8434
205.8	30.9127
206.0	30.9337
206.2	30.9447
206.4	30.968
206.6	30.9715
206.8	30.983
207.0	30.9893
207.2	30.9965
207.4	31.012
207.6	31.0391
207.8	31.0746
208.0	31.0744
208.2	31.08
208.4	31.0527
208.6	30.995
208.8	30.9877
209.0	31.0097
209.2	31.046
209.4	31.0853
209.6	31.097
209.8	31.1141
210.0	31.1206
210.2	31.1519
210.4	31.1601
210.6	31.174
210.8	31.1969
211.0	31.2071
211.2	31.2106
211.4	31.2533
211.6	31.3115
211.8	31.3612
212.0	31.4427
212.2	31.5084
212.4	31.5839
212.6	31.6252
212.8	31.6466
213.0	31.6855
213.2	31.7018
213.4	31.7185
213.6	31.7358
213.8	31.8098
214.0	31.894
214.2	31.9202
214.4	31.9723
214.6	31.9667
214.8	31.9677
215.0	31.9851
215.2	31.9801
215.4	31.9912
215.6	32.0237
215.8	32.0774
216.0	32.0963
216.2	32.1358
216.4	32.1629
216.6	32.2067
216.8	32.2979
217.0	32.3511
217.2	32.39
217.4	32.4433
217.6	32.4786
217.8	32.5049
218.0	32.5375
218.2	32.5556
218.4	32.5533
218.6	32.537
218.8	32.5132
219.0	32.5461
219.2	32.5688
219.4	32.5645
219.6	32.5752
219.8	32.5748
220.0	32.5764
220.2	32.5673
220.4	32.5718
220.6	32.5655
220.8	32.5353
221.0	32.5327
221.2	32.5207
221.4	32.5571
221.6	32.594
221.8	32.608
222.0	32.624
222.2	32.6282
222.4	32.5809
222.6	32.6037
222.8	32.6161
223.0	32.6497
223.2	32.6607
223.4	32.6984
223.6	32.7327
223.8	32.7805
224.0	32.8408
224.2	32.9069
224.4	32.9793
224.6	33.006
224.8	33.0239
225.0	33.0219
225.2	32.996
225.4	32.9786
225.6	32.9816
225.8	32.9837
226.0	32.9427
226.2	32.9222
226.4	32.8845
226.6	32.8527
226.8	32.817
227.0	32.7799
227.2	32.7876
227.4	32.7789
227.6	32.7736
227.8	32.7868
228.0	32.7921
228.2	32.8143
228.4	32.8323
228.6	32.8495
228.8	32.8884
229.0	32.889
229.2	32.9176
229.4	32.9328
229.6	32.9438
229.8	32.9496
230.0	32.9214
230.2	32.8987
230.4	32.8733
230.6	32.8349
230.8	32.8285
231.0	32.8846
231.2	32.9211
231.4	32.9407
231.6	32.9842
231.8	33.0199
232.0	33.0448
232.2	33.0974
232.4	33.1514
232.6	33.1626
232.8	33.1938
233.0	33.2413
233.2	33.3084
233.4	33.3722
233.6	33.4316
233.8	33.4566
234.0	33.4915
234.2	33.499
234.4	33.5139
234.6	33.515
234.8	33.5438
235.0	33.5571
235.2	33.5339
235.4	33.5307
235.6	33.5384
235.8	33.5232
236.0	33.495
236.2	33.503
236.4	33.5269
236.6	33.5302
236.8	33.5394
237.0	33.5783
237.2	33.5809
237.4	33.5641
237.6	33.5459
237.8	33.5768
238.0	33.5622
238.2	33.5838
238.4	33.6028
238.6	33.6272
238.8	33.6649
239.0	33.704
239.2	33.7392
239.4	33.7875
239.6	33.8302
239.8	33.8551
240.0	33.8863
240.2	33.9056
240.4	33.9284
240.6	33.9679
240.8	33.979
241.0	33.9631
241.2	33.9238
241.4	33.9215
241.6	33.9128
241.8	33.8879
242.0	33.8608
242.2	33.862
242.4	33.8726
242.6	33.8791
242.8	33.9039
243.0	33.941
243.2	33.952
243.4	33.9762
243.6	34.008
243.8	34.0454
244.0	34.0942
244.2	34.1218
244.4	34.1561
244.6	34.171
244.8	34.1789
245.0	34.2201
245.2	34.269
245.4	34.2861
245.6	34.2786
245.8	34.2845
246.0	34.3192
246.2	34.3772
246.4	34.439
246.6	34.4956
246.8	34.5461
247.0	34.5923
247.2	34.6121
247.4	34.621
247.6	34.6501
247.8	34.7115
248.0	34.7438

&

