0.1	0.0
0.2	0.000486
0.3	0.008993
0.4	0.003889
0.5	-0.001458
0.6	-0.000486
0.7	-0.006563
0.8	0.009723
0.9	0.019688
1.0	0.0333
1.1	0.046911
1.2	0.037189
1.3	0.045453
1.4	0.040105
1.5	0.024306
1.6	0.029411
1.7	0.003646
1.8	-0.019931
1.9	0.014341
2.0	0.014098
2.1	0.014341
2.2	-0.002188
2.3	-0.004618
2.4	0.009236
2.5	0.02139
2.6	0.008021
2.7	-0.007778
2.8	-0.021147
2.9	-0.016042
3.0	-0.016528
3.1	-0.03257
3.2	-0.023334
3.3	-0.036946
3.4	-0.012396
3.5	0.014827
3.6	0.045939
3.7	0.009966
3.8	-0.012396
3.9	0.02139
4.0	0.063196
4.1	0.039376
4.2	0.038404
4.3	-0.000972
4.4	-0.017014
4.5	-0.046425
4.6	-0.078996
4.7	-0.027709
4.8	0.000729
4.9	0.003646
5.0	-0.000729
5.1	0.044967
5.2	0.057849
5.3	0.085558
5.4	0.065141
5.5	0.068544
5.6	0.019445
5.7	0.054203
5.8	0.043265
5.9	0.011424
6.0	0.008021
6.1	-0.00559
6.2	0.000486
6.3	0.066842
6.4	0.099899
6.5	0.06344
6.6	0.058335
6.7	0.089204
6.8	0.069759
6.9	0.021876
7.0	-0.038404
7.1	-0.069759
7.2	-0.060766
7.3	-0.08969
7.4	-0.06903
7.5	-0.044724
7.6	-0.047883
7.7	-0.045696
7.8	-0.008021
7.9	-0.024306
8.0	-0.004375
8.1	0.037432
8.2	0.025522
8.3	0.039133
8.4	0.059307
8.5	0.020903
8.6	-0.000486
8.7	0.00316
8.8	-0.034758
8.9	-0.032814
9.0	-0.005104
9.1	-0.027466
9.2	0.048856
9.3	0.043994
9.4	0.045453
9.5	0.051772
9.6	0.022119
9.7	0.050071
9.8	0.013855
9.9	0.019931
10.0	0.023091
10.1	0.029897
10.2	-0.02382
10.3	0.038161
10.4	0.020174
10.5	0.030383
10.6	0.031355
10.7	0.031598
10.8	0.028925
10.9	0.060766
11.0	-0.04764
11.1	-0.039862
11.2	-0.054689
11.3	-0.050071
11.4	-0.041321
11.5	-0.016285
11.6	-0.046182
11.7	-0.041564
11.8	0.008993
11.9	0.053717
12.0	0.090663
12.1	0.080454
12.2	0.082885
12.3	0.067815
12.4	0.017257
12.5	-0.005104
12.6	0.019931
12.7	0.061738
12.8	0.042779
12.9	0.037675
13.0	0.013855
13.1	0.001945
13.2	0.014341
13.3	0.008264
13.4	0.050557
13.5	0.066842
13.6	0.004618
13.7	-0.02698
13.8	0.000729
13.9	0.040349
14.0	0.038161
14.1	0.082398
14.2	0.055905
14.3	0.026494
14.4	0.061252
14.5	0.051772
14.6	0.042536
14.7	0.064169
14.8	0.106462
14.9	0.05396
15.0	0.015313
15.1	0.013368
15.2	0.010695
15.3	0.079239
15.4	-0.001701
15.5	0.010452
15.6	0.037432
15.7	0.022605
15.8	0.040349
15.9	0.039133
16.0	0.060037
16.1	0.071704
16.2	0.066599
16.3	0.093579
16.4	0.147782
16.5	0.149241
16.6	0.083371
16.7	0.053231
16.8	0.102816
16.9	0.055905
17.0	0.0508
17.1	0.07219
17.2	0.04521
17.3	0.017987
17.4	0.059064
17.5	0.06903
17.6	0.02066
17.7	0.005104
17.8	0.0508
17.9	0.056877
18.0	0.01191
18.1	0.003646
18.2	0.024063
18.3	0.007535
18.4	-0.020417
18.5	-0.017257
18.6	0.013855
18.7	0.031112
18.8	0.060766
18.9	0.006806
19.0	-0.031598
19.1	-0.029411
19.2	-0.051772
19.3	-0.038647
19.4	-0.082642
19.5	-0.058092
19.6	-0.072919
19.7	-0.042293
19.8	-0.075107
19.9	-0.09917
20.0	-0.092364
20.1	-0.073648
20.2	-0.081912
20.3	-0.070488
20.4	-0.140734
20.5	-0.169658
20.6	-0.104517
20.7	-0.055175
20.8	-0.042536
20.9	-0.004861
21.0	0.013855
21.1	-0.021147
21.2	-0.006563
21.3	-0.052745
21.4	-0.090176
21.5	-0.079968
21.6	-0.078996
21.7	-0.067085
21.8	-0.067329
21.9	-0.02382
22.0	-0.05955
22.1	-0.046668
22.2	-0.013125
22.3	-0.017987
22.4	-0.02698
22.5	-0.029654
22.6	-0.034272
22.7	-0.066356
22.8	-0.027466
22.9	0.02139
23.0	0.026737
23.1	-0.054203
23.2	0.011424
23.3	-0.007292
23.4	0.008264
23.5	0.026737
23.6	0.001945
23.7	0.041321
23.8	0.090663
23.9	0.037675
24.0	0.022119
24.1	-0.027223
24.2	-0.00316
24.3	0.023334
24.4	-0.027709
24.5	0.061495
24.6	0.096496
24.7	0.120559
24.8	0.162609
24.9	0.176707
25.0	0.089933
25.1	0.069759
25.2	0.037675
25.3	0.047883
25.4	0.072433
25.5	0.081426
25.6	0.090906
25.7	-0.010938
25.8	0.018716
25.9	0.017501
26.0	0.037189
26.1	0.072919
26.2	0.027709
26.3	0.032084
26.4	0.06344
26.5	0.083371
26.6	0.039862
26.7	-0.008021
26.8	-0.031598
26.9	-0.082885
27.0	-0.021633
27.1	-0.06344
27.2	-0.019445
27.3	-0.074863
27.4	-0.053231
27.5	-0.013125
27.6	0.014098
27.7	0.002674
27.8	0.006806
27.9	-0.020903
28.0	-0.003403
28.1	-0.031598
28.2	-0.032814
28.3	0.004132
28.4	-0.049828
28.5	-0.035973
28.6	-0.072676
28.7	-0.117886
28.8	-0.1349
28.9	-0.127608
29.0	-0.143893
29.1	-0.101357
29.2	-0.039133
29.3	-0.065384
29.4	-0.02066
29.5	-0.05712
29.6	-0.032814
29.7	-0.082398
29.8	-0.036216
29.9	-0.071218
30.0	-0.071218
30.1	-0.070974
30.2	-0.10476
30.3	-0.138303
30.4	-0.128337
30.5	-0.090663
30.6	-0.025522
30.7	-0.019931
30.8	0.01823
30.9	0.022848
31.0	0.009236
31.1	0.019445
31.2	0.028195
31.3	-0.00316
31.4	0.029654
31.5	0.014098
31.6	0.03014
31.7	0.040835
31.8	0.076322
31.9	0.094309
32.0	0.04521
32.1	0.015556
32.2	0.019931
32.3	0.033057
32.4	0.04205
32.5	0.065141
32.6	0.059307
32.7	0.084586
32.8	0.061009
32.9	0.072676
33.0	0.091635
33.1	0.086044
33.2	0.054932
33.3	0.039619
33.4	0.036459
33.5	0.006077
33.6	-0.051772
33.7	-0.024792
33.8	0.007292
33.9	0.047883
34.0	0.090906
34.1	0.056634
34.2	0.022119
34.3	-0.013612
34.4	-0.005104
34.5	0.019445
34.6	0.00875
34.7	-0.031841
34.8	0.01191
34.9	0.021876
35.0	0.009723
35.1	0.001945
35.2	0.027223
35.3	0.060037
35.4	0.039133
35.5	0.047883
35.6	-0.004375
35.7	-0.006806
35.8	-0.023577
35.9	-0.003889
36.0	0.035487
36.1	0.029654
36.2	0.046182
36.3	-0.017987
36.4	-0.026494
36.5	-0.052988
36.6	-0.052745
36.7	-0.072433
36.8	-0.050314
36.9	-0.086287
37.0	-0.064169
37.1	-0.075836
37.2	-0.02139
37.3	0.005347
37.4	0.000729
37.5	-0.014341
37.6	-0.073891
37.7	-0.109135
37.8	-0.08094
37.9	-0.007535
38.0	-0.002431
38.1	-0.006563
38.2	-0.031598
38.3	0.000972
38.4	-0.054932
38.5	-0.045939
38.6	-0.007049
38.7	0.035973
38.8	0.035487
38.9	0.052745
39.0	0.088475
39.1	0.079239
39.2	0.039862
39.3	0.080454
39.4	0.057606
39.5	0.036216
39.6	0.046911
39.7	0.070488
39.8	0.064412
39.9	0.006077
40.0	0.019931
40.1	0.015799
40.2	-0.05955
40.3	-0.047883
40.4	-0.083614
40.5	-0.022848
40.6	-0.035487
40.7	-0.026737
40.8	0.010938
40.9	0.000486
41.0	0.016042
41.1	0.009479
41.2	-0.029897
41.3	-0.036703
41.4	0.008021
41.5	0.011424
41.6	-0.006077
41.7	-0.056391
41.8	-0.07535
41.9	-0.043265
42.0	-0.058821
42.1	-0.041807
42.2	-0.053474
42.3	-0.043994
42.4	-0.028438
42.5	-0.035244
42.6	0.001945
42.7	-0.001701
42.8	-0.00316
42.9	-0.007292
43.0	0.000243
43.1	-0.043994
43.2	0.004861
43.3	-0.028925
43.4	-0.045939
43.5	-0.08726
43.6	-0.03257
43.7	-0.052259
43.8	-0.019931
43.9	-0.009723
44.0	0.036703
44.1	0.025765
44.2	0.010209
44.3	0.044967
44.4	0.027952
44.5	-0.027466
44.6	-0.043994
44.7	-0.044481
44.8	-0.043022
44.9	-0.042779
45.0	-0.068058
45.1	-0.072433
45.2	-0.041321
45.3	-0.009479
45.4	-0.032327
45.5	0.024549
45.6	0.010452
45.7	0.006077
45.8	0.038647
45.9	0.032814
46.0	0.028681
46.1	0.029411
46.2	0.023091
46.3	0.03573
46.4	0.068058
46.5	-0.047154
46.6	-0.046668
46.7	-0.047883
46.8	-0.043022
46.9	-0.018473
47.0	-0.047397
47.1	-0.053474
47.2	0.00875
47.3	0.036946
47.4	0.071704
47.5	0.044967
47.6	-0.014341
47.7	0.007778
47.8	-0.006077
47.9	-0.04205
48.0	-0.006806
48.1	-0.029654
48.2	-0.03573
48.3	-0.035001
48.4	-0.038161
48.5	-0.058821
48.6	-0.039133
48.7	-0.087503
48.8	-0.055175
48.9	-0.008021
49.0	0.043751
49.1	-0.008264
49.2	0.023334
49.3	0.050071
49.4	-0.022605
49.5	-0.041321
49.6	-0.040592
49.7	-0.078023
49.8	-0.091878
49.9	-0.06344
50.0	-0.038404
50.1	-0.044967
50.2	-0.097954
50.3	-0.101357
50.4	-0.066599
50.5	-0.043994
50.6	-0.014098
50.7	-0.041807
50.8	-0.082155
50.9	-0.07535
51.0	-0.099899
51.1	-0.077051
51.2	-0.128337
51.3	-0.064655
51.4	0.009723
51.5	0.007535
51.6	-0.034029
51.7	-0.047154
51.8	-0.005347
51.9	-0.019688
52.0	0.044724
52.1	0.086044
52.2	-0.001701
52.3	-0.003403
52.4	-0.019445
52.5	-0.050071

&

0.1	0.0
0.2	-0.056157
0.3	-0.104293
0.4	-0.135901
0.5	-0.184766
0.6	-0.237764
0.7	-0.258676
0.8	-0.284694
0.9	-0.282273
1.0	-0.295408
1.1	-0.297119
1.2	-0.303934
1.3	-0.335542
1.4	-0.326558
1.5	-0.331186
1.6	-0.364252
1.7	-0.324156
1.8	-0.326353
1.9	-0.3198
2.0	-0.340713
2.1	-0.343153
2.2	-0.330523
2.3	-0.323484
2.4	-0.294083
2.5	-0.282182
2.6	-0.291671
2.7	-0.254249
2.8	-0.253772
2.9	-0.227531
3.0	-0.224381
3.1	-0.225119
3.2	-0.23315
3.3	-0.229757
3.4	-0.245565
3.5	-0.262103
3.6	-0.26187
3.7	-0.278894
3.8	-0.274771
3.9	-0.283288
4.0	-0.270658
4.1	-0.302023
4.2	-0.276267
4.3	-0.241519
4.4	-0.245174
4.5	-0.202405
4.6	-0.174462
4.7	-0.18225
4.8	-0.225767
4.9	-0.203415
5.0	-0.194431
5.1	-0.198087
5.2	-0.24914
5.3	-0.237725
5.4	-0.244784
5.5	-0.213438
5.6	-0.20494
5.7	-0.252104
5.8	-0.226106
5.9	-0.232921
6.0	-0.259911
6.1	-0.31388
6.2	-0.312431
6.3	-0.331643
6.4	-0.323874
6.5	-0.3093
6.6	-0.2974
6.7	-0.268242
6.8	-0.251237
6.9	-0.224995
7.0	-0.261221
7.1	-0.232792
7.2	-0.253219
7.3	-0.304272
7.4	-0.267093
7.5	-0.256894
7.6	-0.307947
7.7	-0.243301
7.8	-0.207581
7.9	-0.182068
8.0	-0.174786
8.1	-0.159726
8.2	-0.163624
8.3	-0.168738
8.4	-0.160726
8.5	-0.153444
8.6	-0.18651
8.7	-0.165616
8.8	-0.160278
8.9	-0.157371
9.0	-0.110226
9.1	-0.140862
9.2	-0.167122
9.3	-0.178313
9.4	-0.261693
9.5	-0.213576
9.6	-0.18855
9.7	-0.238388
9.8	-0.273398
9.9	-0.312055
10.0	-0.286786
10.1	-0.239884
10.2	-0.155551
10.3	-0.260077
10.4	-0.270539
10.5	-0.255964
10.6	-0.234827
10.7	-0.221955
10.8	-0.23436
10.9	-0.292219
11.0	-0.221983
11.1	-0.235847
11.2	-0.265754
11.3	-0.239998
11.4	-0.226396
11.5	-0.256303
11.6	-0.236138
11.7	-0.170763
11.8	-0.170287
11.9	-0.161546
12.0	-0.131659
12.1	-0.174448
12.2	-0.140914
12.3	-0.163529
12.4	-0.158191
12.5	-0.180319
12.6	-0.226268
12.7	-0.198811
12.8	-0.203196
12.9	-0.222164
13.0	-0.237001
13.1	-0.234822
13.2	-0.256708
13.3	-0.174562
13.4	-0.233393
13.5	-0.225381
13.6	-0.260392
13.7	-0.220053
13.8	-0.192839
13.9	-0.20719
14.0	-0.246089
14.1	-0.265544
14.2	-0.291561
14.3	-0.262889
14.4	-0.260954
14.5	-0.293291
14.6	-0.250521
14.7	-0.231329
14.8	-0.187101
14.9	-0.200722
15.0	-0.23233
15.1	-0.215325
15.2	-0.182278
15.3	-0.174752
15.4	-0.166741
15.5	-0.182306
15.6	-0.174538
15.7	-0.182812
15.8	-0.167265
15.9	-0.219533
16.0	-0.167527
16.1	-0.169967
16.2	-0.178484
16.3	-0.199397
16.4	-0.197462
16.5	-0.168547
16.6	-0.200398
16.7	-0.160545
16.8	-0.097844
16.9	-0.060908
17.0	-0.119253
17.1	-0.101276
17.2	-0.130696
17.3	-0.181992
17.4	-0.242281
17.5	-0.277049
17.6	-0.289697
17.7	-0.299916
17.8	-0.272702
17.9	-0.255454
18.0	-0.228727
18.1	-0.148282
18.2	-0.209787
18.3	-0.225352
18.4	-0.208591
18.5	-0.138598
18.6	-0.151976
18.7	-0.151499
18.8	-0.193316
18.9	-0.201589
19.0	-0.232711
19.1	-0.301264
19.2	-0.283287
19.3	-0.242219
19.4	-0.182921
19.5	-0.141124
19.6	-0.129952
19.7	-0.126802
19.8	-0.187334
19.9	-0.219428
20.0	-0.200965
20.1	-0.206565
20.2	-0.227964
20.3	-0.252766
20.4	-0.254963
20.5	-0.261778
20.6	-0.235537
20.7	-0.228984
20.8	-0.20809
20.9	-0.195946
21.0	-0.172865
21.1	-0.156103
21.2	-0.193787
21.3	-0.216402
21.4	-0.275476
21.5	-0.245102
21.6	-0.24098
21.7	-0.227378
21.8	-0.242943
21.9	-0.275766
22.0	-0.251713
22.1	-0.205783
22.2	-0.199473
22.3	-0.310076
22.4	-0.295259
22.5	-0.258566
22.6	-0.220658
22.7	-0.17886
22.8	-0.132688
22.9	-0.180824
23.0	-0.166979
23.1	-0.132473
23.2	-0.1354
23.3	-0.144646
23.4	-0.196428
23.5	-0.205674
23.6	-0.162175
23.7	-0.180657
23.8	-0.204244
23.9	-0.218594
24.0	-0.190165
24.1	-0.213995
24.2	-0.164176
24.3	-0.104149
24.4	-0.09079
24.5	-0.062605
24.6	-0.082545
24.7	-0.092277
24.8	-0.07187
24.9	-0.089866
25.0	-0.1188
25.1	-0.138498
25.2	-0.099374
25.3	-0.087473
25.4	-0.189569
25.5	-0.174752
25.6	-0.129066
25.7	-0.131992
25.8	-0.138321
25.9	-0.128365
26.0	-0.196189
26.1	-0.128141
26.2	-0.14079
26.3	-0.231462
26.4	-0.186748
26.5	-0.138874
26.6	-0.18069
26.7	-0.15056
26.8	-0.180709
26.9	-0.165163
27.0	-0.154964
27.1	-0.16737
27.2	-0.174914
27.3	-0.185375
27.4	-0.168127
27.5	-0.137268
27.6	-0.213599
27.7	-0.231595
27.8	-0.175214
27.9	-0.183002
28.0	-0.16308
28.1	-0.200278
28.2	-0.205635
28.3	-0.184984
28.4	-0.141729
28.5	-0.081702
28.6	-0.097996
28.7	-0.026302
28.8	-0.065202
28.9	-0.136429
29.0	-0.146404
29.1	-0.162699
29.2	-0.197953
29.3	-0.260186
29.4	-0.284259
29.5	-0.268956
29.6	-0.268722
29.7	-0.257551
29.8	-0.35357
29.9	-0.341427
30.0	-0.293553
30.1	-0.243734
30.2	-0.209472
30.3	-0.181043
30.4	-0.170358
30.5	-0.150436
30.6	-0.103048
30.7	-0.126149
30.8	-0.159458
30.9	-0.190823
31.0	-0.188158
31.1	-0.199835
31.2	-0.127898
31.3	-0.163881
31.4	-0.144931
31.5	-0.201575
31.6	-0.169986
31.7	-0.201837
31.8	-0.209138
31.9	-0.185327
32.0	-0.215477
32.1	-0.191666
32.2	-0.112194
32.3	-0.072827
32.4	-0.089851
32.5	-0.1025
32.6	-0.164734
32.7	-0.185404
32.8	-0.2209
32.9	-0.22407
33.0	-0.23842
33.1	-0.240374
33.2	-0.264204
33.3	-0.205878
33.4	-0.180609
33.5	-0.147319
33.6	-0.105036
33.7	-0.167755
33.8	-0.171897
33.9	-0.137148
34.0	-0.180666
34.1	-0.177273
34.2	-0.162699
34.3	-0.163437
34.4	-0.129418
34.5	-0.195298
34.6	-0.179265
34.7	-0.182434
34.8	-0.185118
34.9	-0.11075
35.0	-0.166178
35.1	-0.131186
35.2	-0.103487
35.3	-0.097906
35.4	-0.149445
35.5	-0.184455
35.6	-0.191514
35.7	-0.206836
35.8	-0.170143
35.9	-0.189598
36.0	-0.247942
36.1	-0.28903
36.2	-0.253552
36.3	-0.222449
36.4	-0.245793
36.5	-0.193787
36.6	-0.260882
36.7	-0.258218
36.8	-0.281804
36.9	-0.250702
37.0	-0.216196
37.1	-0.171725
37.2	-0.143296
37.3	-0.213551
37.4	-0.173212
37.5	-0.203119
37.6	-0.211149
37.7	-0.164977
37.8	-0.181028
37.9	-0.197809
38.0	-0.182749
38.1	-0.191752
38.2	-0.13926
38.3	-0.139998
38.4	-0.177683
38.5	-0.203214
38.6	-0.177945
38.7	-0.12205
38.8	-0.144907
38.9	-0.164848
39.0	-0.21347
39.1	-0.242404
39.2	-0.22783
39.3	-0.23659
39.4	-0.236842
39.5	-0.127473
39.6	-0.111927
39.7	-0.078637
39.8	-0.137468
39.9	-0.14963
40.0	-0.172488
40.1	-0.132878
40.2	-0.169833
40.3	-0.171301
40.4	-0.170581
40.5	-0.161354
40.6	-0.175705
40.7	-0.156026
40.8	-0.131729
40.9	-0.199554
41.0	-0.146818
41.1	-0.135647
41.2	-0.141004
41.3	-0.148062
41.4	-0.139321
41.5	-0.223674
41.6	-0.259657
41.7	-0.215186
41.8	-0.234154
41.9	-0.199892
42.0	-0.184831
42.1	-0.211092
42.2	-0.212803
42.3	-0.153262
42.4	-0.139417
42.5	-0.083765
42.6	-0.14138
42.7	-0.113924
42.8	-0.129003
42.9	-0.147242
43.0	-0.164509
43.1	-0.19952
43.2	-0.201717
43.3	-0.188115
43.4	-0.126144
43.5	-0.167231
43.6	-0.190574
43.7	-0.184264
43.8	-0.1483
43.9	-0.173832
44.0	-0.145646
44.1	-0.133745
44.2	-0.127921
44.3	-0.187967
44.4	-0.189678
44.5	-0.170729
44.6	-0.16053
44.7	-0.152275
44.8	-0.112422
44.9	-0.120696
45.0	-0.147199
45.1	-0.115611
45.2	-0.135551
45.3	-0.17591
45.4	-0.164252
45.5	-0.190512
45.6	-0.213613
45.7	-0.172059
45.8	-0.200993
45.9	-0.129055
46.0	-0.15799
46.1	-0.108657
46.2	-0.167731
46.3	-0.180623
46.4	-0.159972
46.5	-0.105049
46.6	-0.123046
46.7	-0.10361
46.8	-0.110668
46.9	-0.124533
47.0	-0.15298
47.1	-0.151289
47.2	-0.218627
47.3	-0.2269
47.4	-0.279168
47.5	-0.230079
47.6	-0.188039
47.7	-0.20409
47.8	-0.15573
47.9	-0.118794
48.0	-0.155749
48.1	-0.190274
48.2	-0.170352
48.3	-0.159667
48.4	-0.221415
48.5	-0.203681
48.6	-0.194211
48.7	-0.22752
48.8	-0.200792
48.9	-0.228025
49.0	-0.252584
49.1	-0.227072
49.2	-0.197914
49.3	-0.187958
49.4	-0.260643
49.5	-0.233673
49.6	-0.231981
49.7	-0.189454
49.8	-0.157622
49.9	-0.171487
50.0	-0.174656
50.1	-0.124837
50.2	-0.137
50.3	-0.131662
50.4	-0.135318
50.5	-0.211406
50.6	-0.213603
50.7	-0.180313
50.8	-0.174489
50.9	-0.227729
51.0	-0.252045
51.1	-0.263479
51.2	-0.273697
51.3	-0.223149
51.4	-0.245521
51.5	-0.235322
51.6	-0.231928
51.7	-0.274474
51.8	-0.21153
51.9	-0.248242
52.0	-0.188215
52.1	-0.178016
52.2	-0.233444
52.3	-0.233696
52.4	-0.25072
52.5	-0.249515

&

0.1	0.0
0.2	0.001484
0.3	0.005263
0.4	0.01095
0.5	0.018434
0.6	0.027829
0.7	0.039049
0.8	0.051197
0.9	0.0631
1.0	0.075363
1.1	0.088849
1.2	0.101407
1.3	0.115713
1.4	0.129889
1.5	0.14446
1.6	0.158793
1.7	0.172695
1.8	0.184657
1.9	0.196604
2.0	0.209433
2.1	0.223267
2.2	0.23723
2.3	0.249891
2.4	0.261277
2.5	0.270924
2.6	0.281739
2.7	0.290587
2.8	0.298248
2.9	0.305042
3.0	0.311698
3.1	0.317252
3.2	0.324431
3.3	0.330682
3.4	0.338013
3.5	0.346259
3.6	0.352536
3.7	0.360881
3.8	0.371075
3.9	0.381009
4.0	0.387406
4.1	0.39566
4.2	0.403672
4.3	0.410602
4.4	0.415544
4.5	0.422492
4.6	0.426657
4.7	0.428803
4.8	0.43181
4.9	0.43859
5.0	0.442624
5.1	0.445745
5.2	0.450154
5.3	0.456168
5.4	0.46327
5.5	0.467434
5.6	0.471522
5.7	0.476923
5.8	0.481893
5.9	0.485374
6.0	0.488798
6.1	0.495247
6.2	0.503509
6.3	0.512088
6.4	0.519234
6.5	0.530581
6.6	0.539457
6.7	0.545632
6.8	0.550777
6.9	0.553459
7.0	0.557908
7.1	0.564881
7.2	0.569653
7.3	0.573026
7.4	0.582191
7.5	0.590464
7.6	0.59517
7.7	0.603023
7.8	0.608383
7.9	0.605071
8.0	0.605111
8.1	0.606012
8.2	0.608012
8.3	0.607892
8.4	0.608872
8.5	0.607271
8.6	0.607512
8.7	0.607767
8.8	0.608937
8.9	0.608743
9.0	0.609029
9.1	0.606595
9.2	0.603389
9.3	0.603439
9.4	0.606295
9.5	0.612725
9.6	0.616082
9.7	0.619371
9.8	0.623945
9.9	0.628585
10.0	0.635715
10.1	0.642594
10.2	0.642502
10.3	0.642083
10.4	0.64713
10.5	0.650932
10.6	0.655606
10.7	0.660128
10.8	0.66348
10.9	0.667401
11.0	0.672716
11.1	0.674347
11.2	0.679209
11.3	0.682938
11.4	0.685868
11.5	0.687261
11.6	0.689557
11.7	0.690268
11.8	0.690262
11.9	0.69102
12.0	0.691283
12.1	0.688578
12.2	0.688831
12.3	0.68508
12.4	0.683972
12.5	0.683515
12.6	0.685529
12.7	0.689268
12.8	0.691787
12.9	0.693522
13.0	0.696047
13.1	0.696956
13.2	0.701243
13.3	0.706175
13.4	0.704295
13.5	0.709751
13.6	0.712709
13.7	0.713325
13.8	0.713439
13.9	0.715616
14.0	0.719012
14.1	0.723238
14.2	0.729738
14.3	0.732002
14.4	0.737373
14.5	0.740338
14.6	0.744967
14.7	0.748598
14.8	0.751716
14.9	0.751428
15.0	0.752638
15.1	0.754808
15.2	0.756327
15.3	0.756342
15.4	0.756255
15.5	0.755603
15.6	0.754906
15.7	0.754969
15.8	0.753933
15.9	0.754277
16.0	0.756712
16.1	0.754204
16.2	0.754614
16.3	0.755589
16.4	0.757496
16.5	0.76155
16.6	0.758889
16.7	0.760283
16.8	0.759498
16.9	0.753863
17.0	0.748484
17.1	0.745508
17.2	0.743402
17.3	0.740511
17.4	0.739714
17.5	0.742605
17.6	0.746428
17.7	0.751291
17.8	0.757383
17.9	0.761389
18.0	0.765691
18.1	0.769264
18.2	0.770418
18.3	0.7713
18.4	0.775156
18.5	0.777065
18.6	0.775311
18.7	0.775553
18.8	0.770634
18.9	0.773303
19.0	0.774581
19.1	0.77529
19.2	0.779192
19.3	0.783641
19.4	0.786392
19.5	0.783825
19.6	0.782763
19.7	0.77995
19.8	0.773469
19.9	0.773634
20.0	0.775187
20.1	0.774217
20.2	0.77753
20.3	0.780713
20.4	0.783239
20.5	0.790626
20.6	0.794079
20.7	0.794473
20.8	0.795202
20.9	0.797534
21.0	0.796274
21.1	0.794208
21.2	0.791674
21.3	0.792075
21.4	0.791481
21.5	0.795423
21.6	0.799532
21.7	0.801513
21.8	0.804537
21.9	0.80824
22.0	0.810648
22.1	0.80997
22.2	0.80974
22.3	0.810138
22.4	0.817187
22.5	0.822514
22.6	0.825921
22.7	0.828674
22.8	0.827369
22.9	0.82467
23.0	0.826666
23.1	0.82382
23.2	0.817741
23.3	0.813442
23.4	0.811216
23.5	0.813431
23.6	0.811396
23.7	0.811377
23.8	0.812234
23.9	0.811403
24.0	0.813773
24.1	0.814177
24.2	0.814113
24.3	0.812471
24.4	0.806016
24.5	0.800805
24.6	0.794118
24.7	0.789874
24.8	0.785142
24.9	0.781134
25.0	0.776657
25.1	0.772847
25.2	0.76906
25.3	0.764797
25.4	0.755585
25.5	0.754291
25.6	0.75286
25.7	0.752299
25.8	0.750372
25.9	0.7454
26.0	0.742758
26.1	0.741582
26.2	0.73735
26.3	0.735644
26.4	0.739472
26.5	0.737884
26.6	0.738083
26.7	0.738538
26.8	0.733072
26.9	0.730971
27.0	0.729494
27.1	0.727274
27.2	0.727722
27.3	0.726103
27.4	0.725683
27.5	0.727323
27.6	0.721797
27.7	0.725822
27.8	0.728097
27.9	0.727629
28.0	0.726453
28.1	0.724194
28.2	0.721423
28.3	0.721799
28.4	0.724074
28.5	0.723408
28.6	0.717778
28.7	0.710629
28.8	0.701961
28.9	0.696516
29.0	0.694861
29.1	0.694542
29.2	0.694733
29.3	0.693934
29.4	0.699571
29.5	0.705959
29.6	0.710343
29.7	0.717301
29.8	0.722448
29.9	0.73171
30.0	0.739089
30.1	0.743008
30.2	0.744659
30.3	0.746953
30.4	0.742952
30.5	0.742199
30.6	0.741406
30.7	0.738281
30.8	0.736575
30.9	0.737847
31.0	0.740034
31.1	0.740514
31.2	0.74063
31.3	0.740218
31.4	0.737801
31.5	0.73691
31.6	0.738666
31.7	0.740029
31.8	0.741969
31.9	0.744567
32.0	0.7448
32.1	0.746909
32.2	0.746675
32.3	0.74425
32.4	0.740464
32.5	0.737453
32.6	0.731857
32.7	0.734114
32.8	0.734892
32.9	0.736979
33.0	0.739973
33.1	0.740003
33.2	0.74352
33.3	0.751268
33.4	0.754171
33.5	0.751638
33.6	0.749407
33.7	0.745776
33.8	0.747085
33.9	0.746162
34.0	0.740292
34.1	0.739882
34.2	0.737908
34.3	0.737992
34.4	0.737209
34.5	0.733875
34.6	0.734066
34.7	0.734883
34.8	0.731851
34.9	0.733916
35.0	0.73188
35.1	0.731039
35.2	0.728232
35.3	0.724229
35.4	0.720943
35.5	0.71773
35.6	0.718682
35.7	0.719508
35.8	0.720329
35.9	0.717921
36.0	0.71856
36.1	0.721644
36.2	0.724251
36.3	0.728331
36.4	0.730947
36.5	0.735114
36.6	0.735352
36.7	0.738235
36.8	0.742579
36.9	0.747457
37.0	0.750948
37.1	0.752204
37.2	0.751166
37.3	0.749553
37.4	0.749744
37.5	0.746554
37.6	0.745852
37.7	0.747494
37.8	0.747237
37.9	0.745883
38.0	0.745644
38.1	0.745357
38.2	0.74394
38.3	0.742896
38.4	0.742838
38.5	0.744355
38.6	0.742359
38.7	0.744434
38.8	0.741998
38.9	0.74037
39.0	0.741354
39.1	0.743327
39.2	0.743128
39.3	0.747482
39.4	0.749406
39.5	0.751995
39.6	0.750409
39.7	0.747434
39.8	0.743883
39.9	0.74327
40.0	0.742696
40.1	0.742235
40.2	0.738884
40.3	0.736944
40.4	0.739093
40.5	0.737441
40.6	0.738964
40.7	0.739426
40.8	0.738137
40.9	0.735529
41.0	0.733536
41.1	0.73091
41.2	0.729489
41.3	0.729991
41.4	0.729435
41.5	0.728108
41.6	0.731023
41.7	0.73542
41.8	0.738222
41.9	0.741028
42.0	0.74146
42.1	0.743677
42.2	0.745275
42.3	0.748822
42.4	0.749372
42.5	0.748419
42.6	0.743533
42.7	0.743102
42.8	0.742191
42.9	0.73821
43.0	0.735688
43.1	0.737008
43.2	0.739215
43.3	0.738532
43.4	0.736863
43.5	0.735426
43.6	0.735682
43.7	0.737578
43.8	0.740253
43.9	0.73996
44.0	0.7402
44.1	0.739438
44.2	0.739113
44.3	0.735615
44.4	0.736806
44.5	0.738299
44.6	0.73757
44.7	0.736401
44.8	0.735167
44.9	0.732008
45.0	0.726905
45.1	0.725038
45.2	0.718673
45.3	0.718627
45.4	0.717689
45.5	0.717673
45.6	0.715222
45.7	0.714331
45.8	0.712436
45.9	0.709848
46.0	0.70847
46.1	0.708912
46.2	0.70385
46.3	0.703575
46.4	0.704963
46.5	0.702409
46.6	0.69689
46.7	0.695364
46.8	0.690282
46.9	0.684926
47.0	0.684823
47.1	0.683161
47.2	0.681076
47.3	0.686124
47.4	0.688204
47.5	0.690976
47.6	0.691196
47.7	0.695465
47.8	0.698584
47.9	0.69742
48.0	0.695618
48.1	0.694425
48.2	0.696309
48.3	0.6971
48.4	0.696263
48.5	0.696273
48.6	0.696391
48.7	0.698081
48.8	0.69938
48.9	0.699196
49.0	0.702455
49.1	0.704137
49.2	0.706844
49.3	0.709748
49.4	0.710205
49.5	0.71308
49.6	0.715403
49.7	0.718133
49.8	0.719757
49.9	0.717966
50.0	0.720702
50.1	0.719889
50.2	0.716134
50.3	0.716474
50.4	0.716623
50.5	0.715857
50.6	0.716377
50.7	0.717602
50.8	0.718129
50.9	0.716776
51.0	0.71914
51.1	0.725417
51.2	0.728783
51.3	0.73315
51.4	0.735312
51.5	0.736655
51.6	0.739639
51.7	0.744404
51.8	0.747526
51.9	0.748424
52.0	0.750569
52.1	0.748727
52.2	0.748721
52.3	0.750492
52.4	0.750703
52.5	0.753718

&

