0.2	0.00316
0.4	-0.004861
0.6	0.016771
0.8	-0.00316
1.0	0.009966
1.2	0.010209
1.4	0.034515
1.6	0.069273
1.8	0.061009
2.0	0.039862
2.2	-0.01507
2.4	-0.021147
2.6	0.016528
2.8	0.030869
3.0	0.032814
3.2	0.063926
3.4	0.049342
3.6	0.076808
3.8	0.076565
4.0	-0.052502
4.2	-0.031112
4.4	-0.000486
4.6	0.063926
4.8	0.083128
5.0	0.036216
5.2	-0.018473
5.4	-0.125907
5.6	-0.151915
5.8	-0.167228
6.0	-0.239174
6.2	-0.179624
6.4	-0.183513
6.6	-0.125421
6.8	-0.062467
7.0	0.00316
7.2	0.092607
7.4	0.098927
7.6	0.005104
7.8	-0.058578
8.0	-0.028681
8.2	-0.017744
8.4	-0.002674
8.6	-0.013368
8.8	-0.023091
9.0	-0.022605
9.2	0.014827
9.4	0.096739
9.6	0.135629
9.8	0.187402
10.0	0.016771
10.2	-0.061009
10.4	-0.079725
10.6	-0.102573
10.8	-0.057363
11.0	0.010209
11.2	-0.088718
11.4	-0.309176
11.6	-0.298482
11.8	-0.171846
12.0	-0.050071
12.2	0.04521
12.4	0.154588
12.6	-0.026737
12.8	-0.088718
13.0	-0.165769
13.2	0.008264
13.4	0.028925
13.6	0.064898
13.8	0.033786
14.0	0.136115
14.2	0.202229
14.4	0.203687
14.6	0.180353
14.8	0.300426
15.0	0.373588
15.2	0.249626
15.4	0.360949
15.6	0.222403
15.8	0.265425
16.0	0.190562
16.2	0.234313
16.4	0.229209
16.6	0.135872
16.8	0.193235
17.0	0.105976
17.2	-0.000972
17.4	0.08969
17.6	0.127122
17.8	0.194451
18.0	0.286572
18.2	0.146324
18.4	0.209277
18.6	0.359248
18.8	0.340775
19.0	0.322302
19.2	0.482481
19.4	0.292405
19.6	0.096982
19.8	0.070731
20.0	0.170387
20.2	0.158477
20.4	0.215597
20.6	0.108406
20.8	0.018716
21.0	-0.003403
21.2	0.092364
21.4	0.068058
21.6	-0.00316
21.8	0.013125
22.0	-0.033786
22.2	-0.126636
22.4	-0.051043
22.6	0.00316
22.8	-0.204659
23.0	-0.204659
23.2	-0.078023
23.4	0.031355
23.6	0.032814
23.8	-0.092607
24.0	-0.105003
24.2	-0.056634
24.4	-0.131254
24.6	-0.004861
24.8	0.08726
25.0	-0.068787
25.2	0.089447
25.4	-0.086531
25.6	-0.140004
25.8	-0.304801
26.0	-0.049099
26.2	-0.187645
26.4	-0.420986
26.6	-0.469112
26.8	-0.423902
27.0	-0.195666
27.2	-0.079968
27.4	0.09285
27.6	0.058335
27.8	0.063926
28.0	0.359977
28.2	-0.019688
28.4	-0.007778
28.6	-0.166498
28.8	-0.187645
29.0	0.049342
29.2	-0.119587
29.4	-0.164797
29.6	-0.079968
29.8	-0.104517
30.0	-0.342233
30.2	-0.205145
30.4	-0.068058
30.6	-0.366053
30.8	-0.481994
31.0	-0.317198
31.2	-0.377477
31.4	-0.377963
31.6	-0.127851
31.8	-0.266397
32.0	-0.21341
32.2	-0.090176
32.4	-0.235285
32.6	-0.440431
32.8	-0.489286
33.0	-0.163582
33.2	-0.152644
33.4	-0.19834
33.6	-0.00559
33.8	-0.141949
34.0	-0.147053
34.2	-0.058578
34.4	-0.293134
34.6	-0.33008
34.8	-0.245251
35.0	-0.421229
35.2	-0.25473
35.4	-0.127608
35.6	0.243063
35.8	0.080697
36.0	0.169415
36.2	0.07535
36.4	0.133928
36.6	0.319871
36.8	0.471786
37.0	0.30942
37.2	0.335913
37.4	0.114483
37.6	-0.005104
37.8	-0.113024
38.0	-0.170873
38.2	-0.01507
38.4	0.10233
38.6	-0.128824
38.8	-0.242577
39.0	0.059064
39.2	-0.053474
39.4	-0.170387
39.6	0.251084
39.8	0.290218
40.0	0.532795
40.2	0.590401
40.4	0.48321
40.6	0.424145
40.8	0.636583
41.0	0.606443
41.2	0.336886
41.4	0.090663
41.6	-0.091635
41.8	0.03257
42.0	-0.037675
42.2	-0.323517
42.4	-0.108406
42.6	-0.110837
42.8	-0.231639
43.0	-0.359004
43.2	-0.288273
43.4	-0.286572
43.6	-0.073891
43.8	-0.116913
44.0	-0.600123
44.2	-0.602311
44.4	-0.520885
44.6	-0.641444
44.8	-0.570469
45.0	-0.466681
45.2	-0.34199
45.4	-0.214382
45.6	-0.095281
45.8	-0.235528
46.0	-0.157019
46.2	-0.359248
46.4	-0.241119
46.6	-0.02066
46.8	0.316711
47.0	0.422201
47.2	0.26105
47.4	0.172332
47.6	-0.036459
47.8	-0.014584
48.0	-0.042293
48.2	0.125421
48.4	0.207819
48.6	0.206118
48.8	-0.033543
49.0	-0.102816
49.2	-0.262751
49.4	-0.110837
49.6	-0.104517
49.8	-0.170144
50.0	0.13806
50.2	0.29119
50.4	-0.166984
50.6	-0.626374
50.8	-0.311607
51.0	-0.584081
51.2	-0.372373
51.4	-0.246223
51.6	0.214868
51.8	0.13174
52.0	0.119587
52.2	-0.228236
52.4	0.129553
52.6	0.278064
52.8	0.321087
53.0	0.359977
53.2	0.350983
53.4	0.047883
53.6	0.156533
53.8	0.158477
54.0	-0.054689
54.2	-0.055905
54.4	-0.087989
54.6	-0.180839
54.8	0.234313
55.0	0.542517
55.2	0.632208
55.4	0.519912
55.6	0.613492
55.8	0.440674
56.0	0.238931
56.2	0.289974
56.4	0.107677
56.6	0.015313
56.8	-0.098441
57.0	-0.352928
57.2	-0.237959
57.4	-0.071218
57.6	-0.073648
57.8	-0.160665
58.0	-0.228479
58.2	0.037432
58.4	0.117156
58.6	-0.058821
58.8	0.397408
59.0	0.397651
59.2	0.615922
59.4	0.002674
59.6	-0.178165
59.8	-0.461577
60.0	-0.244765
60.2	-0.461577
60.4	-0.521857
60.6	-0.094795
60.8	0.117886
61.0	0.369213
61.2	0.322545
61.4	0.352928
61.6	0.260807
61.8	0.218028
62.0	-0.302614
62.2	-0.398381
62.4	-0.393033
62.6	-0.374317
62.8	-0.517239
63.0	-0.18011
63.2	-0.335184
63.4	-0.199069
63.6	0.218757
63.8	0.28244
64.0	0.314767
64.2	0.455501
64.4	0.520642
64.6	0.436299
64.8	0.177922
65.0	0.423659
65.2	0.264453
65.4	-0.057849
65.6	0.019445
65.8	-0.198097
66.0	0.171117
66.2	0.105733
66.4	-0.014827
66.6	-0.10792
66.8	0.04521
67.0	0.265425
67.2	0.12615
67.4	0.080697
67.6	0.106219
67.8	0.303829
68.0	-0.099413
68.2	0.009966
68.4	-0.027466
68.6	-0.299454
68.8	-0.221431
69.0	-0.14438
69.2	0.041078
69.4	0.415395
69.6	0.9934
69.8	0.821797
70.0	0.599151
70.2	0.246952
70.4	-0.033057
70.6	0.15556
70.8	0.19202
71.0	0.108163
71.2	0.009236
71.4	-0.057606
71.6	-0.55224
71.8	-0.092364
72.0	-0.160908
72.2	-0.070002
72.4	-0.154345
72.6	-0.353657
72.8	-0.084586
73.0	-0.052502
73.2	0.068058
73.4	-0.010695
73.6	-0.268828
73.8	-0.406402
74.0	-0.3872
74.2	-0.238445
74.4	-0.105976
74.6	-0.370915
74.8	-0.204659
75.0	-0.542274
75.2	-0.392304
75.4	-0.347094
75.6	-0.425361
75.8	-0.351226
76.0	-0.44675
76.2	0.076079
76.4	-0.02382
76.6	-0.066356
76.8	-0.241119
77.0	-0.166255
77.2	-0.045696
77.4	0.072919
77.6	0.146567
77.8	0.381852
78.0	-0.113754
78.2	-0.204173
78.4	-0.490259
78.6	-0.316225
78.8	-0.041807
79.0	-0.420986
79.2	-0.511648
79.4	-0.255459
79.6	-0.268828
79.8	-0.237959
80.0	-0.203201
80.2	-0.029897
80.4	-0.124691
80.6	-0.379665
80.8	-0.331295
81.0	-0.087503
81.2	0.09601
81.4	0.147296
81.6	0.114969
81.8	0.035001
82.0	0.057363
82.2	0.070488
82.4	0.210736
82.6	0.163825
82.8	0.419527
83.0	0.272717
83.2	-0.026251
83.4	-0.302128
83.6	-0.253029
83.8	0.103302
84.0	-0.092121
84.2	0.051286
84.4	0.064412
84.6	-0.082398
84.8	-0.042293
85.0	0.270772
85.2	0.040592
85.4	0.492446
85.6	0.252543
85.8	0.343205
86.0	0.476404
86.2	0.597693
86.4	0.517968
86.6	0.695647
86.8	0.042536
87.0	0.109378
87.2	0.370915
87.4	0.37213
87.6	0.348796
87.8	0.63877
88.0	0.176221
88.2	0.508488
88.4	0.635367
88.6	0.428521
88.8	0.246466
89.0	0.763219
89.2	0.893257
89.4	0.463036
89.6	0.422201
89.8	0.109378
90.0	0.099899
90.2	-0.24282
90.4	-0.183027
90.6	-0.208062
90.8	-0.647521
91.0	-0.360949
91.2	-0.224104
91.4	-0.216569
91.6	-0.220701
91.8	-0.100871
92.0	-0.161637
92.2	-0.770511
92.4	-1.0916
92.6	-0.634638
92.8	-0.514565
93.0	-0.598179
93.2	-0.316711
93.4	-0.127608
93.6	-0.05712
93.8	-0.073648
94.0	0.106705
94.2	0.037675
94.4	0.273203
94.6	0.42609
94.8	0.132469
95.0	0.12299
95.2	0.082885
95.4	0.068544
95.6	0.180596
95.8	0.068787
96.0	0.246952
96.2	0.44359
96.4	-0.054446
96.6	-0.08969
96.8	-0.433382
97.0	0.410291
97.2	-0.04521
97.4	-0.017987
97.6	-0.074863
97.8	-0.097711
98.0	-0.28487
98.2	-0.455744
98.4	-0.410048
98.6	-0.572171
98.8	-0.165526
99.0	0.13806
99.2	0.293377
99.4	0.191048
99.6	0.348553
99.8	0.076322
100.0	-0.063683
100.2	0.229938
100.4	-0.100628
100.6	-0.07462
100.8	-0.202958
101.0	-0.694918
101.2	-0.802352
101.4	-1.43894
101.6	-1.5629
101.8	-1.32883
102.0	-1.36042
102.2	-0.566824
102.4	-0.341261
102.6	0.169658
102.8	0.29678
103.0	0.286572
103.2	0.109378
103.4	0.110837
103.6	-0.400082
103.8	-0.135629
104.0	-0.240147
104.2	0.029897
104.4	0.248168
104.6	-0.204173
104.8	-0.241848
105.0	-0.79506
105.2	-0.890827
105.4	-0.275391
105.6	-0.709259
105.8	-0.901522
106.0	-0.141706
106.2	0.559532
106.4	0.350983
106.6	0.126636
106.8	0.474946
107.0	0.089447
107.2	0.199312
107.4	-0.00316
107.6	-0.037675
107.8	-0.320844
108.0	-0.532552
108.2	-0.161637
108.4	0.03014
108.6	0.301398
108.8	0.370915
109.0	0.415881
109.2	0.306989
109.4	0.148269
109.6	0.810616
109.8	0.70464
110.0	0.67523
110.2	0.686897
110.4	0.26105
110.6	-0.030626
110.8	0.496578
111.0	0.367026
111.2	0.480536
111.4	0.297266
111.6	-0.038404
111.8	0.058578
112.0	0.042779
112.2	0.029897
112.4	-0.042293
112.6	-0.15629
112.8	-0.029897
113.0	0.04764
113.2	-0.379179
113.4	-0.21584
113.6	-0.623214
113.8	-0.268342
114.0	-0.269071
114.2	-0.367998
114.4	-0.751795
114.6	-0.529149
114.8	-0.58238
115.0	-0.579706
115.2	-0.253515
115.4	-0.309906
115.6	-0.383554
115.8	-0.219486
116.0	-0.264453
116.2	-0.107434
116.4	-0.339802
116.6	-0.10233
116.8	0.024063
117.0	0.117643
117.2	0.579949
117.4	0.781691
117.6	0.42925
117.8	-0.011181
118.0	-0.173061
118.2	0.108163
118.4	0.3872
118.6	0.210493
118.8	0.285113
119.0	0.642416
119.2	0.162852
119.4	-0.50387
119.6	-0.386714
119.8	-0.265182
120.0	-0.032814
120.2	-0.460362
120.4	-0.760545
120.6	-0.384283
120.8	-0.41977
121.0	-0.211951
121.2	-0.269557
121.4	-0.020903
121.6	0.251327
121.8	0.134171
122.0	0.571442
122.2	0.778289
122.4	0.406402
122.6	-0.548837
122.8	-0.56658
123.0	-0.711932
123.2	-0.810859
123.4	-0.815477
123.6	-0.690786
123.8	-0.108649
124.0	-0.096739
124.2	-0.230667
124.4	-0.411992
124.6	0.075593
124.8	-0.201743
125.0	0.134414
125.2	0.493905
125.4	0.462792
125.6	0.242577
125.8	1.45838
126.0	1.19514
126.2	0.707071
126.4	1.1057
126.6	0.622242
126.8	1.05781
127.0	0.656271
127.2	0.738912
127.4	0.473973
127.6	-0.053231
127.8	0.167471
128.0	-0.229209
128.2	0.004861
128.4	-0.531822
128.6	-0.241362
128.8	-0.248897
129.0	0.531093
129.2	0.080697
129.4	-0.179624
129.6	-0.189346
129.8	-0.590887
130.0	-0.518697
130.2	0.152401
130.4	0.226778
130.6	0.946245
130.8	0.884507
131.0	0.851694
131.2	1.06097
131.4	0.929231
131.6	1.18348
131.8	1.04396
132.0	0.991212
132.2	0.905654
132.4	1.1334
132.6	1.20802
132.8	1.29601
133.0	0.880861
133.2	0.396193
133.4	0.255703
133.6	0.653111
133.8	0.394492
134.0	0.138303
134.2	0.203444
134.4	-0.316711
134.6	0.042293
134.8	-0.290947
135.0	-0.744503
135.2	-0.88791
135.4	-0.187645
135.6	-0.15313
135.8	0.128824
136.0	-0.10233
136.2	-0.376262
136.4	-0.362893
136.6	-0.454285
136.8	-0.122504
137.0	-0.143893
137.2	0.1174
137.4	0.436055
137.6	0.039619
137.8	-0.107434
138.0	-0.451125
138.2	-0.459147
138.4	0.155074
138.6	0.112781
138.8	-0.05712
139.0	-0.496578
139.2	-0.52769
139.4	-0.220945
139.6	-0.490016
139.8	-0.592345
140.0	-0.277335
140.2	-0.447236
140.4	-0.507516
140.6	-0.069273
140.8	0.133199
141.0	0.072433
141.2	0.11108
141.4	-0.064898
141.6	-0.01823
141.8	0.013855
142.0	-0.253758
142.2	0.011667
142.4	0.048856
142.6	0.199555
142.8	-0.011424
143.0	0.370428
143.2	0.27928
143.4	0.271259
143.6	0.044967
143.8	-0.224104
144.0	0.147296
144.2	-0.034758
144.4	-0.364109
144.6	-0.106219
144.8	-0.401054
145.0	-0.48005
145.2	-1.12538
145.4	-0.469112
145.6	-0.50071
145.8	-0.657972
146.0	-0.300912
146.2	-0.359491
146.4	0.0508
146.6	-0.452827
146.8	-0.435083
147.0	-0.21025
147.2	-0.353171
147.4	-0.62443
147.6	-0.190075
147.8	-0.506787
148.0	-0.37456
148.2	0.113511
148.4	-0.311364
148.6	-0.261779
148.8	0.043994
149.0	-0.076565
149.2	-0.329594
149.4	-0.376748
149.6	-0.369456
149.8	-0.211708
150.0	0.016528
150.2	0.348796
150.4	0.485154
150.6	0.8252
150.8	0.432166
151.0	0.265425
151.2	0.454528
151.4	0.875271
151.6	1.22407
151.8	0.889125
152.0	0.784851
152.2	0.432166
152.4	0.861416
152.6	1.11688
152.8	0.75301
153.0	0.099656
153.2	0.68714
153.4	0.595019
153.6	-0.3364
153.8	-0.455014
154.0	-1.0493
154.2	-0.764434
154.4	-0.721655
154.6	-0.674014
154.8	-0.853395
155.0	-0.551024
155.2	-0.447236
155.4	-0.657
155.6	-0.11983
155.8	-0.385498
156.0	0.2698
156.2	0.285113
156.4	0.074134
156.6	-0.188131
156.8	-0.525989
157.0	-0.621027
157.2	-0.495363
157.4	-0.735996
157.6	-0.859958
157.8	-0.703425
158.0	-0.821068
158.2	0.048613
158.4	0.664778
158.6	0.815234
158.8	0.767108
159.0	0.265668
159.2	-0.220215
159.4	-0.239174
159.6	-0.329837
159.8	-1.06121
160.0	-0.712175
160.2	-0.341261
160.4	-0.409805
160.6	-0.289002
160.8	0.479321
161.0	0.250355
161.2	-0.119587
161.4	0.379908
161.6	0.548837
161.8	0.253758
162.0	0.596234
162.2	0.14681
162.4	0.325948
162.6	0.516752
162.8	0.057849
163.0	-0.123962
163.2	-0.716064
163.4	-0.301398
163.6	0.133685
163.8	-0.175978
164.0	0.124691
164.2	0.452098
164.4	0.731377
164.6	0.644118
164.8	0.583838
165.0	0.385012
165.2	0.095767
165.4	-0.166255
165.6	0.089447
165.8	-0.220458
166.0	-0.278794
166.2	-0.615679
166.4	-0.429493
166.6	0.037918
166.8	0.168443
167.0	0.303586
167.2	0.303343
167.4	0.04205
167.6	0.117156
167.8	0.101844
168.0	-0.014584
168.2	-0.731863
168.4	-0.548594
168.6	-0.873326
168.8	-0.999962
169.0	-1.12514
169.2	-0.987566
169.4	-0.722627
169.6	-0.067329
169.8	-0.285599
170.0	-0.385984
170.2	-0.419527
170.4	-0.713877
170.6	-0.429493
170.8	-0.920967
171.0	-0.467411
171.2	-0.868951
171.4	-0.7744
171.6	-0.975656
171.8	-0.352928
172.0	-0.017744
172.2	-0.118129
172.4	0.124935
172.6	-0.579949
172.8	-0.46182
173.0	0.251814
173.2	0.353171
173.4	0.804296
173.6	1.12222
173.8	1.3631
174.0	0.871139
174.2	1.13559
174.4	0.82836
174.6	0.763705
174.8	0.215111
175.0	-0.09601
175.2	-0.203444
175.4	-0.106462
175.6	0.136115
175.8	0.580435
176.0	0.762003
176.2	0.144137
176.4	-0.144623
176.6	-0.066356
176.8	-0.044238
177.0	-0.156533
177.2	-0.02139
177.4	-0.295808
177.6	-0.357303
177.8	-0.551024
178.0	-0.44116
178.2	-0.681549
178.4	-0.360949
178.6	0.022362
178.8	0.006806
179.0	-0.236987
179.2	-0.166498
179.4	0.120802
179.6	0.564393
179.8	0.542031
180.0	0.119587
180.2	0.368484
180.4	0.566094
180.6	0.568282
180.8	0.292162
181.0	0.255459
181.2	0.684952
181.4	0.454042
181.6	0.476161
181.8	-0.038647
182.0	-0.032327
182.2	-0.561719
182.4	-0.448209
182.6	-0.070974
182.8	-0.276849
183.0	-0.223375
183.2	-0.646305
183.4	-0.991212
183.6	-0.346365
183.8	-0.011667
184.0	0.11424
184.2	0.132713
184.4	0.180839
184.6	0.273932
184.8	0.681306
185.0	0.356088
185.2	0.237959
185.4	0.592588
185.6	0.680577
185.8	0.321816
186.0	0.09917
186.2	-0.672799
186.4	-0.306503
186.6	-0.619082
186.8	-0.478835
187.0	-0.537656
187.2	-0.525746
187.4	-0.500467
187.6	-0.241362
187.8	-0.29994
188.0	0.031598
188.2	0.39279
188.4	-0.473487
188.6	-0.329351
188.8	-0.498766
189.0	-1.15382
189.2	-0.87916
189.4	-0.39279
189.6	-0.656514
189.8	-0.749607
190.0	-1.17983
190.2	-1.29383
190.4	-0.99899
190.6	-1.29018
190.8	-0.964961
191.0	-0.926314
191.2	-1.1791
191.4	-0.72603
191.6	-0.532795
191.8	-0.646548
192.0	-0.585782
192.2	-0.787039
192.4	-1.10667
192.6	-0.644118
192.8	-0.326191
193.0	-0.840756
193.2	-0.726516
193.4	-0.321816
193.6	0.0841
193.8	0.367512
194.0	0.886695
194.2	0.84902
194.4	0.595748
194.6	0.376019
194.8	0.125664
195.0	0.179138
195.2	0.221674
195.4	-0.189346
195.6	-0.509461
195.8	0.15313
196.0	-0.189832
196.2	-0.204416
196.4	-0.29362
196.6	-0.072433
196.8	0.106219
197.0	-0.118858
197.2	-0.039376
197.4	-0.775129
197.6	-0.248654
197.8	-0.687383
198.0	-0.412721
198.2	0.037432
198.4	0.3031
198.6	0.642173
198.8	0.123962
199.0	0.497794
199.2	0.87916
199.4	0.880618
199.6	0.488314
199.8	0.0508
200.0	-0.358761
200.2	0.050071
200.4	0.228966
200.6	-0.094795
200.8	0.457931
201.0	0.801866
201.2	0.370671
201.4	0.043265
201.6	0.043265
201.8	0.031841
202.0	-0.288759
202.2	0.505572
202.4	1.07458
202.6	0.611304
202.8	0.545677
203.0	-0.416124
203.2	-0.103545
203.4	0.133685
203.6	-0.455014
203.8	0.417583
204.0	0.307475
204.2	0.22216
204.4	0.23407
204.6	0.342719
204.8	0.540816
205.0	0.580921
205.2	0.169172
205.4	0.466925
205.6	0.028195
205.8	0.648493
206.0	0.476404
206.2	-0.328135
206.4	-0.221674
206.6	0.124691
206.8	-0.002188
207.0	-0.006077
207.2	-0.589185
207.4	-0.133685
207.6	-0.583595
207.8	-0.47057
208.0	0.135386
208.2	0.150213
208.4	-0.148998
208.6	0.010209
208.8	-0.35706
209.0	-0.38404
209.2	-0.434111
209.4	-0.687626
209.6	-0.404943
209.8	-0.610575
210.0	0.130039
210.2	0.164068
210.4	0.043751
210.6	0.156047
210.8	-0.17379
211.0	-0.581893
211.2	-0.117886
211.4	0.272717
211.6	0.064412
211.8	0.270043
212.0	0.755198
212.2	0.621513
212.4	0.493418
212.6	-0.163825
212.8	-0.056877
213.0	0.240633
213.2	0.010938
213.4	-0.453313
213.6	0.590887
213.8	-0.24039
214.0	0.28244
214.2	0.145109
214.4	0.238688
214.6	0.526718
214.8	1.19903
215.0	0.657486
215.2	0.132713
215.4	-0.339316
215.6	-0.306746
215.8	0.62686
216.0	0.44116
216.2	0.525989
216.4	0.45623
216.6	0.262994
216.8	0.747906
217.0	0.315496
217.2	0.656514
217.4	0.545677
217.6	0.294107
217.8	-0.312093
218.0	-0.597449
218.2	-0.385012
218.4	-0.516266
218.6	-0.327649
218.8	-0.149241
219.0	0.446264
219.2	0.589185
219.4	0.29435
219.6	-0.33008
219.8	-0.441889
220.0	-0.414909
220.2	-0.609846
220.4	-0.500953
220.6	0.395221
220.8	0.537899
221.0	-0.202715
221.2	0.10233
221.4	0.191534
221.6	0.226049
221.8	0.135629
222.0	0.405186
222.2	0.932634
222.4	0.621756
222.6	0.516752
222.8	0.227264
223.0	0.15629
223.2	-0.032084
223.4	-0.239903
223.6	0.15556
223.8	0.761517
224.0	0.953294
224.2	0.405186
224.4	0.571442
224.6	-0.096253
224.8	0.095767
225.0	-0.835408
225.2	-0.152158
225.4	0.838082
225.6	0.586755
225.8	-0.027223
226.0	0.25157
226.2	-1.03739
226.4	-1.02038
226.6	-0.97201
226.8	-1.12368
227.0	-0.750822
227.2	-0.278064
227.4	-0.344178
227.6	-0.212437
227.8	-0.987323
228.0	-0.928988
228.2	-0.927043
228.4	-0.99583
228.6	-0.648979
228.8	-1.04128
229.0	-0.749364
229.2	-1.89055
229.4	-2.14139
229.6	-1.53106
229.8	-1.05246
230.0	-1.05976
230.2	-0.674014
230.4	-0.848534
230.6	-0.992427
230.8	-0.991698
231.0	-0.876
231.2	-1.11469
231.4	-1.18736
231.6	-1.17108
231.8	-0.912459
232.0	-0.999719
232.2	-0.393762
232.4	-0.201499
232.6	-0.715821
232.8	0.37213
233.0	0.094552
233.2	0.056634
233.4	-0.514808
233.6	0.0
233.8	0.56415
234.0	0.092607
234.2	0.352928
234.4	-0.039862
234.6	-0.127365
234.8	0.146567
235.0	-0.041807
235.2	-0.135143
235.4	-0.249869
235.6	-0.225806
235.8	-0.36265
236.0	-0.483696
236.2	-0.098684
236.4	0.435326
236.6	0.461334
236.8	1.05684
237.0	1.36602
237.2	0.876486
237.4	0.287301
237.6	0.089204
237.8	0.601095
238.0	0.422687
238.2	0.793602
238.4	0.710717
238.6	0.484911
238.8	0.259348
239.0	0.480779
239.2	0.94503
239.4	0.699536
239.6	0.727731
239.8	1.04566
240.0	0.412235
240.2	0.322059
240.4	0.521857
240.6	0.911001
240.8	0.699293
241.0	0.481508
241.2	0.518454
241.4	0.747663
241.6	0.226535
241.8	0.618839
242.0	0.900306
242.2	0.707314
242.4	0.080454
242.6	0.316468
242.8	0.127608
243.0	-0.116184
243.2	0.320844
243.4	-0.06271
243.6	0.611061
243.8	0.483453
244.0	-0.243063
244.2	0.411506
244.4	0.654083
244.6	0.775372
244.8	0.718495
245.0	0.554427
245.2	0.771483
245.4	0.59356
245.6	-0.30942
245.8	-0.285113
246.0	-0.361678
246.2	-0.397165
246.4	-0.164068
246.6	-0.126879
246.8	-0.152401
247.0	-0.30942
247.2	-0.437757
247.4	0.008264
247.6	-0.307961
247.8	-0.755198
248.0	-0.398624
248.2	-0.883535
248.4	-0.929231
248.6	-0.393276
248.8	-0.550781
249.0	-0.178408
249.2	-0.364109
249.4	0.206604
249.6	-0.433382
249.8	-1.05028
250.0	-0.570469
250.2	-0.76176
250.4	-0.733565
250.6	-0.851451
250.8	0.281953
251.0	-0.043994
251.2	-0.05396
251.4	0.42925
251.6	0.198826
251.8	-0.473973
252.0	-0.780233
252.2	-1.15893
252.4	-0.581893
252.6	-0.342719
252.8	-0.820825
253.0	-1.21605
253.2	-1.05805
253.4	-1.314
253.6	-1.35216
253.8	-1.43602
254.0	-1.53956
254.2	-1.3947
254.4	-1.09767
254.6	-0.705127
254.8	-0.694918
255.0	-0.781448
255.2	-0.900549
255.4	-0.489286
255.6	-0.385498
255.8	0.099656
256.0	0.701967
256.2	1.1949
256.4	1.41609
256.6	1.51623
256.8	1.61175
257.0	1.7678
257.2	1.51793
257.4	1.67252
257.6	1.13365
257.8	0.548108
258.0	1.07993
258.2	0.906626
258.4	1.03788
258.6	0.399839
258.8	-0.018473
259.0	0.08969
259.2	-0.663806
259.4	-0.555643
259.6	0.370185
259.8	0.299697
260.0	0.240147
260.2	1.27608
260.4	1.06267
260.6	1.30306
260.8	1.85627
261.0	1.38643
261.2	1.28337
261.4	1.00458
261.6	1.41706
261.8	2.17055
262.0	0.941627
262.2	0.547622
262.4	0.274175
262.6	-0.116184
262.8	-0.402756
263.0	0.395221
263.2	0.354143
263.4	0.604984
263.6	0.171603
263.8	0.1349
264.0	-0.04205
264.2	-0.634152
264.4	-1.21216
264.6	-0.365081
264.8	-0.813776
265.0	-0.579949
265.2	-0.90857
265.4	-0.822283
265.6	-0.714849
265.8	-0.642416
266.0	-0.231882
266.2	-0.602311
266.4	-0.949648
266.6	-0.539357
266.8	-0.536441
267.0	-0.306746
267.2	0.450639
267.4	0.319871
267.6	0.294836
267.8	0.718252
268.0	0.947461
268.2	0.550052
268.4	0.226049
268.6	-0.290461
268.8	0.280738
269.0	0.175249
269.2	0.567553
269.4	0.13174
269.6	0.356574
269.8	1.05976
270.0	0.578004
270.2	-0.256675
270.4	-0.035973
270.6	-0.486856
270.8	-0.090663
271.0	0.168686
271.2	0.349525
271.4	-0.110837
271.6	-0.090176
271.8	-0.025036
272.0	-1.22285
272.2	-0.805512
272.4	-0.780476
272.6	-0.28487
272.8	-0.238688
273.0	0.237473
273.2	0.275148
273.4	0.512377
273.6	0.238202
273.8	0.732107
274.0	0.580678
274.2	0.491717
274.4	0.605228
274.6	1.44647
274.8	1.76026
275.0	1.13559
275.2	0.314767
275.4	0.443347
275.6	0.59429
275.8	0.599394
276.0	0.361435
276.2	0.804053
276.4	1.05781
276.6	0.198583
276.8	-0.064412
277.0	-0.482724
277.2	0.204659
277.4	-0.054932
277.6	-0.438486
277.8	-1.00555
278.0	-1.13073
278.2	-1.23573
278.4	-1.69366
278.6	-1.44793
278.8	-1.37744
279.0	-0.554184
279.2	-0.844159
279.4	-0.415152
279.6	-0.991941
279.8	-0.508974
280.0	-0.761031
280.2	-0.587241
280.4	-1.89711
280.6	-2.38032
280.8	-2.23715
281.0	-1.43359
281.2	-1.17934
281.4	-1.76464
281.6	-1.04736
281.8	-0.092121
282.0	-0.652139
282.2	-1.0267
282.4	-0.382095
282.6	-0.334941
282.8	-0.555886
283.0	-0.558316
283.2	-0.093093
283.4	-0.786553
283.6	-0.838325
283.8	-1.24983
284.0	-2.03687
284.2	-1.77849
284.4	-0.698564
284.6	-0.469841
284.8	-0.838082
285.0	-0.858499
285.2	-0.565608
285.4	0.112052
285.6	-0.032084
285.8	0.371158
286.0	-0.394006
286.2	0.132469
286.4	0.93944
286.6	0.918293
286.8	0.772212
287.0	0.547865
287.2	0.848291
287.4	0.447236
287.6	0.388658
287.8	0.471057
288.0	0.516752
288.2	0.419527
288.4	0.023334
288.6	-0.357789
288.8	-0.004618
289.0	-0.645333
289.2	-0.789956
289.4	-0.633423
289.6	-0.448209
289.8	-0.312093
290.0	-0.204659
290.2	-0.20709
290.4	-0.044238
290.6	0.287544
290.8	0.783393
291.0	0.173547
291.2	-0.028438
291.4	0.638041
291.6	0.492203
291.8	0.554913
292.0	0.926557
292.2	0.568525
292.4	-0.008507
292.6	-0.121046
292.8	0.003646
293.0	-0.760059
293.2	0.11424
293.4	0.045939
293.6	-0.010209
293.8	0.245008
294.0	0.128824
294.2	0.339802
294.4	-0.001458
294.6	-0.356817
294.8	-0.516023
295.0	-0.637798
295.2	-0.208548
295.4	-0.010452
295.6	-0.460848
295.8	-0.999476
296.0	-0.695161
296.2	-0.112781
296.4	0.87916
296.6	0.160665
296.8	0.087017
297.0	0.53717
297.2	0.732836
297.4	0.321087
297.6	0.753496
297.8	0.864576
298.0	0.490259
298.2	-0.256918
298.4	0.266397
298.6	0.787525
298.8	-0.03889
299.0	-0.153616
299.2	-0.879889
299.4	-0.062224
299.6	0.065141
299.8	0.724815
300.0	0.776101
300.2	0.329108
300.4	0.15872
300.6	0.121046
300.8	0.309663
301.0	-0.081912
301.2	0.672556
301.4	-0.196152
301.6	-0.44432
301.8	0.445292
302.0	0.02382
302.2	-0.737454
302.4	-1.20608
302.6	-1.44112
302.8	-0.962287
303.0	-0.396679
303.2	-0.128094
303.4	0.073891
303.6	0.626617
303.8	0.789713
304.0	0.945516
304.2	0.931905
304.4	1.33004
304.6	1.47442
304.8	1.16063
305.0	0.97517
305.2	0.751795
305.4	1.05805
305.6	0.481508
305.8	0.286815
306.0	0.037918
306.2	-0.02139
306.4	0.340046
306.6	0.295808
306.8	-0.323031
307.0	-1.21459
307.2	-0.240633
307.4	0.598422
307.6	1.0267
307.8	0.172089
308.0	0.391089
308.2	-0.009723
308.4	0.080211
308.6	-0.278064
308.8	0.702939
309.0	0.805755
309.2	0.271988
309.4	0.610332
309.6	0.630992
309.8	0.863361
310.0	0.86093
310.2	0.566337
310.4	-0.536198
310.6	-0.571442
310.8	-0.667938
311.0	-0.280009
311.2	-0.582623
311.4	-0.370671
311.6	-0.381366
311.8	0.059794
312.0	0.058821
312.2	-0.177193
312.4	-0.115212
312.6	-0.403971
312.8	0.173061
313.0	-0.488557
313.2	-0.812074
313.4	-0.794574
313.6	-0.680334
313.8	-0.42293
314.0	0.521371
314.2	-0.023091
314.4	0.190805
314.6	0.193478
314.8	0.333483
315.0	0.290704
315.2	0.25473
315.4	-0.101114
315.6	0.557587
315.8	-0.175006
316.0	-0.205145
316.2	-0.049585
316.4	0.315496
316.6	-0.234313
316.8	-0.150699
317.0	0.306017
317.2	-0.073891
317.4	-0.578734
317.6	0.612519
317.8	0.220458
318.0	0.120073
318.2	0.384526
318.4	0.057606
318.6	0.059794
318.8	-0.457688
319.0	-1.48925
319.2	-1.01479
319.4	-1.0284
319.6	0.044967
319.8	0.285113
320.0	0.369942
320.2	0.632451
320.4	0.342233
320.6	0.351956
320.8	0.611061
321.0	-0.196395
321.2	0.120559
321.4	0.388172
321.6	0.699293
321.8	0.752767
322.0	0.388658
322.2	0.798463
322.4	1.82613
322.6	0.929231
322.8	0.229695
323.0	-0.456473
323.2	-0.958398
323.4	-0.866764
323.6	-0.443104
323.8	-0.151915
324.0	0.367512
324.2	0.549809
324.4	0.543003
324.6	0.501196
324.8	0.662104
325.0	0.589428
325.2	0.96885
325.4	1.34851
325.6	1.33709
325.8	1.79454
326.0	2.09812
326.2	1.5381
326.4	0.615193
326.6	0.151185
326.8	-1.04128
327.0	-1.86138
327.2	-1.59474
327.4	-0.961558
327.6	-0.456959
327.8	0.211465
328.0	0.116184
328.2	-0.175978
328.4	-0.133442
328.6	0.095524
328.8	0.40786
329.0	0.043508
329.2	-0.192992
329.4	-0.058578
329.6	-1.06413
329.8	-0.932634
330.0	-1.40004
330.2	-1.23889
330.4	-1.16014
330.6	-1.02184
330.8	-0.33324
331.0	0.275634
331.2	0.225806
331.4	-0.161637
331.6	-0.652382
331.8	-0.565851
332.0	0.107434
332.2	-0.036459
332.4	-0.036946
332.6	-0.033543
332.8	-0.017257
333.0	-0.007049
333.2	-0.194937
333.4	0.103788
333.6	1.50019
333.8	1.41171
334.0	1.13462
334.2	1.01212
334.4	0.832492
334.6	0.953537
334.8	0.839784
335.0	1.4647
335.2	1.27122
335.4	0.143893
335.6	-0.477862
335.8	-0.032327
336.0	0.184485
336.2	-0.056391
336.4	-0.600609
336.6	0.120073
336.8	0.181811
337.0	0.223618
337.2	0.194694
337.4	-0.151915
337.6	-0.350983
337.8	-1.16136
338.0	-0.118615
338.2	0.041564
338.4	0.552483
338.6	1.12733
338.8	1.26053
339.0	1.38935
339.2	0.962531
339.4	0.839297
339.6	0.599394
339.8	0.406402
340.0	-0.24282
340.2	-0.085315
340.4	-0.44432
340.6	-1.02281
340.8	-1.20997
341.0	-0.72287
341.2	-1.3806
341.4	-0.477376
341.6	-0.113267
341.8	0.093336
342.0	0.064898
342.2	0.370185
342.4	-0.194694
342.6	-0.125178

&

0.2	0.005104
0.4	-0.173581
0.6	-0.27643
0.8	-0.368098
1.0	-0.475565
1.2	-0.550462
1.4	-0.574802
1.6	-0.644594
1.8	-0.691296
2.0	-0.731921
2.2	-0.736572
2.4	-0.707195
2.6	-0.755841
2.8	-0.741776
3.0	-0.784832
3.2	-0.866535
3.4	-0.944591
3.6	-0.836948
3.8	-0.898962
4.0	-0.806388
4.2	-0.691453
4.4	-0.731105
4.6	-0.745966
4.8	-0.679157
5.0	-0.697663
5.2	-0.727107
5.4	-0.734189
5.6	-0.702381
5.8	-0.742034
6.0	-0.673523
6.2	-0.76908
6.4	-0.674562
6.6	-0.706437
6.8	-0.720811
7.0	-0.713795
7.2	-0.670563
7.4	-0.624415
7.6	-0.645595
7.8	-0.597988
8.0	-0.619411
8.2	-0.725176
8.4	-0.765558
8.6	-0.817607
8.8	-0.821043
9.0	-0.806493
9.2	-0.877744
9.4	-0.975489
9.6	-0.936146
9.8	-0.994271
10.0	-0.924788
10.2	-0.871834
10.4	-0.932147
10.6	-0.798009
10.8	-0.809467
11.0	-0.585153
11.2	-0.505218
11.4	-0.588136
11.6	-0.888353
11.8	-0.895435
12.0	-0.840536
12.2	-0.9271
12.4	-0.774975
12.6	-0.723966
12.8	-0.686567
13.0	-0.641148
13.2	-0.592811
13.4	-0.514092
13.6	-0.665311
13.8	-0.56982
14.0	-0.704511
14.2	-0.805415
14.4	-0.89757
14.6	-0.991912
14.8	-1.00337
15.0	-0.914927
15.2	-0.803881
15.4	-0.857631
15.6	-0.929125
15.8	-0.905095
16.0	-0.948637
16.2	-0.821062
16.4	-1.00534
16.6	-0.780294
16.8	-0.821891
17.0	-0.893628
17.2	-0.832653
17.4	-0.836332
17.6	-0.888624
17.8	-1.07776
18.0	-1.0897
18.2	-1.05644
18.4	-1.00324
18.6	-1.08591
18.8	-1.15206
19.0	-1.10178
19.2	-1.04761
19.4	-0.820866
19.6	-0.816282
19.8	-0.780341
20.0	-0.693601
20.2	-0.613667
20.4	-0.632902
20.6	-0.66502
20.8	-0.566126
21.0	-0.872906
21.2	-0.933705
21.4	-0.986969
21.6	-0.895367
21.8	-0.861615
22.0	-0.741332
22.2	-0.827896
22.4	-0.767893
22.6	-0.561322
22.8	-0.918172
23.0	-0.808584
23.2	-0.749796
23.4	-0.881327
23.6	-0.899347
23.8	-0.942159
24.0	-0.982298
24.2	-0.73465
24.4	-0.7376
24.6	-0.777496
24.8	-0.969792
25.0	-0.950867
25.2	-0.733358
25.4	-0.908883
25.6	-0.735127
25.8	-0.830684
26.0	-0.656927
26.2	-0.617584
26.4	-0.856062
26.6	-0.853908
26.8	-0.856372
27.0	-0.85835
27.2	-0.717164
27.4	-0.442779
27.6	-0.539794
27.8	-0.30041
28.0	-0.314055
28.2	-0.304366
28.4	-0.573227
28.6	-0.737571
28.8	-0.732743
29.0	-0.779931
29.2	-0.860175
29.4	-0.952087
29.6	-0.936321
29.8	-1.06882
30.0	-1.099
30.2	-1.11483
30.4	-1.18462
30.6	-0.883014
30.8	-0.913916
31.0	-0.706373
31.2	-0.809952
31.4	-0.447092
31.6	-0.709147
31.8	-0.560426
32.0	-0.590842
32.2	-0.656016
32.4	-0.734073
32.6	-0.553267
32.8	-0.740702
33.0	-0.989389
33.2	-0.934247
33.4	-0.630938
33.6	-0.747155
33.8	-0.957925
34.0	-0.915422
34.2	-0.79757
34.4	-0.835521
34.6	-0.766281
34.8	-0.78819
35.0	-0.971493
35.2	-1.14386
35.4	-1.10913
35.6	-0.685751
35.8	-0.696722
36.0	-0.459039
36.2	-0.575014
36.4	-0.789915
36.6	-0.889361
36.8	-0.744529
37.0	-0.900123
37.2	-0.808278
37.4	-1.13548
37.6	-1.11315
37.8	-1.02884
38.0	-0.821537
38.2	-0.952096
38.4	-0.996123
38.6	-0.971607
38.8	-0.967266
39.0	-0.902158
39.2	-0.642357
39.4	-0.796492
39.6	-0.807706
39.8	-0.703466
40.0	-0.75041
40.2	-0.827251
40.4	-0.606097
40.6	-0.237404
40.8	-0.291154
41.0	-0.180107
41.2	-0.329625
41.4	-0.393341
41.6	-0.394589
41.8	-0.538273
42.0	-0.602475
42.2	-0.176418
42.4	-0.095269
42.6	-0.225827
42.8	-0.40354
43.0	-0.528264
43.2	-0.819001
43.4	-0.748303
43.6	-0.37329
43.8	-0.362629
44.0	-0.539369
44.2	-0.235573
44.4	-0.341339
44.6	-0.472141
44.8	-0.445437
45.0	-0.583044
45.2	-0.992882
45.4	-1.13632
45.6	-1.16236
45.8	-0.901104
46.0	-0.733181
46.2	-0.807592
46.4	-0.841411
46.6	-0.790644
46.8	-1.01916
47.0	-1.04641
47.2	-1.06273
47.4	-1.03068
47.6	-1.00665
47.8	-0.969495
48.0	-0.867685
48.2	-1.23985
48.4	-1.4844
48.6	-1.36607
48.8	-1.19887
49.0	-0.942959
49.2	-1.19772
49.4	-1.27699
49.6	-1.35384
49.8	-1.66232
50.0	-1.76225
50.2	-1.45019
50.4	-1.17192
50.6	-1.0757
50.8	-1.38126
51.0	-1.34629
51.2	-1.32299
51.4	-1.38743
51.6	-1.39622
51.8	-1.05791
52.0	-1.2225
52.2	-0.799842
52.4	-0.61539
52.6	-0.442849
52.8	-0.622749
53.0	-0.307772
53.2	-0.47163
53.4	-0.63646
53.6	-1.10779
53.8	-1.06942
54.0	-0.782884
54.2	-0.990251
54.4	-0.749651
54.6	-0.668016
54.8	-0.504467
55.0	-0.604886
55.2	-0.758292
55.4	-0.556826
55.6	-0.493906
55.8	-0.796067
56.0	-0.815545
56.2	-0.710575
56.4	-0.677309
56.6	-0.418237
56.8	-0.515982
57.0	-0.700743
57.2	-0.666748
57.4	-0.246038
57.6	-0.389722
57.8	-0.254369
58.0	-0.579864
58.2	-0.43722
58.4	-0.963728
58.6	-0.920253
58.8	-0.883827
59.0	-0.759655
59.2	-0.731493
59.4	-0.485546
59.6	-0.36259
59.8	-0.366755
60.0	-0.352934
60.2	-0.351023
60.4	-0.265255
60.6	-0.421578
60.8	-0.014237
61.0	-0.116114
61.2	-0.021839
61.4	0.192996
61.6	0.130981
61.8	-0.27837
62.0	-0.345975
62.2	-0.376878
62.4	-0.341667
62.6	-0.520109
62.8	-0.657959
63.0	-0.653617
63.2	-0.244332
63.4	-0.340861
63.6	-0.448086
63.8	-0.081823
64.0	-0.055362
64.2	0.058601
64.4	-0.043519
64.6	-0.384084
64.8	-0.416688
65.0	-0.463632
65.2	-0.875415
65.4	-0.913366
65.6	-0.764888
65.8	-0.476162
66.0	-0.604289
66.2	-0.339627
66.4	-0.396294
66.6	-0.610466
66.8	-0.550463
67.0	-0.574802
67.2	-0.972001
67.4	-1.02575
67.6	-1.1111
67.8	-0.846681
68.0	-1.14009
68.2	-1.2252
68.4	-1.1878
68.6	-1.23985
68.8	-1.28558
69.0	-1.35902
69.2	-1.38773
69.4	-1.20474
69.6	-1.05407
69.8	-0.799374
70.0	-0.983892
70.2	-0.52089
70.4	-0.194003
70.6	-0.352757
70.8	-0.392409
71.0	-0.290113
71.2	-0.347509
71.4	-0.234032
71.6	-0.370181
71.8	-0.239203
72.0	-0.467473
72.2	-0.735362
72.4	-1.00909
72.6	-0.6506
72.8	-0.781887
73.0	-0.836367
73.2	-1.30235
73.4	-0.978139
73.6	-0.710317
73.8	-0.550901
74.0	-0.490168
74.2	-0.844588
74.4	-0.721388
74.6	-0.484678
74.8	-0.663363
75.0	-0.964795
75.2	-1.16535
75.4	-0.999862
75.6	-0.889545
75.8	-0.830757
76.0	-1.18348
76.2	-0.632484
76.4	-0.900373
76.6	-1.49931
76.8	-1.36153
77.0	-1.02808
77.2	-0.84363
77.4	-0.807933
77.6	-1.017
77.8	-0.614764
78.0	-0.830152
78.2	-0.935674
78.4	-0.648893
78.6	-0.483157
78.8	-0.882057
79.0	-0.876257
79.2	-0.786114
79.4	-1.15803
79.6	-0.800036
79.8	-1.18387
80.0	-1.42842
80.2	-1.1324
80.4	-0.851941
80.6	-1.0858
80.8	-0.926385
81.0	-1.07736
81.2	-1.33577
81.4	-1.43424
81.6	-1.3108
81.8	-0.9827
82.0	-1.05735
82.2	-1.41348
82.4	-1.34545
82.6	-1.10825
82.8	-1.36618
83.0	-1.04367
83.2	-1.28555
83.4	-1.25641
83.6	-0.945082
83.8	-1.07515
84.0	-1.4969
84.2	-1.41794
84.4	-1.41773
84.6	-1.47124
84.8	-1.38255
85.0	-1.02577
85.2	-0.687459
85.4	-1.23584
85.6	-1.38366
85.8	-1.35939
86.0	-1.26122
86.2	-1.19295
86.4	-1.24233
86.6	-1.33011
86.8	-1.09802
87.0	-1.51758
87.2	-1.37056
87.4	-1.13482
87.6	-1.36382
87.8	-1.2027
88.0	-1.48542
88.2	-1.83838
88.4	-1.53507
88.6	-1.4651
88.8	-1.50864
89.0	-1.55242
89.2	-1.49461
89.4	-1.77076
89.6	-1.37825
89.8	-1.40235
90.0	-1.30102
90.2	-1.33824
90.4	-0.868922
90.6	-0.599398
90.8	-0.772006
91.0	-0.996873
91.2	-1.28421
91.4	-1.43883
91.6	-1.38733
91.8	-1.17128
92.0	-1.41195
92.2	-1.45014
92.4	-1.62324
92.6	-1.71272
92.8	-1.54723
93.0	-1.65639
93.2	-1.39975
93.4	-1.13266
93.6	-0.924631
93.8	-0.828654
94.0	-0.724413
94.2	-1.15783
94.4	-1.06039
94.6	-1.4362
94.8	-1.17397
95.0	-1.08091
95.2	-0.959413
95.4	-0.81142
95.6	-0.090528
95.8	-0.522485
96.0	-0.649883
96.2	-0.392999
96.4	-0.297508
96.6	-0.900582
96.8	-1.28052
97.0	-1.08222
97.2	-1.26795
97.4	-1.26823
97.6	-1.54535
97.8	-1.48413
98.0	-1.28996
98.2	-1.1512
98.4	-1.09509
98.6	-0.654449
98.8	-0.721811
99.0	-0.494337
99.2	-0.610068
99.4	-0.765419
99.6	-1.13807
99.8	-0.953617
100.0	-1.15564
100.2	-0.942017
100.4	-0.620477
100.6	-0.725514
100.8	-0.617141
101.0	-0.821834
101.2	-0.941211
101.4	-1.05208
101.6	-1.065
101.8	-1.0135
102.0	-0.637272
102.2	-0.490982
102.4	-0.857068
102.6	-1.04499
102.8	-1.17822
103.0	-0.839182
103.2	-0.313712
103.4	-0.357011
103.6	0.003419
103.8	-0.083388
104.0	0.320307
104.2	-0.060364
104.4	-0.611665
104.6	-1.30978
104.8	-1.01716
105.0	-0.792604
105.2	-1.1322
105.4	-0.96087
105.6	-1.03115
105.8	-0.572279
106.0	-0.831175
106.2	-0.924058
106.4	-0.526683
106.6	-0.543488
106.8	-1.10305
107.0	-1.07538
107.2	-1.50174
107.4	-1.33941
107.6	-1.70744
107.8	-1.63213
108.0	-0.896163
108.2	-0.823034
108.4	-1.02578
108.6	-0.816295
108.8	-1.06814
109.0	-1.30322
109.2	-1.28308
109.4	-0.774379
109.6	-0.461833
109.8	-0.253561
110.0	-0.168279
110.2	-0.154701
110.4	-0.53926
110.6	-0.682701
110.8	-0.926284
111.0	-0.853641
111.2	-0.882356
111.4	-0.724641
111.6	-0.533384
111.8	-0.658351
112.0	-0.820994
112.2	-0.543692
112.4	-0.728697
112.6	-0.591886
112.8	-0.704214
113.0	-0.862968
113.2	-0.995228
113.4	-0.983837
113.6	-0.919702
113.8	-0.682505
114.0	-0.593577
114.2	-0.374854
114.4	-0.458258
114.6	-0.045327
114.8	-0.176128
115.0	-0.478289
115.2	-0.617841
115.4	-0.572664
115.6	-0.561031
115.8	-1.33303
116.0	-1.20692
116.2	-1.69551
116.4	-1.97531
116.6	-1.58158
116.8	-1.13194
117.0	-1.32327
117.2	-1.21976
117.4	-0.89846
117.6	-0.462437
117.8	-0.267777
118.0	-0.524485
118.2	-0.904183
118.4	-0.670876
118.6	-0.633235
118.8	0.435238
119.0	0.119223
119.2	-0.013523
119.4	-0.159638
119.6	-0.248875
119.8	-0.547633
120.0	-0.683539
120.2	-0.224183
120.4	-0.265051
120.6	-0.531968
120.8	-0.667873
121.0	-0.679331
121.2	-0.953539
121.4	-1.38817
121.6	-0.786865
121.8	-0.992286
122.0	-1.00496
122.2	-0.902906
122.4	-0.944746
122.6	-0.60206
122.8	-1.0435
123.0	-1.29437
123.2	-0.526811
123.4	-0.81536
123.6	-0.645735
123.8	0.079775
124.0	-0.149467
124.2	-0.784624
124.4	-1.17842
124.6	-1.04282
124.8	-1.33356
125.0	-0.978965
125.2	-1.03806
125.4	-1.21991
125.6	-0.533531
125.8	-0.631032
126.0	-0.062784
126.2	0.49161
126.4	-0.029308
126.6	-0.472445
126.8	-0.254937
127.0	0.151188
127.2	-0.257677
127.4	-0.622792
127.6	-0.887521
127.8	-1.15711
128.0	-0.952486
128.2	-0.821751
128.4	-0.766609
128.6	-0.5141
128.8	-0.398192
129.0	-0.575175
129.2	-0.423051
129.4	-0.312004
129.6	0.553997
129.8	0.184264
130.0	0.071206
130.2	-0.972298
130.4	-0.814583
130.6	-1.4969
130.8	-1.20768
131.0	-1.17709
131.2	-0.630231
131.4	-0.353659
131.6	-0.401575
131.8	-0.421297
132.0	-0.782036
132.2	-0.645225
132.4	-0.717205
132.6	-0.610047
132.8	-0.040827
133.0	-0.323786
133.2	-0.118674
133.4	0.065778
133.6	0.115087
133.8	0.120158
134.0	-0.026686
134.2	-0.003385
134.4	0.08214
134.6	-0.369262
134.8	0.051447
135.0	-0.046055
135.2	0.016622
135.4	-0.397591
135.6	-0.453529
135.8	-0.261056
136.0	-0.710999
136.2	-1.02288
136.4	-0.873675
136.6	-0.790095
136.8	-0.523974
137.0	-1.00552
137.2	-1.03229
137.4	-1.15507
137.6	-1.55543
137.8	-1.35469
138.0	-0.778661
138.2	-0.746367
138.4	-0.690496
138.6	-0.650424
138.8	-0.671118
139.0	-1.0496
139.2	-1.1787
139.4	-1.4128
139.6	-1.197
139.8	-1.10467
140.0	-1.7075
140.2	-0.983931
140.4	-0.443634
140.6	-0.390923
140.8	-0.479188
141.0	-0.632838
141.2	-0.969757
141.4	-1.23084
141.6	-0.995588
141.8	-0.892806
142.0	-0.435151
142.2	-1.10847
142.4	-0.748769
142.6	-1.03878
142.8	-1.38469
143.0	-0.987557
143.2	-1.39035
143.4	-1.03405
143.6	-1.16971
143.8	-0.690667
144.0	-1.21596
144.2	-1.53684
144.4	-1.94765
144.6	-1.75809
144.8	-1.94455
145.0	-1.4711
145.2	-1.06498
145.4	-0.662253
145.6	-0.784061
145.8	0.095309
146.0	-0.368003
146.2	-0.150981
146.4	-0.246781
146.6	-0.279142
146.8	-1.23053
147.0	-1.36206
147.2	-1.18028
147.4	-0.926553
147.6	-0.720712
147.8	-0.713939
148.0	-0.573239
148.2	-0.489902
148.4	-0.080616
148.6	0.171893
148.8	-0.028182
149.0	0.189813
149.2	0.217003
149.4	0.017414
149.6	-0.141339
149.8	0.241695
150.0	0.216869
150.2	-0.271478
150.4	-0.249393
150.6	-0.781978
150.8	-0.657806
151.0	-0.370781
151.2	0.171459
151.4	-0.221121
151.6	-0.353381
151.8	-0.478592
152.0	-0.423936
152.2	-0.406955
152.4	-0.024164
152.6	0.166365
152.8	0.003236
153.0	-0.336843
153.2	-0.998738
153.4	-1.27829
153.6	-1.02724
153.8	-1.2453
154.0	-1.01467
154.2	-0.87713
154.4	-0.648197
154.6	-0.774867
154.8	-0.392075
155.0	-0.729724
155.2	-0.450963
155.4	-0.689199
155.6	-0.718157
155.8	-0.848472
156.0	-1.19195
156.2	-1.07386
156.4	-1.12931
156.6	-1.63978
156.8	-1.60116
157.0	-1.06913
157.2	-0.605156
157.4	-0.506992
157.6	-0.413689
157.8	0.416096
158.0	-0.091211
158.2	-0.424241
158.4	-0.167599
158.6	-0.247114
158.8	-0.395659
159.0	-0.251556
159.2	0.110089
159.4	0.168391
159.6	0.271902
159.8	0.249993
160.0	0.666084
160.2	0.224648
160.4	-0.267589
160.6	-0.072928
160.8	0.247882
161.0	-0.103135
161.2	0.628209
161.4	0.467754
161.6	0.434907
161.8	0.036736
162.0	-0.322545
162.2	0.267823
162.4	-0.194274
162.6	-0.301741
162.8	-0.463412
163.0	-0.135796
163.2	-0.277049
163.4	-0.60862
163.6	-0.789007
163.8	-0.542817
164.0	-0.834769
164.2	-0.952931
164.4	-0.817092
164.6	-1.15741
164.8	-1.3344
165.0	-1.47298
165.2	-1.30068
165.4	-1.45044
165.6	-1.15709
165.8	-0.995491
166.0	-0.574296
166.2	-0.666936
166.4	-0.676935
166.6	-0.621064
166.8	-0.589499
167.0	-0.464112
167.2	-0.422338
167.4	-0.202157
167.6	-0.36407
167.8	-0.544699
168.0	-1.02964
168.2	-1.10138
168.4	-0.788106
168.6	-0.790327
168.8	-0.161312
169.0	-0.069468
169.2	-0.475417
169.4	-0.636601
169.6	-1.13905
169.8	-0.898447
170.0	-1.28617
170.2	-1.02977
170.4	-0.52034
170.6	-0.851183
170.8	-1.29505
171.0	-0.909342
171.2	-1.4988
171.4	-1.68794
171.6	-1.54408
171.8	-1.76238
172.0	-1.39515
172.2	-1.38035
172.4	-1.53473
172.6	-1.52116
172.8	-1.44924
173.0	-1.76331
173.2	-1.66199
173.4	-2.22398
173.6	-2.18245
173.8	-2.20047
174.0	-1.56076
174.2	-1.92248
174.4	-2.27131
174.6	-2.30367
174.8	-2.15179
175.0	-2.20797
175.2	-1.74642
175.4	-1.3561
175.6	-0.448532
175.8	-0.387313
176.0	-0.635271
176.2	-0.48898
176.4	-0.677631
176.6	-0.805515
176.8	-0.675996
177.0	-0.780303
177.2	-0.65759
177.4	-0.265319
177.6	-0.328306
177.8	-0.569458
178.0	-0.773421
178.2	-0.819394
178.4	-1.58994
178.6	-0.921061
178.8	-0.529033
179.0	-0.78088
179.2	-0.289196
179.4	-0.16551
179.6	-0.375064
179.8	-0.251622
180.0	-1.04769
180.2	-0.980392
180.4	-0.611698
180.6	-1.17953
180.8	-1.16084
181.0	-1.48658
181.2	-0.567108
181.4	-0.593392
181.6	-0.629399
181.8	-1.28181
182.0	-1.2889
182.2	-1.07333
182.4	-0.710958
182.6	-0.578036
182.8	-0.810438
183.0	-1.13739
183.2	-1.05162
183.4	-0.561884
183.6	-0.998702
183.8	-1.19732
184.0	-1.01238
184.2	-0.942412
184.4	-0.932723
184.6	-0.909908
184.8	-0.49722
185.0	-0.348012
185.2	-0.685175
185.4	-0.465722
185.6	-0.137134
185.8	-0.502248
186.0	-0.555026
186.2	-0.528322
186.4	-0.103724
186.6	-0.734507
186.8	-0.47033
187.0	-0.780026
187.2	-0.813602
187.4	-0.999093
187.6	-1.33212
187.8	-1.12458
188.0	-1.42698
188.2	-1.27292
188.4	-1.53716
188.6	-1.06249
188.8	-0.291526
189.0	0.267972
189.2	0.233424
189.4	0.209327
189.6	-0.521111
189.8	-1.01359
190.0	-0.61257
190.2	-0.598262
190.4	-0.45975
190.6	-0.643053
190.8	-0.420683
191.0	0.213192
191.2	0.398616
191.4	0.478794
191.6	-0.195497
191.8	-0.982083
192.0	-0.887565
192.2	-0.744677
192.4	-0.481473
192.6	-0.831517
192.8	-1.12323
193.0	-0.752588
193.2	-1.12961
193.4	-1.27913
193.6	-1.84064
193.8	-0.980715
194.0	-0.441391
194.2	-0.465731
194.4	-0.62254
194.6	-0.960188
194.8	-1.07349
195.0	-0.902892
195.2	-0.793061
195.4	-0.465688
195.6	-0.430963
195.8	-0.420059
196.0	-0.337207
196.2	-0.812429
196.4	-0.845033
196.6	-0.716486
196.8	-0.766347
197.0	-0.512623
197.2	-0.727281
197.4	-0.846658
197.6	-1.24483
197.8	-1.71568
198.0	-1.22278
198.2	-0.418028
198.4	-0.333962
198.6	-0.677686
198.8	-1.3177
199.0	-0.849356
199.2	-0.47653
199.4	-0.506946
199.6	-0.545141
199.8	0.432913
200.0	-0.38989
200.2	-1.16286
200.4	-1.0771
200.6	-0.909416
200.8	-0.858163
201.0	-0.910455
201.2	-0.854098
201.4	-0.669403
201.6	-1.04303
201.8	-1.16021
202.0	-1.28931
202.2	-0.82218
202.4	-0.591546
202.6	-0.643838
202.8	-1.1159
203.0	-0.749638
203.2	-1.66699
203.4	-1.51462
203.6	-1.24923
203.8	-0.940576
204.0	-1.08061
204.2	-1.27558
204.4	-1.21412
204.6	-1.26447
204.8	-1.17141
205.0	-0.929352
205.2	-1.67365
205.4	-0.482425
205.6	0.186452
205.8	0.325207
206.0	-0.033587
206.2	0.060931
206.4	0.116559
206.6	0.104372
206.8	0.552548
207.0	0.119133
207.2	-0.261781
207.4	-0.031876
207.6	-0.602379
207.8	-0.981105
208.0	-1.43032
208.2	-0.72474
208.4	-1.16204
208.6	-1.29333
208.8	-1.10864
209.0	-1.25621
209.2	-1.26183
209.4	-0.873695
209.6	-0.536599
209.8	-1.00015
210.0	-0.537638
210.2	-0.918066
210.4	-0.455307
210.6	-0.539926
210.8	-0.518813
211.0	-0.285992
211.2	-0.831945
211.4	-1.38592
211.6	-1.53033
211.8	-1.54446
212.0	-1.71537
212.2	-1.57783
212.4	-1.99374
212.6	-1.28574
212.8	-1.65644
213.0	-1.42994
213.2	-0.400112
213.4	-0.655605
213.6	-0.846686
213.8	-0.819739
214.0	-0.750743
214.2	-0.598618
214.4	-0.1327
214.6	-0.72362
214.8	-1.01654
215.0	-0.924214
215.2	-0.420377
215.4	-0.903863
215.6	-1.2612
215.8	-0.523536
216.0	-0.54666
216.2	-0.766423
216.4	-1.40085
216.6	-0.811456
216.8	0.372472
217.0	0.468692
217.2	-0.126118
217.4	0.445777
217.6	0.294315
217.8	-0.205942
218.0	-0.069374
218.2	-0.038295
218.4	-0.290385
218.6	-0.500182
218.8	-1.29698
219.0	-1.25107
219.2	-0.97304
219.4	-1.05499
219.6	-0.931543
219.8	-1.04023
220.0	-1.48847
220.2	-1.73716
220.4	-2.00893
220.6	-1.29387
220.8	-1.10407
221.0	-0.867608
221.2	-0.909448
221.4	-0.772151
221.6	-0.655757
221.8	-1.15869
222.0	-1.49828
222.2	-1.115
222.4	-1.07056
222.6	-1.41671
222.8	-1.1467
223.0	-0.595711
223.2	-0.133681
223.4	-0.274448
223.6	-0.472092
223.8	-0.006659
224.0	-0.082042
224.2	-0.93547
224.4	-0.783589
224.6	-0.111309
224.8	-0.770773
225.0	-0.642955
225.2	-1.07783
225.4	-1.4218
225.6	-1.2405
225.8	-1.11414
226.0	-0.50725
226.2	-0.484192
226.4	-0.315053
226.6	-0.791977
226.8	-0.44759
227.0	-0.531966
227.2	-0.919928
227.4	-0.759783
227.6	-0.984407
227.8	-0.869228
228.0	-1.11694
228.2	-0.808043
228.4	-0.562825
228.6	-0.316879
228.8	-0.309134
229.0	-1.13291
229.2	-1.18083
229.4	-1.2776
229.6	-0.931266
229.8	-0.849873
230.0	-1.25777
230.2	-1.23277
230.4	-1.63653
230.6	-0.933621
230.8	-0.487633
231.0	-0.955077
231.2	-1.33745
231.4	-1.84621
231.6	-1.61534
231.8	-1.27144
232.0	-1.0758
232.2	-1.0192
232.4	-0.353243
232.6	-1.26233
232.8	-1.90648
233.0	-1.94298
233.2	-1.30108
233.4	-1.00798
233.6	-0.321115
233.8	-0.993705
234.0	-1.08926
234.2	-0.789841
234.4	-0.521047
234.6	-0.656709
234.8	0.004632
235.0	-0.290723
235.2	-0.413503
235.4	-0.14884
235.6	0.065265
235.8	-0.074773
236.0	-0.33221
236.2	-0.576036
236.4	-0.306512
236.6	-0.347866
236.8	-1.24286
237.0	-1.4371
237.2	-2.32869
237.4	-1.61193
237.6	-1.38786
237.8	-2.30011
238.0	-2.09062
238.2	-2.23187
238.4	-2.10284
238.6	-1.51588
238.8	-0.709911
239.0	-1.18635
239.2	-0.983181
239.4	-0.606466
239.6	-0.710045
239.8	-0.741919
240.0	-0.924007
240.2	-0.509618
240.4	-0.735943
240.6	-0.875738
240.8	-1.20245
241.0	-1.13345
241.2	-0.221511
241.4	-0.24658
241.6	-0.32488
241.8	-0.743225
242.0	-0.962988
242.2	-1.23768
242.4	-0.924893
242.6	-0.493489
242.8	-0.08542
243.0	-0.417477
243.2	-0.205803
243.4	-0.268546
243.6	-0.815715
243.8	-0.679876
244.0	-0.715883
244.2	-0.064263
244.4	-0.513478
244.6	0.225158
244.8	0.026299
245.0	0.099428
245.2	0.187869
245.4	-0.630315
245.6	-1.06762
245.8	-1.90646
246.0	-1.62697
246.2	-2.08178
246.4	-2.20359
246.6	-1.52231
246.8	-1.29119
247.0	-1.37727
247.2	-0.736104
247.4	-0.533423
247.6	-0.760234
247.8	-1.03201
248.0	-0.52769
248.2	-0.578766
248.4	-0.429559
248.6	-0.007148
248.8	0.250709
249.0	-0.447402
249.2	-0.925541
249.4	-1.47417
249.6	-1.75834
249.8	-2.13512
250.0	-2.29971
250.2	-1.42083
250.4	-1.25169
250.6	-0.694864
250.8	-0.389853
251.0	0.009223
251.2	0.165966
251.4	-0.804376
251.6	-0.859342
251.8	-0.641834
252.0	-0.376928
252.2	0.502684
252.4	0.16771
252.6	0.489492
252.8	0.625088
253.0	0.637937
253.2	0.677523
253.4	0.295638
253.6	-0.101804
253.8	-0.245731
254.0	-0.707585
254.2	-1.04256
254.4	-0.749215
254.6	-0.703796
254.8	-1.37225
255.0	-0.832686
255.2	-0.219471
255.4	-0.240894
255.6	-0.429544
255.8	-0.214709
256.0	0.069398
256.2	1.03481
256.4	0.796091
256.6	1.06999
256.8	0.869429
257.0	-0.385783
257.2	-0.7035
257.4	-1.11747
257.6	-0.63721
257.8	-0.466127
258.0	-0.746413
258.2	-1.16354
258.4	-0.211497
258.6	-0.470636
258.8	-0.642758
259.0	-0.4515
259.2	-0.097634
259.4	-0.520111
259.6	-0.732096
259.8	-1.01919
260.0	-1.05665
260.2	-0.91984
260.4	-0.627955
260.6	-1.20356
260.8	-1.18925
261.0	-0.704863
261.2	-0.46718
261.4	-1.30919
261.6	-1.60332
261.8	-0.876599
262.0	-0.874688
262.2	-0.824407
262.4	-1.08938
262.6	-1.8011
262.8	-2.08041
263.0	-1.64877
263.2	-1.48595
263.4	-1.39216
263.6	-0.294519
263.8	-1.36038
264.0	-1.66328
264.2	-1.2501
264.4	-0.868525
264.6	-0.50445
264.8	-0.467538
265.0	0.069113
265.2	-0.130475
265.4	-0.125405
265.6	0.79407
265.8	0.514514
266.0	0.242979
266.2	0.344303
266.4	0.023183
266.6	0.483998
266.8	0.351981
267.0	-0.929482
267.2	0.183472
267.4	0.087915
267.6	0.124341
267.8	-0.112679
268.0	-0.520087
268.2	-0.654291
268.4	-0.286326
268.6	-0.13955
268.8	0.0765
269.0	0.313211
269.2	-0.512752
269.4	-0.690707
269.6	-0.685393
269.8	-0.800639
270.0	-0.728968
270.2	-0.031167
270.4	-0.253117
270.6	-0.604863
270.8	-0.797646
271.0	-0.585971
271.2	-0.827123
271.4	-0.146822
271.6	-0.342765
271.8	-0.518776
272.0	-0.412347
272.2	-0.213312
272.4	-0.350433
272.6	-0.586967
272.8	-0.151431
273.0	-0.074899
273.2	-1.17431
273.4	-0.737556
273.6	0.142785
273.8	-0.688524
274.0	-0.470044
274.2	-0.75835
274.4	-0.601851
274.6	-0.325278
274.8	-0.28156
275.0	-0.34163
275.2	0.282523
275.4	0.030919
275.6	-0.29093
275.8	-0.516769
276.0	-0.503677
276.2	-0.115052
276.4	-0.390719
276.6	-0.371065
276.8	-1.32828
277.0	-1.27776
277.2	-0.790692
277.4	-1.14876
277.6	-1.49856
277.8	-1.09243
278.0	-1.30709
278.2	-0.998191
278.4	-0.924334
278.6	-1.27195
278.8	-1.79262
279.0	-2.26541
279.2	-2.10551
279.4	-1.6131
279.6	-1.4809
279.8	-0.746159
280.0	-0.702197
280.2	0.052724
280.4	-0.75744
280.6	-0.990571
280.8	-1.01783
281.0	-1.41673
281.2	-0.979247
281.4	-0.327141
281.6	-0.116925
281.8	-1.01532
282.0	-0.908163
282.2	-0.559157
282.4	-0.378837
282.6	-0.464429
282.8	-0.548319
283.0	-0.908815
283.2	-0.816971
283.4	-0.781031
283.6	-1.32601
283.8	-1.80318
284.0	-1.44615
284.2	-1.8137
284.4	-2.01426
284.6	-2.12245
284.8	-1.21999
285.0	-1.91179
285.2	-1.96189
285.4	-2.40357
285.6	-2.99984
285.8	-2.37544
286.0	-2.08696
286.2	-1.48833
286.4	-1.60381
286.6	-1.76038
286.8	-1.63767
287.0	-1.43742
287.2	-0.859202
287.4	-0.517974
287.6	-1.19664
287.8	-0.808258
288.0	-0.922531
288.2	-0.633076
288.4	-0.897806
288.6	-0.702902
288.8	0.04497
289.0	0.013095
289.2	0.089384
289.4	0.694578
289.6	0.597805
289.8	0.418148
290.0	-0.208745
290.2	-0.220689
290.4	-0.060057
290.6	-0.234367
290.8	0.399995
291.0	0.364231
291.2	0.212283
291.4	0.179193
291.6	-0.066577
291.8	0.199544
292.0	0.08284
292.2	-0.400889
292.4	-0.259946
292.6	0.413306
292.8	0.775437
293.0	1.15288
293.2	-0.233099
293.4	-0.143685
293.6	0.424321
293.8	-0.194066
294.0	-0.357195
294.2	-0.689252
294.4	-1.08499
294.6	-1.14895
294.8	-0.543271
295.0	-0.365139
295.2	-0.354964
295.4	-0.849145
295.6	-0.986752
295.8	-0.978278
296.0	-1.24981
296.2	-1.58139
296.4	-1.58482
296.6	-2.22946
296.8	-2.39745
297.0	-1.82969
297.2	-0.903405
297.4	-1.44207
297.6	-0.841977
297.8	-0.991251
298.0	-0.964547
298.2	-0.790548
298.4	-0.942738
298.6	-0.310564
298.8	-0.1108
299.0	0.106952
299.2	-0.296081
299.4	-0.243612
299.6	-0.423755
299.8	0.123347
300.0	0.182135
300.2	-0.857723
300.4	-1.25468
300.6	-1.5143
300.8	-1.8099
301.0	-2.03623
301.2	-0.999839
301.4	-0.200194
301.6	-0.689028
301.8	-0.391309
302.0	-0.447004
302.2	-0.00612
302.4	0.024229
302.6	-0.55794
302.8	-0.557731
303.0	-0.280186
303.2	-0.419494
303.4	-0.805026
303.6	-0.865096
303.8	-1.35271
304.0	-1.98568
304.2	-1.9777
304.4	-1.82411
304.6	-2.28888
304.8	-2.4175
305.0	-2.4608
305.2	-1.99123
305.4	-1.42711
305.6	-1.4551
305.8	-2.0239
306.0	-2.05626
306.2	-2.0755
306.4	-1.98973
306.6	-2.44162
306.8	-2.09286
307.0	-0.883893
307.2	-1.1914
307.4	-1.32682
307.6	-1.41411
307.8	-1.26564
308.0	-0.928054
308.2	-1.045
308.4	-0.923746
308.6	-1.59731
308.8	-1.39244
309.0	-1.34119
309.2	-1.96784
309.4	-2.53542
309.6	-2.44431
309.8	-2.01193
310.0	-2.11551
310.2	-2.33503
310.4	-2.21596
310.6	-1.68077
310.8	-1.9647
311.0	-1.77733
311.2	-0.783965
311.4	-1.43614
311.6	-1.43763
311.8	-1.26825
312.0	-1.43381
312.2	-1.25349
312.4	-1.51019
312.6	-1.12473
312.8	-1.52144
313.0	-1.57446
313.2	-1.01229
313.4	-0.460572
313.6	-0.601582
313.8	-0.263757
314.0	-0.401364
314.2	-0.920338
314.4	-0.64182
314.6	-0.478029
314.8	-0.221388
315.0	-0.551744
315.2	-0.640982
315.4	-0.047454
315.6	-1.48812
315.8	-0.665388
316.0	0.093422
316.2	0.051339
316.4	0.285132
316.6	0.582365
316.8	0.0561
317.0	-0.069354
317.2	-0.768194
317.4	-0.86448
317.6	-1.11827
317.8	-1.2938
318.0	-1.15164
318.2	-0.926109
318.4	-1.23653
318.6	-1.00906
318.8	-0.933987
319.0	-0.739813
319.2	-0.732797
319.4	-0.886204
319.6	-1.14631
319.8	-1.42052
320.0	-1.22489
320.2	-1.60751
320.4	-0.52688
320.6	-0.457397
320.8	-1.182
321.0	-0.545939
321.2	-0.519721
321.4	-0.19648
321.6	-0.281586
321.8	-0.182206
322.0	0.018044
322.2	0.336181
322.4	-0.203453
322.6	-0.72826
322.8	-1.24578
323.0	-0.515646
323.2	-0.713047
323.4	-0.068233
323.6	-0.454737
323.8	-0.685924
324.0	-1.39643
324.2	-0.726582
324.4	-2.16847
324.6	-1.90551
324.8	-1.73953
325.0	-1.64282
325.2	-1.26829
325.4	-0.91467
325.6	-1.16919
325.8	-1.48399
326.0	-2.23558
326.2	-2.26623
326.4	-1.16398
326.6	-0.302594
326.8	0.22166
327.0	-0.85247
327.2	-0.937089
327.4	-0.887051
327.6	-0.550199
327.8	-0.615373
328.0	-0.818608
328.2	-0.548598
328.4	-0.606237
328.6	-0.850306
328.8	-1.77933
329.0	-1.26066
329.2	-0.584981
329.4	-1.14941
329.6	-1.06315
329.8	-0.667965
330.0	-0.393823
330.2	-0.632059
330.4	-0.693101
330.6	-1.65785
330.8	-0.813727
331.0	-0.420727
331.2	-0.611322
331.4	-0.646113
331.6	-0.565693
331.8	-1.07251
332.0	-0.811253
332.2	-1.08279
332.4	-1.33707
332.6	-1.31522
332.8	-1.16772
333.0	0.315907
333.2	0.808077
333.4	0.397753
333.6	0.958953
333.8	0.160942
334.0	0.19591
334.2	-0.176982
334.4	-0.885788
334.6	-0.446849
334.8	-1.12065
335.0	-1.022
335.2	-0.138259
335.4	-0.075825
335.6	0.173282
335.8	0.151616
336.0	0.742955
336.2	0.571319
336.4	-1.23783
336.6	-0.961018
336.8	-0.493641
337.0	-0.502668
337.2	-0.08366
337.4	-0.710067
337.6	-0.685308
337.8	-0.850625
338.0	-0.078932
338.2	-1.05049
338.4	-0.893018
338.6	-0.77395
338.8	-1.04694
339.0	-1.63616
339.2	-0.787419
339.4	-0.775542
339.6	-0.792347
339.8	-0.55831
340.0	-0.763489
340.2	-0.938528
340.4	-0.969187
340.6	-0.674871
340.8	-0.77772
341.0	-0.497015
341.2	-0.761744
341.4	-1.93018
341.6	-1.79386
341.8	-1.84809
342.0	-1.06741
342.2	-0.840177
342.4	0.178467
342.6	-0.211682

&

0.2	0.000163
0.4	0.016538
0.6	0.061911
0.8	0.123645
1.0	0.200716
1.2	0.294979
1.4	0.401502
1.6	0.511968
1.8	0.633679
2.0	0.762796
2.2	0.898702
2.4	1.03536
2.6	1.16715
2.8	1.30667
3.0	1.44433
3.2	1.58887
3.4	1.74634
3.6	1.91669
3.8	2.06933
4.0	2.23251
4.2	2.38025
4.4	2.50977
4.6	2.64561
4.8	2.78355
5.0	2.91145
5.2	3.04123
5.4	3.17599
5.6	3.31207
5.8	3.44347
6.0	3.58098
6.2	3.70785
6.4	3.84896
6.6	3.97587
6.8	4.10736
7.0	4.2418
7.2	4.37455
7.4	4.50059
7.6	4.61893
7.8	4.74079
8.0	4.8546
8.2	4.97232
8.4	5.10701
8.6	5.24852
8.8	5.39831
9.0	5.54837
9.2	5.69632
9.4	5.85624
9.6	6.03194
9.8	6.20022
10.0	6.37885
10.2	6.54591
10.4	6.70437
10.6	6.87264
10.8	7.01906
11.0	7.16734
11.2	7.27972
11.4	7.37901
11.6	7.4915
11.8	7.65254
12.0	7.8147
12.2	7.96871
12.4	8.1356
12.6	8.27873
12.8	8.41304
13.0	8.54195
13.2	8.66284
13.4	8.77619
13.6	8.87668
13.8	9.00208
14.0	9.11131
14.2	9.24303
14.4	9.39071
14.6	9.55301
14.8	9.73142
15.0	9.91089
15.2	10.0765
15.4	10.224
15.6	10.3796
15.8	10.5482
16.0	10.7121
16.2	10.8824
16.4	11.0328
16.6	11.2142
16.8	11.3572
17.0	11.5068
17.2	11.6694
17.4	11.8217
17.6	11.9749
17.8	12.136
18.0	12.3271
18.2	12.5213
18.4	12.7101
18.6	12.8891
18.8	13.0831
19.0	13.287
19.2	13.4827
19.4	13.6694
19.6	13.8203
19.8	13.9699
20.0	14.1132
20.2	14.2434
20.4	14.3605
20.6	14.4792
20.8	14.604
21.0	14.7124
21.2	14.872
21.4	15.0406
21.6	15.218
21.8	15.3806
22.0	15.5371
22.2	15.6745
22.4	15.8259
22.6	15.9674
22.8	16.0757
23.0	16.2414
23.2	16.3916
23.4	16.5289
23.6	16.6884
23.8	16.8515
24.0	17.0218
24.2	17.1978
24.4	17.3339
24.6	17.4702
24.8	17.6147
25.0	17.7893
25.2	17.9603
25.4	18.0955
25.6	18.2607
25.8	18.3982
26.0	18.5484
26.2	18.6715
26.4	18.7904
26.6	18.9478
26.8	19.103
27.0	19.2579
27.2	19.4146
27.4	19.5478
27.6	19.6368
27.8	19.7413
28.0	19.8063
28.2	19.8745
28.4	19.9418
28.6	20.0522
28.8	20.1882
29.0	20.325
29.2	20.4696
29.4	20.625
29.6	20.7973
29.8	20.9652
30.0	21.1555
30.2	21.3515
30.4	21.5496
30.6	21.7594
30.8	21.9205
31.0	22.0839
31.2	22.2167
31.4	22.3642
31.6	22.454
31.8	22.5864
32.0	22.6943
32.2	22.8069
32.4	22.9316
32.6	23.0672
32.8	23.1739
33.0	23.3119
33.2	23.4889
33.4	23.6573
33.6	23.7766
33.8	23.9168
34.0	24.0876
34.2	24.2524
34.4	24.3998
34.6	24.552
34.8	24.6953
35.0	24.837
35.2	25.0136
35.4	25.2161
35.6	25.4132
35.8	25.5419
36.0	25.6729
36.2	25.7632
36.4	25.8738
36.6	26.019
36.8	26.1812
37.0	26.3195
37.2	26.4803
37.4	26.6305
37.6	26.8305
37.8	27.0293
38.0	27.2116
38.2	27.3622
38.4	27.5343
38.6	27.7135
38.8	27.8881
39.0	28.0625
39.2	28.2278
39.4	28.3464
39.6	28.4927
39.8	28.6401
40.0	28.7728
40.2	28.9103
40.4	29.0623
40.6	29.1776
40.8	29.2334
41.0	29.2978
41.2	29.3436
41.4	29.4155
41.6	29.4952
41.8	29.5777
42.0	29.682
42.2	29.7969
42.4	29.8424
42.6	29.8747
42.8	29.9302
43.0	30.0114
43.2	30.1145
43.4	30.2638
43.6	30.4037
43.8	30.4801
44.0	30.5559
44.2	30.6608
44.4	30.7173
44.6	30.7895
44.8	30.8837
45.0	30.9724
45.2	31.084
45.4	31.2623
45.6	31.4633
45.8	31.6695
46.0	31.833
46.2	31.9687
46.4	32.1169
46.6	32.2699
46.8	32.4149
47.0	32.5991
47.2	32.7854
47.4	32.9735
47.6	33.1595
47.8	33.3394
48.0	33.5125
48.2	33.6693
48.4	33.8887
48.6	34.1465
48.8	34.3859
49.0	34.5971
49.2	34.7681
49.4	34.9789
49.6	35.2014
49.8	35.4409
50.0	35.7264
50.2	36.0312
50.4	36.2822
50.6	36.4888
50.8	36.6804
51.0	36.9194
51.2	37.1572
51.4	37.388
51.6	37.6302
51.8	37.8751
52.0	38.0634
52.2	38.2794
52.4	38.4246
52.6	38.5381
52.8	38.6303
53.0	38.7517
53.2	38.8158
53.4	38.9094
53.6	39.0291
53.8	39.2265
54.0	39.4176
54.2	39.5595
54.4	39.7382
54.6	39.8792
54.8	40.0045
55.0	40.1018
55.2	40.2173
55.4	40.3574
55.6	40.4669
55.8	40.5612
56.0	40.7092
56.2	40.8547
56.4	40.9896
56.6	41.1184
56.8	41.203
57.0	41.3035
57.2	41.4338
57.4	41.5587
57.6	41.615
57.8	41.6976
58.0	41.7553
58.2	41.8666
58.4	41.9578
58.6	42.1285
58.8	42.2949
59.0	42.4534
59.2	42.5958
59.4	42.7311
59.6	42.8271
59.8	42.9031
60.0	42.9805
60.2	43.0538
60.4	43.1282
60.6	43.1878
60.8	43.274
61.0	43.2942
61.2	43.3307
61.4	43.3505
61.6	43.3362
61.8	43.3316
62.0	43.3941
62.2	43.4675
62.4	43.5472
62.6	43.6191
62.8	43.7206
63.0	43.8442
63.2	43.9668
63.4	44.025
63.6	44.0965
63.8	44.1889
64.0	44.2167
64.2	44.2427
64.4	44.2501
64.6	44.2757
64.8	44.3555
65.0	44.4381
65.2	44.5319
65.4	44.6918
65.6	44.8563
65.8	44.9974
66.0	45.0927
66.2	45.2061
66.4	45.2791
66.6	45.3605
66.8	45.4785
67.0	45.5837
67.2	45.6938
67.4	45.8677
67.6	46.051
67.8	46.2487
68.0	46.4041
68.2	46.6064
68.4	46.8227
68.6	47.031
68.8	47.2507
69.0	47.4747
69.2	47.7117
69.4	47.9543
69.6	48.1669
69.8	48.3551
70.0	48.5031
70.2	48.6789
70.4	48.7791
70.6	48.8288
70.8	48.9026
71.0	48.9842
71.2	49.0486
71.4	49.1217
71.6	49.1776
71.8	49.2539
72.0	49.3104
72.2	49.4032
72.4	49.5401
72.6	49.7202
72.8	49.842
73.0	49.9872
73.2	50.1406
73.4	50.3686
73.6	50.5445
73.8	50.6768
74.0	50.783
74.2	50.8799
74.4	51.0346
74.6	51.1674
74.8	51.2646
75.0	51.3874
75.2	51.5617
75.4	51.7677
75.6	51.9476
75.8	52.1084
76.0	52.2596
76.2	52.4692
76.4	52.5899
76.6	52.7526
76.8	53.0127
77.0	53.2509
77.2	53.4354
77.4	53.5882
77.6	53.7363
77.8	53.9215
78.0	54.0355
78.2	54.1881
78.4	54.3574
78.6	54.478
78.8	54.5754
79.0	54.735
79.2	54.8928
79.4	55.0395
79.6	55.2437
79.8	55.3898
80.0	55.5998
80.2	55.8478
80.4	56.0502
80.6	56.2037
80.8	56.3978
81.0	56.5632
81.2	56.7559
81.4	56.9892
81.6	57.2405
81.8	57.4692
82.0	57.647
82.2	57.8337
82.4	58.0802
82.6	58.3176
82.8	58.5144
83.0	58.75
83.2	58.9386
83.4	59.1643
83.6	59.3854
83.8	59.5553
84.0	59.747
84.2	60.0049
84.4	60.253
84.6	60.5007
84.8	60.7566
85.0	60.9975
85.2	61.1808
85.4	61.3096
85.6	61.5274
85.8	61.7676
86.0	62.006
86.2	62.2279
86.4	62.4374
86.6	62.6554
86.8	62.8892
87.0	63.0849
87.2	63.3476
87.4	63.5874
87.6	63.7884
87.8	64.0265
88.0	64.2385
88.2	64.4954
88.4	64.8111
88.6	65.0776
88.8	65.3338
89.0	65.5922
89.2	65.8639
89.4	66.1224
89.6	66.4258
89.8	66.6671
90.0	66.9125
90.2	67.1413
90.4	67.3742
90.6	67.5326
90.8	67.6458
91.0	67.7883
91.2	67.969
91.4	68.1929
91.6	68.4438
91.8	68.6832
92.0	68.8938
92.2	69.1378
92.4	69.3903
92.6	69.6699
92.8	69.9659
93.0	70.2337
93.2	70.5182
93.4	70.7661
93.6	70.9654
93.8	71.1317
94.0	71.2825
94.2	71.4157
94.4	71.6223
94.6	71.8107
94.8	72.0623
95.0	72.2692
95.2	72.463
95.4	72.6339
95.6	72.7817
95.8	72.8142
96.0	72.917
96.2	73.0385
96.4	73.1208
96.6	73.1846
96.8	73.3491
97.0	73.5737
97.2	73.7663
97.4	73.9894
97.6	74.2123
97.8	74.4804
98.0	74.7375
98.2	74.9641
98.4	75.1667
98.6	75.3633
98.8	75.4849
99.0	75.6196
99.2	75.7155
99.4	75.8331
99.6	75.9729
99.8	76.1758
100.0	76.3473
100.2	76.5521
100.4	76.7228
100.6	76.8401
100.8	76.977
101.0	77.0922
101.2	77.2418
101.4	77.41
101.6	77.6002
101.8	77.789
102.0	77.9712
102.2	78.0913
102.4	78.1886
102.6	78.3432
102.8	78.5304
103.0	78.7421
103.2	78.8916
103.4	78.9626
103.6	79.036
103.8	79.0518
104.0	79.0828
104.2	79.0493
104.4	79.0764
104.6	79.1914
104.8	79.4214
105.0	79.6036
105.2	79.7487
105.4	79.9498
105.6	80.1215
105.8	80.305
106.0	80.417
106.2	80.569
106.4	80.7352
106.6	80.8386
106.8	80.9434
107.0	81.1415
107.2	81.3312
107.4	81.5923
107.6	81.8264
107.8	82.1207
108.0	82.4017
108.2	82.5649
108.4	82.7138
108.6	82.8981
108.8	83.0471
109.0	83.2407
109.2	83.466
109.4	83.6947
109.6	83.8351
109.8	83.9257
110.0	83.9869
110.2	84.0302
110.4	84.072
110.6	84.1754
110.8	84.3043
111.0	84.4727
111.2	84.6274
111.4	84.7884
111.6	84.9226
111.8	85.0247
112.0	85.15
112.2	85.3025
112.4	85.4059
112.6	85.5416
112.8	85.6526
113.0	85.7839
113.2	85.9414
113.4	86.1213
113.6	86.2969
113.8	86.4645
114.0	86.5929
114.2	86.706
114.4	86.7829
114.6	86.876
114.8	86.8991
115.0	86.9451
115.2	87.0401
115.4	87.1563
115.6	87.2689
115.8	87.3729
116.0	87.6088
116.2	87.8228
116.4	88.1124
116.6	88.4513
116.8	88.7248
117.0	88.9262
117.2	89.1571
117.4	89.3724
117.6	89.5357
117.8	89.6261
118.0	89.6874
118.2	89.7905
118.4	89.9525
118.6	90.0797
118.8	90.2002
119.0	90.1458
119.2	90.1437
119.4	90.1624
119.6	90.205
119.8	90.2661
120.0	90.3708
120.2	90.499
120.4	90.5526
120.6	90.6101
120.8	90.7151
121.0	90.841
121.2	90.968
121.4	91.1389
121.6	91.3831
121.8	91.5251
122.0	91.7055
122.2	91.8877
122.4	92.0487
122.6	92.2191
122.8	92.3323
123.0	92.5198
123.2	92.7456
123.4	92.8494
123.6	93.0001
123.8	93.1199
124.0	93.1253
124.2	93.1703
124.4	93.3117
124.6	93.5187
124.8	93.7059
125.0	93.9383
125.2	94.1138
125.4	94.2995
125.6	94.5119
125.8	94.6184
126.0	94.7377
126.2	94.7657
126.4	94.7038
126.6	94.7251
126.8	94.8197
127.0	94.8785
127.2	94.8691
127.4	94.9302
127.6	95.0498
127.8	95.2092
128.0	95.414
128.2	95.5838
128.4	95.7356
128.6	95.8758
128.8	95.977
129.0	96.0592
129.2	96.1697
129.4	96.256
129.6	96.3233
129.8	96.2497
130.0	96.2361
130.2	96.2432
130.4	96.4183
130.6	96.5672
130.8	96.8276
131.0	97.0406
131.2	97.2474
131.4	97.3681
131.6	97.4388
131.8	97.5247
132.0	97.6088
132.2	97.7523
132.4	97.8762
132.6	98.0084
132.8	98.1268
133.0	98.1492
133.2	98.2174
133.4	98.2557
133.6	98.2617
133.8	98.2602
134.0	98.2596
134.2	98.2798
134.4	98.2986
134.6	98.3023
134.8	98.3788
135.0	98.3886
135.2	98.4106
135.4	98.4259
135.6	98.5099
135.8	98.5993
136.0	98.6597
136.2	98.7923
136.4	98.9741
136.6	99.1334
136.8	99.2794
137.0	99.3817
137.2	99.5605
137.4	99.7463
137.6	99.9511
137.8	100.218
138.0	100.455
138.2	100.605
138.4	100.737
138.6	100.867
138.8	100.989
139.0	101.115
139.2	101.303
139.4	101.512
139.6	101.76
139.8	101.966
140.0	102.164
140.2	102.459
140.4	102.635
140.6	102.726
140.8	102.802
141.0	102.901
141.2	103.019
141.4	103.195
141.6	103.411
141.8	103.589
142.0	103.75
142.2	103.838
142.4	104.036
142.6	104.175
142.8	104.359
143.0	104.602
143.2	104.778
143.4	105.021
143.6	105.207
143.8	105.412
144.0	105.541
144.2	105.756
144.4	106.021
144.6	106.361
144.8	106.659
145.0	106.99
145.2	107.246
145.4	107.436
145.6	107.56
145.8	107.703
146.0	107.707
146.2	107.783
146.4	107.825
146.6	107.883
146.8	107.945
147.0	108.161
147.2	108.399
147.4	108.608
147.6	108.775
147.8	108.909
148.0	109.042
148.2	109.152
148.4	109.248
148.6	109.279
148.8	109.267
149.0	109.29
149.2	109.278
149.4	109.259
149.6	109.276
149.8	109.316
150.0	109.294
150.2	109.273
150.4	109.334
150.6	109.392
150.8	109.537
151.0	109.661
151.2	109.736
151.4	109.727
151.6	109.781
151.8	109.856
152.0	109.949
152.2	110.033
152.4	110.119
152.6	110.14
152.8	110.13
153.0	110.151
153.2	110.219
153.4	110.398
153.6	110.622
153.8	110.805
154.0	111.025
154.2	111.207
154.4	111.367
154.6	111.489
154.8	111.632
155.0	111.712
155.2	111.849
155.4	111.938
155.6	112.066
155.8	112.202
156.0	112.356
156.2	112.566
156.4	112.759
156.6	112.956
156.8	113.24
157.0	113.516
157.2	113.708
157.4	113.824
157.6	113.924
157.8	114.008
158.0	113.956
158.2	113.987
158.4	114.075
158.6	114.12
158.8	114.174
159.0	114.257
159.2	114.316
159.4	114.312
159.6	114.303
159.8	114.278
160.0	114.255
160.2	114.163
160.4	114.145
160.6	114.205
160.8	114.232
161.0	114.208
161.2	114.245
161.4	114.162
161.6	114.103
161.8	114.047
162.0	114.061
162.2	114.129
162.4	114.104
162.6	114.152
162.8	114.217
163.0	114.308
163.2	114.35
163.4	114.409
163.6	114.529
163.8	114.673
164.0	114.778
164.2	114.93
164.4	115.104
164.6	115.253
164.8	115.457
165.0	115.689
165.2	115.943
165.4	116.175
165.6	116.426
165.8	116.632
166.0	116.808
166.2	116.921
166.4	117.045
166.6	117.174
166.8	117.292
167.0	117.403
167.2	117.497
167.4	117.581
167.6	117.632
167.8	117.708
168.0	117.814
168.2	117.998
168.4	118.194
168.6	118.338
168.8	118.484
169.0	118.523
169.2	118.554
169.4	118.649
169.6	118.769
169.8	118.973
170.0	119.135
170.2	119.361
170.4	119.544
170.6	119.644
170.8	119.802
171.0	120.029
171.2	120.193
171.4	120.452
171.6	120.743
171.8	121.013
172.0	121.315
172.2	121.556
172.4	121.798
172.6	122.066
172.8	122.329
173.0	122.58
173.2	122.882
173.4	123.169
173.6	123.547
173.8	123.916
174.0	124.292
174.2	124.563
174.4	124.89
174.6	125.276
174.8	125.667
175.0	126.031
175.2	126.409
175.4	126.704
175.6	126.946
175.8	127.035
176.0	127.114
176.2	127.235
176.4	127.329
176.6	127.458
176.8	127.607
177.0	127.734
177.2	127.875
177.4	128.004
177.6	128.062
177.8	128.131
178.0	128.24
178.2	128.38
178.4	128.537
178.6	128.808
178.8	128.975
179.0	129.078
179.2	129.222
179.4	129.288
179.6	129.331
179.8	129.407
180.0	129.465
180.2	129.651
180.4	129.829
180.6	129.945
180.8	130.152
181.0	130.359
181.2	130.616
181.4	130.726
181.6	130.841
181.8	130.96
182.0	131.183
182.2	131.407
182.4	131.603
182.6	131.734
182.8	131.844
183.0	131.995
183.2	132.193
183.4	132.381
183.6	132.491
183.8	132.67
184.0	132.881
184.2	133.063
184.4	133.233
184.6	133.402
184.8	133.565
185.0	133.659
185.2	133.738
185.4	133.865
185.6	133.957
185.8	133.998
186.0	134.097
186.2	134.203
186.4	134.307
186.6	134.339
186.8	134.477
187.0	134.571
187.2	134.714
187.4	134.861
187.6	135.043
187.8	135.277
188.0	135.475
188.2	135.723
188.4	135.946
188.6	136.213
188.8	136.404
189.0	136.468
189.2	136.439
189.4	136.42
189.6	136.405
189.8	136.505
190.0	136.687
190.2	136.803
190.4	136.917
190.6	137.009
190.8	137.133
191.0	137.217
191.2	137.199
191.4	137.152
191.6	137.092
191.8	137.14
192.0	137.316
192.2	137.476
192.4	137.616
192.6	137.709
192.8	137.864
193.0	138.062
193.2	138.198
193.4	138.401
193.6	138.627
193.8	138.941
194.0	139.119
194.2	139.209
194.4	139.3
194.6	139.417
194.8	139.59
195.0	139.781
195.2	139.945
195.4	140.092
195.6	140.184
195.8	140.27
196.0	140.354
196.2	140.428
196.4	140.576
196.6	140.731
196.8	140.866
197.0	141.005
197.2	141.102
197.4	141.24
197.6	141.395
197.8	141.612
198.0	141.908
198.2	142.124
198.4	142.212
198.6	142.282
198.8	142.407
199.0	142.638
199.2	142.794
199.4	142.889
199.6	142.99
199.8	143.094
200.0	143.041
200.2	143.12
200.4	143.324
200.6	143.518
200.8	143.684
201.0	143.838
201.2	144.004
201.4	144.159
201.6	144.285
201.8	144.47
202.0	144.677
202.2	144.904
202.4	145.052
202.6	145.167
202.8	145.288
203.0	145.486
203.2	145.627
203.4	145.912
203.6	146.175
203.8	146.394
204.0	146.564
204.2	146.755
204.4	146.981
204.6	147.194
204.8	147.417
205.0	147.625
205.2	147.792
205.4	148.079
205.6	148.178
205.8	148.164
206.0	148.128
206.2	148.148
206.4	148.158
206.6	148.157
206.8	148.156
207.0	148.083
207.2	148.081
207.4	148.141
207.6	148.165
207.8	148.277
208.0	148.452
208.2	148.703
208.4	148.836
208.6	149.044
208.8	149.271
209.0	149.467
209.2	149.688
209.4	149.911
209.6	150.069
209.8	150.176
210.0	150.353
210.2	150.459
210.4	150.625
210.6	150.713
210.8	150.818
211.0	150.92
211.2	150.983
211.4	151.135
211.6	151.378
211.8	151.642
212.0	151.911
212.2	152.206
212.4	152.481
212.6	152.819
212.8	153.043
213.0	153.332
213.2	153.58
213.4	153.662
213.6	153.784
213.8	153.941
214.0	154.088
214.2	154.229
214.4	154.342
214.6	154.38
214.8	154.517
215.0	154.697
215.2	154.865
215.4	154.95
215.6	155.115
215.8	155.334
216.0	155.44
216.2	155.544
216.4	155.685
216.6	155.929
216.8	156.077
217.0	156.036
217.2	155.977
217.4	156.013
217.6	155.955
217.8	155.929
218.0	155.98
218.2	156.007
218.4	156.03
218.6	156.096
218.8	156.192
219.0	156.42
219.2	156.64
219.4	156.816
219.6	157.005
219.8	157.173
220.0	157.358
220.2	157.616
220.4	157.915
220.6	158.258
220.8	158.486
221.0	158.684
221.2	158.838
221.4	158.999
221.6	159.146
221.8	159.267
222.0	159.475
222.2	159.734
222.4	159.931
222.6	160.123
222.8	160.37
223.0	160.572
223.2	160.688
223.4	160.727
223.6	160.787
223.8	160.88
224.0	160.897
224.2	160.93
224.4	161.099
224.6	161.247
224.8	161.276
225.0	161.419
225.2	161.541
225.4	161.736
225.6	161.981
225.8	162.2
226.0	162.397
226.2	162.495
226.4	162.592
226.6	162.661
226.8	162.809
227.0	162.896
227.2	163.0
227.4	163.166
227.6	163.305
227.8	163.484
228.0	163.642
228.2	163.838
228.4	163.989
228.6	164.096
228.8	164.165
229.0	164.234
229.2	164.433
229.4	164.644
229.6	164.865
229.8	165.033
230.0	165.188
230.2	165.411
230.4	165.627
230.6	165.909
230.8	166.077
231.0	166.173
231.2	166.346
231.4	166.581
231.6	166.897
231.8	167.177
232.0	167.403
232.2	167.59
232.4	167.774
232.6	167.848
232.8	168.07
233.0	168.395
233.2	168.723
233.4	168.956
233.6	169.135
233.8	169.205
234.0	169.384
234.2	169.576
234.4	169.722
234.6	169.824
234.8	169.95
235.0	169.965
235.2	170.027
235.4	170.111
235.6	170.154
235.8	170.161
236.0	170.19
236.2	170.259
236.4	170.373
236.6	170.443
236.8	170.513
237.0	170.732
237.2	170.981
237.4	171.38
237.6	171.655
237.8	171.897
238.0	172.286
238.2	172.642
238.4	173.024
238.6	173.381
238.8	173.643
239.0	173.775
239.2	173.982
239.4	174.161
239.6	174.277
239.8	174.407
240.0	174.545
240.2	174.713
240.4	174.814
240.6	174.949
240.8	175.109
241.0	175.319
241.2	175.522
241.4	175.577
241.6	175.633
241.8	175.702
242.0	175.84
242.2	176.013
242.4	176.232
242.6	176.398
242.8	176.493
243.0	176.527
243.2	176.611
243.4	176.661
243.6	176.723
243.8	176.872
244.0	176.997
244.2	177.133
244.4	177.157
244.6	177.26
244.8	177.239
245.0	177.254
245.2	177.256
245.4	177.243
245.6	177.364
245.8	177.554
246.0	177.879
246.2	178.159
246.4	178.512
246.6	178.886
246.8	179.152
247.0	179.379
247.2	179.62
247.4	179.758
247.6	179.859
247.8	180.0
248.0	180.183
248.2	180.286
248.4	180.398
248.6	180.483
248.8	180.5
249.0	180.48
249.2	180.569
249.4	180.736
249.6	180.994
249.8	181.296
250.0	181.656
250.2	182.043
250.4	182.295
250.6	182.516
250.8	182.645
251.0	182.726
251.2	182.743
251.4	182.732
251.6	182.88
251.8	183.036
252.0	183.158
252.2	183.235
252.4	183.173
252.6	183.163
252.8	183.1
253.0	183.018
253.2	182.928
253.4	182.835
253.6	182.806
253.8	182.837
254.0	182.897
254.2	183.029
254.4	183.216
254.6	183.358
254.8	183.485
255.0	183.725
255.2	183.874
255.4	183.93
255.6	183.988
255.8	184.073
256.0	184.125
256.2	184.128
256.4	183.98
256.6	183.87
256.8	183.713
257.0	183.588
257.2	183.669
257.4	183.799
257.6	184.0
257.8	184.119
258.0	184.21
258.2	184.35
258.4	184.558
258.6	184.607
258.8	184.701
259.0	184.823
259.2	184.911
259.4	184.945
259.6	185.045
259.8	185.182
260.0	185.365
260.2	185.555
260.4	185.72
260.6	185.839
260.8	186.051
261.0	186.263
261.2	186.391
261.4	186.484
261.6	186.716
261.8	186.994
262.0	187.155
262.2	187.31
262.4	187.459
262.6	187.655
262.8	187.965
263.0	188.317
263.2	188.604
263.4	188.861
263.6	189.104
263.8	189.168
264.0	189.407
264.2	189.696
264.4	189.917
264.6	190.071
264.8	190.17
265.0	190.26
265.2	190.269
265.4	190.307
265.6	190.345
265.8	190.231
266.0	190.168
266.2	190.144
266.4	190.108
266.6	190.122
266.8	190.059
267.0	190.021
267.2	190.187
267.4	190.174
267.6	190.177
267.8	190.175
268.0	190.212
268.2	190.312
268.4	190.435
268.6	190.5
268.8	190.54
269.0	190.543
269.2	190.506
269.4	190.608
269.6	190.74
269.8	190.867
270.0	191.015
270.2	191.148
270.4	191.173
270.6	191.232
270.8	191.346
271.0	191.491
271.2	191.603
271.4	191.756
271.6	191.797
271.8	191.869
272.0	191.971
272.2	192.057
272.4	192.107
272.6	192.178
272.8	192.291
273.0	192.336
273.2	192.363
273.4	192.571
273.6	192.709
273.8	192.703
274.0	192.832
274.2	192.926
274.4	193.065
274.6	193.181
274.8	193.25
275.0	193.31
275.2	193.385
275.4	193.355
275.6	193.369
275.8	193.433
276.0	193.536
276.2	193.634
276.4	193.667
276.6	193.75
276.8	193.826
277.0	194.061
277.2	194.284
277.4	194.431
277.6	194.632
277.8	194.891
278.0	195.086
278.2	195.318
278.4	195.495
278.6	195.66
278.8	195.885
279.0	196.194
279.2	196.578
279.4	196.936
279.6	197.217
279.8	197.473
280.0	197.608
280.2	197.741
280.4	197.753
280.6	197.89
280.8	198.068
281.0	198.251
281.2	198.497
281.4	198.673
281.6	198.743
281.8	198.777
282.0	198.961
282.2	199.126
282.4	199.233
282.6	199.312
282.8	199.402
283.0	199.51
283.2	199.676
283.4	199.824
283.6	199.968
283.8	200.2
284.0	200.51
284.2	200.766
284.4	201.074
284.6	201.418
284.8	201.779
285.0	201.993
285.2	202.321
285.4	202.655
285.6	203.061
285.8	203.566
286.0	203.967
286.2	204.323
286.4	204.579
286.6	204.86
286.8	205.162
287.0	205.443
287.2	205.693
287.4	205.851
287.6	205.948
287.8	206.161
288.0	206.311
288.2	206.476
288.4	206.599
288.6	206.761
288.8	206.89
289.0	206.902
289.2	206.917
289.4	206.921
289.6	206.823
289.8	206.744
290.0	206.691
290.2	206.746
290.4	206.799
290.6	206.83
290.8	206.88
291.0	206.833
291.2	206.79
291.4	206.773
291.6	206.76
291.8	206.79
292.0	206.775
292.2	206.778
292.4	206.86
292.6	206.92
292.8	206.871
293.0	206.763
293.2	206.591
293.4	206.647
293.6	206.686
293.8	206.634
294.0	206.684
294.2	206.761
294.4	206.887
294.6	207.08
294.8	207.283
295.0	207.391
295.2	207.469
295.4	207.54
295.6	207.701
295.8	207.875
296.0	208.049
296.2	208.269
296.4	208.544
296.6	208.816
296.8	209.197
297.0	209.598
297.2	209.914
297.4	210.076
297.6	210.33
297.8	210.482
298.0	210.664
298.2	210.836
298.4	210.983
298.6	211.148
298.8	211.218
299.0	211.252
299.2	211.25
299.4	211.317
299.6	211.375
299.8	211.457
300.0	211.457
300.2	211.446
300.4	211.602
300.6	211.822
300.8	212.085
301.0	212.394
301.2	212.738
301.4	212.922
301.6	212.97
301.8	213.101
302.0	213.178
302.2	213.271
302.4	213.288
302.6	213.299
302.8	213.409
303.0	213.521
303.2	213.58
303.4	213.667
303.6	213.814
303.8	213.972
304.0	214.207
304.2	214.542
304.4	214.884
304.6	215.196
304.8	215.583
305.0	215.994
305.2	216.41
305.4	216.748
305.6	216.998
305.8	217.245
306.0	217.596
306.2	217.948
306.4	218.304
306.6	218.637
306.8	219.049
307.0	219.41
307.2	219.566
307.4	219.779
307.6	220.013
307.8	220.258
308.0	220.48
308.2	220.651
308.4	220.838
308.6	221.004
308.8	221.274
309.0	221.521
309.2	221.754
309.4	222.093
309.6	222.521
309.8	222.934
310.0	223.274
310.2	223.632
310.4	224.031
310.6	224.408
310.8	224.703
311.0	225.033
311.2	225.341
311.4	225.485
311.6	225.733
311.8	225.984
312.0	226.207
312.2	226.457
312.4	226.677
312.6	226.939
312.8	227.14
313.0	227.401
313.2	227.679
313.4	227.857
313.6	227.95
313.8	228.062
314.0	228.122
314.2	228.206
314.4	228.37
314.6	228.496
314.8	228.587
315.0	228.637
315.2	228.749
315.4	228.872
315.6	228.893
315.8	229.152
316.0	229.276
316.2	229.276
316.4	229.289
316.6	229.259
316.8	229.181
317.0	229.19
317.2	229.219
317.4	229.359
317.6	229.517
317.8	229.714
318.0	229.943
318.2	230.145
318.4	230.315
318.6	230.532
318.8	230.714
319.0	230.879
319.2	231.019
319.4	231.152
319.6	231.314
319.8	231.517
320.0	231.765
320.2	231.976
320.4	232.258
320.6	232.36
320.8	232.451
321.0	232.661
321.2	232.767
321.4	232.869
321.6	232.918
321.8	232.979
322.0	233.028
322.2	233.041
322.4	233.003
322.6	233.056
322.8	233.187
323.0	233.408
323.2	233.51
323.4	233.643
323.6	233.67
323.8	233.76
324.0	233.891
324.2	234.134
324.4	234.266
324.6	234.637
324.8	234.964
325.0	235.261
325.2	235.547
325.4	235.771
325.6	235.933
325.8	236.14
326.0	236.398
326.2	236.779
326.4	237.162
326.6	237.369
326.8	237.438
327.0	237.417
327.2	237.574
327.4	237.74
327.6	237.901
327.8	238.008
328.0	238.124
328.2	238.276
328.4	238.385
328.6	238.495
328.8	238.651
329.0	238.958
329.2	239.178
329.4	239.292
329.6	239.494
329.8	239.686
330.0	239.81
330.2	239.89
330.4	240.01
330.6	240.142
330.8	240.426
331.0	240.575
331.2	240.66
331.4	240.777
331.6	240.899
331.8	241.006
332.0	241.198
332.2	241.35
332.4	241.54
332.6	241.771
332.8	242.006
333.0	242.21
333.2	242.176
333.4	242.063
333.6	242.015
333.8	241.878
334.0	241.868
334.2	241.854
334.4	241.9
334.6	242.061
334.8	242.152
335.0	242.349
335.2	242.533
335.4	242.569
335.6	242.597
335.8	242.593
336.0	242.582
336.2	242.478
336.4	242.405
336.6	242.623
336.8	242.796
337.0	242.891
337.2	242.992
337.4	243.022
337.6	243.157
337.8	243.283
338.0	243.436
338.2	243.474
338.4	243.657
338.6	243.817
338.8	243.959
339.0	244.146
339.2	244.43
339.4	244.575
339.6	244.717
339.8	244.866
340.0	244.97
340.2	245.111
340.4	245.281
340.6	245.459
340.8	245.58
341.0	245.725
341.2	245.823
341.4	245.963
341.6	246.296
341.8	246.6
342.0	246.922
342.2	247.109
342.4	247.262
342.6	247.253

&

