0.2	0.005347
0.4	0.010452
0.6	0.004132
0.8	-0.029168
1.0	-0.026251
1.2	-0.019445
1.4	-0.004618
1.6	-0.049828
1.8	0.00875
2.0	0.017744
2.2	0.08726
2.4	0.102573
2.6	0.04764
2.8	0.109135
3.0	0.039376
3.2	0.049585
3.4	0.051529
3.6	0.046182
3.8	-0.017014
4.0	-0.026008
4.2	0.003889
4.4	-0.03889
4.6	-0.002431
4.8	0.013855
5.0	-0.027709
5.2	-0.042536
5.4	-0.105489
5.6	-0.09917
5.8	-0.03014
6.0	-0.028681
6.2	0.098198
6.4	0.12615
6.6	0.199312
6.8	-0.007535
7.0	0.188374
7.2	0.152644
7.4	0.091635
7.6	0.057849
7.8	-0.053231
8.0	-0.111323
8.2	-0.134657
8.4	-0.093822
8.6	-0.199312
8.8	-0.177436
9.0	-0.127851
9.2	-0.150942
9.4	-0.11108
9.6	-0.145109
9.8	-0.061738
10.0	0.084343
10.2	-0.060037
10.4	0.005104
10.6	0.091392
10.8	-0.031841
11.0	0.360949
11.2	0.21025
11.4	0.102573
11.6	-0.022605
11.8	-0.008507
12.0	-0.007049
12.2	-0.19518
12.4	-0.177436
12.6	-0.10792
12.8	0.100385
13.0	0.193235
13.2	0.062224
13.4	-0.070002
13.6	0.089447
13.8	0.09285
14.0	-0.032084
14.2	-0.099413
14.4	-0.107191
14.6	-0.364595
14.8	-0.316468
15.0	-0.354143
15.2	-0.168443
15.4	-0.193235
15.6	0.022119
15.8	-0.187159
16.0	-0.211465
16.2	-0.043022
16.4	0.040835
16.6	-0.175249
16.8	0.113267
17.0	0.123476
17.2	0.102573
17.4	0.071704
17.6	0.029168
17.8	-0.008993
18.0	0.07219
18.2	-0.045939
18.4	-0.186916
18.6	0.037675
18.8	0.062953
19.0	0.047397
19.2	-0.082155
19.4	0.146081
19.6	0.455257
19.8	0.625159
20.0	0.016042
20.2	0.213896
20.4	0.254244
20.6	0.229452
20.8	0.49828
21.0	0.309176
21.2	0.058335
21.4	0.295322
21.6	0.058092
21.8	0.187645
22.0	0.209764
22.2	0.051043
22.4	0.247438
22.6	0.173547
22.8	0.281224
23.0	0.148512
23.2	-0.009966
23.4	-0.155317
23.6	0.041321
23.8	0.147782
24.0	0.312579
24.2	0.457202
24.4	0.261536
24.6	0.139761
24.8	-0.316225
25.0	-0.234313
25.2	-0.340532
25.4	-0.07535
25.6	0.205145
25.8	-0.144137
26.0	-0.393276
26.2	-0.100628
26.4	0.138789
26.6	0.259592
26.8	0.222646
27.0	0.275148
27.2	0.244522
27.4	-0.118372
27.6	0.079239
27.8	0.288273
28.0	-0.04521
28.2	-0.020903
28.4	0.009236
28.6	-0.114969
28.8	0.163339
29.0	0.066842
29.2	0.239174
29.4	0.073891
29.6	-0.093093
29.8	0.373831
30.0	-0.036216
30.2	-0.391575
30.4	-0.204659
30.6	-0.337129
30.8	-0.334941
31.0	-0.406159
31.2	-0.332511
31.4	-0.177193
31.6	-0.120559
31.8	0.054446
32.0	0.060523
32.2	0.449181
32.4	0.303829
32.6	0.308447
32.8	0.433868
33.0	0.236744
33.2	0.438486
33.4	0.21025
33.6	0.040592
33.8	-0.171603
34.0	-0.166741
34.2	0.071704
34.4	0.02066
34.6	-0.04205
34.8	-0.378449
35.0	-0.594533
35.2	-0.421229
35.4	-0.060766
35.6	-0.117156
35.8	0.008021
36.0	0.094309
36.2	0.148026
36.4	-0.273446
36.6	0.031112
36.8	0.253029
37.0	-0.103545
37.2	-0.251084
37.4	0.197853
37.6	0.030626
37.8	-0.114969
38.0	0.261536
38.2	-0.196395
38.4	-0.361678
38.6	0.45866
38.8	0.21584
39.0	0.492689
39.2	0.680334
39.4	0.68714
39.6	0.262751
39.8	0.540087
40.0	0.067572
40.2	-0.164554
40.4	-0.157748
40.6	-0.597693
40.8	-0.744503
41.0	-0.763219
41.2	-0.567796
41.4	-0.687383
41.6	-0.5729
41.8	-0.145838
42.0	-0.294836
42.2	0.417583
42.4	0.328378
42.6	0.605714
42.8	0.19761
43.0	0.404457
43.2	-0.303586
43.4	-0.478592
43.6	-0.311364
43.8	0.15556
44.0	0.095038
44.2	0.085801
44.4	-0.078752
44.6	0.299454
44.8	0.051286
45.0	0.3364
45.2	0.416124
45.4	0.247195
45.6	0.656757
45.8	0.286815
46.0	0.394492
46.2	0.160665
46.4	0.271502
46.6	-0.386471
46.8	-0.145109
47.0	0.304315
47.2	-0.025522
47.4	-0.431194
47.6	-0.198097
47.8	-0.204173
48.0	-0.697348
48.2	-0.169658
48.4	-0.012396
48.6	0.057606
48.8	-0.449424
49.0	-0.308447
49.2	-0.015799
49.4	-0.049342
49.6	0.239417
49.8	0.212194
50.0	0.128824
50.2	-0.082642
50.4	-0.113511
50.6	0.311121
50.8	-0.184242
51.0	-0.031841
51.2	0.64825
51.4	0.360949
51.6	0.21268
51.8	-0.185943
52.0	-0.091392
52.2	-0.352928
52.4	-0.171117
52.6	-0.376748
52.8	-0.249626
53.0	-0.461577
53.2	-0.368727
53.4	-0.23407
53.6	-0.032814
53.8	-0.435569
54.0	-0.243063
54.2	-0.306746
54.4	0.106705
54.6	-0.066113
54.8	-0.464494
55.0	0.106948
55.2	0.310878
55.4	0.154102
55.6	-0.172575
55.8	-0.236987
56.0	-0.395707
56.2	-0.250598
56.4	-0.360706
56.6	0.000729
56.8	-0.513593
57.0	0.11667
57.2	-0.560261
57.4	0.514322
57.6	0.444806
57.8	0.024306
58.0	-0.787282
58.2	-0.657729
58.4	-0.473001
58.6	-0.42293
58.8	-0.385255
59.0	-0.495849
59.2	-0.499252
59.4	-0.450396
59.6	-0.379665
59.8	0.229452
60.0	0.681792
60.2	0.466438
60.4	0.018473
60.6	-0.388415
60.8	0.17379
61.0	-0.347094
61.2	0.025036
61.4	0.010209
61.6	0.187159
61.8	-0.255216
62.0	0.283898
62.2	0.946488
62.4	-0.024549
62.6	-0.219243
62.8	-0.190075
63.0	-0.435326
63.2	-0.261536
63.4	0.144137
63.6	0.084829
63.8	0.666236
64.0	0.133442
64.2	-0.314524
64.4	-0.697348
64.6	0.10792
64.8	-0.214625
65.0	-0.0508
65.2	-0.285842
65.4	-0.15872
65.6	-0.50703
65.8	-0.190319
66.0	-0.189589
66.2	-0.265668
66.4	-0.04837
66.6	-0.270772
66.8	-0.241605
67.0	0.109378
67.2	0.682765
67.4	0.793602
67.6	0.436542
67.8	0.396436
68.0	0.014098
68.2	-0.147539
68.4	0.500953
68.6	0.302614
68.8	-0.11424
69.0	0.044967
69.2	-0.346365
69.4	-0.454528
69.6	-0.780719
69.8	0.482967
70.0	-0.10792
70.2	-0.758114
70.4	-0.601825
70.6	-0.017987
70.8	0.050557
71.0	-0.467654
71.2	-0.9776
71.4	-0.313309
71.6	-0.207819
71.8	-0.179624
72.0	0.328135
72.2	0.743044
72.4	0.664049
72.6	0.536927
72.8	-0.000729
73.0	-0.247925
73.2	-0.143407
73.4	-0.496821
73.6	-0.074377
73.8	0.301885
74.0	0.001458
74.2	0.495363
74.4	0.051772
74.6	0.178651
74.8	-0.332267
75.0	-0.371887
75.2	-0.693703
75.4	-0.730648
75.6	-0.111323
75.8	-0.195666
76.0	0.481751
76.2	0.688112
76.4	0.433625
76.6	0.44991
76.8	0.11108
77.0	0.436299
77.2	-0.093822
77.4	-0.032814
77.6	-0.061738
77.8	-0.997289
78.0	-0.331781
78.2	-0.014341
78.4	0.325462
78.6	0.052502
78.8	-0.072676
79.0	-0.010452
79.2	-0.428521
79.4	0.095524
79.6	0.002188
79.8	0.227993
80.0	0.249626
80.2	0.081669
80.4	-0.022605
80.6	0.227021
80.8	0.115698
81.0	0.150699
81.2	-0.328378
81.4	-0.406402
81.6	0.416124
81.8	-0.201499
82.0	0.124448
82.2	-0.151428
82.4	-0.763705
82.6	-0.515051
82.8	-0.290461
83.0	-0.037432
83.2	0.034515
83.4	0.128094
83.6	-0.186916
83.8	0.751795
84.0	-0.032327
84.2	0.392304
84.4	0.736725
84.6	0.770267
84.8	0.458417
85.0	0.022362
85.2	0.372859
85.4	0.240633
85.6	0.0333
85.8	0.098684
86.0	0.678146
86.2	0.836624
86.4	0.578004
86.6	0.037432
86.8	-0.736482
87.0	-0.402999
87.2	0.067815
87.4	0.037189
87.6	0.466681
87.8	0.741586
88.0	0.572657
88.2	-0.191777
88.4	-0.098198
88.6	0.043994
88.8	-0.068544
89.0	0.06903
89.2	0.276606
89.4	-0.06587
89.6	-0.41734
89.8	-0.700265
90.0	-1.02305
90.2	-0.51262
90.4	0.015556
90.6	-0.382339
90.8	0.060037
91.0	-0.402513
91.2	-0.175978
91.4	-0.496578
91.6	-0.520398
91.8	-0.577032
92.0	-0.444563
92.2	0.062953
92.4	-0.464737
92.6	-0.096739
92.8	0.127122
93.0	0.693459
93.2	0.657729
93.4	0.500467
93.6	0.659674
93.8	0.436542
94.0	0.155804
94.2	0.045453
94.4	-0.496335
94.6	-0.442375
94.8	-0.305531
95.0	-0.181811
95.2	0.74426
95.4	0.588213
95.6	-0.3872
95.8	-0.882077
96.0	0.017257
96.2	-0.259105
96.4	0.442861
96.6	0.219972
96.8	-0.4713
97.0	0.286085
97.2	1.34317
97.4	0.903952
97.6	-0.174762
97.8	0.262022
98.0	0.056634
98.2	-0.43168
98.4	0.000486
98.6	0.135629
98.8	0.635853
99.0	-0.206604
99.2	-0.263724
99.4	-0.52526
99.6	-0.571685
99.8	-0.273446
100.0	-0.118129
100.2	-0.147053
100.4	-0.364109
100.6	-0.076322
100.8	0.059064
101.0	0.599151
101.2	0.011181
101.4	-0.353171
101.6	-0.329108
101.8	-0.161151
102.0	-0.260807
102.2	-0.466681
102.4	-0.368241
102.6	-0.491231
102.8	-0.152644
103.0	0.035244
103.2	-0.134414
103.4	0.03573
103.6	0.054446
103.8	-0.656514
104.0	-0.721655
104.2	-1.18518
104.4	-0.494148
104.6	-0.395707
104.8	0.140004
105.0	-0.33008
105.2	-0.189346
105.4	0.229452
105.6	-0.231153
105.8	-0.030869
106.0	0.468869
106.2	0.120316
106.4	0.378936
106.6	-0.658701
106.8	-0.709259
107.0	0.345879
107.2	-0.072433
107.4	0.058092
107.6	0.567796
107.8	0.569254
108.0	-0.394978
108.2	-0.314767
108.4	0.397895
108.6	0.514322
108.8	0.117643
109.0	0.259348
109.2	1.28386
109.4	0.944301
109.6	0.105976
109.8	-0.037189
110.0	0.457445
110.2	-0.018716
110.4	-0.323274
110.6	0.046182
110.8	-0.137331
111.0	0.345879
111.2	0.049828
111.4	-0.035001
111.6	-0.375776
111.8	-0.517482
112.0	-0.586512
112.2	-0.29362
112.4	-0.199555
112.6	0.094552
112.8	0.119101
113.0	-0.223375
113.2	-0.096253
113.4	-0.46814
113.6	-0.471543
113.8	-0.316711
114.0	0.141463
114.2	-0.17136
114.4	0.521371
114.6	0.242334
114.8	-0.033057
115.0	-0.367755
115.2	-1.13535
115.4	-1.30865
115.6	-0.431923
115.8	0.061495
116.0	0.246952
116.2	0.310635
116.4	0.374074
116.6	-0.383554
116.8	-0.31817
117.0	-0.105246
117.2	0.479078
117.4	0.839054
117.6	0.213166
117.8	0.334941
118.0	0.245251
118.2	0.202472
118.4	-0.149727
118.6	-0.248411
118.8	-0.881347
119.0	-0.19202
119.2	0.35074
119.4	0.914161
119.6	0.064898
119.8	-0.043994
120.0	-0.18886
120.2	-0.056148
120.4	-0.924613
120.6	-0.665021
120.8	-0.671584
121.0	-0.84902
121.2	0.046425
121.4	-0.122261
121.6	-0.634638
121.8	0.036946
122.0	0.798949
122.2	0.140248
122.4	-0.385984
122.6	0.564393
122.8	0.219729
123.0	0.352928
123.2	-0.154102
123.4	0.043022
123.6	0.340289
123.8	0.826658
124.0	0.756413
124.2	0.749121
124.4	0.826901
124.6	0.481508
124.8	-0.285599
125.0	-0.107434
125.2	0.472515
125.4	0.66575
125.6	0.761517
125.8	0.646791
126.0	0.06028
126.2	-0.240633
126.4	-0.008021
126.6	0.088961
126.8	0.201013
127.0	0.080454
127.2	0.198097
127.4	0.656028
127.6	-0.236257
127.8	-0.730648
128.0	-0.875028
128.2	0.069759
128.4	0.698321
128.6	0.160908
128.8	-0.301155
129.0	0.078023
129.2	-0.484182
129.4	-0.070488
129.6	-0.360463
129.8	0.040592
130.0	-0.41661
130.2	-0.504113
130.4	0.008021
130.6	-0.595991
130.8	-0.692487
131.0	-0.60304
131.2	-0.880861
131.4	-0.030869
131.6	0.138546
131.8	0.682765
132.0	0.22459
132.2	0.040592
132.4	-0.287787
132.6	-0.316711
132.8	0.757628
133.0	0.350254
133.2	0.645333
133.4	-0.248411
133.6	0.085558
133.8	-0.113754
134.0	0.328865
134.2	-0.082642
134.4	0.456716
134.6	0.322059
134.8	-0.122018
135.0	0.226292
135.2	0.454042
135.4	0.004132
135.6	0.136602
135.8	-0.083857
136.0	0.610818
136.2	0.142192
136.4	0.48005
136.6	0.496578
136.8	0.135629
137.0	-0.098684
137.2	-0.147053
137.4	0.257161
137.6	0.215597
137.8	-0.327406
138.0	0.496335
138.2	0.849749
138.4	0.151671
138.6	-0.485397
138.8	-0.6237
139.0	-0.005347
139.2	-0.580435
139.4	0.33008
139.6	0.823498
139.8	0.354386
140.0	0.683008
140.2	0.438
140.4	-0.04205
140.6	0.616895
140.8	0.00559
141.0	0.092121
141.2	0.883292
141.4	-0.006806
141.6	0.145109
141.8	0.343448
142.0	0.430222
142.2	0.672556
142.4	0.352199
142.6	0.673771
142.8	0.464737
143.0	0.103788
143.2	0.519912
143.4	0.27855
143.6	-0.567553
143.8	-0.845374
144.0	-0.552969
144.2	-0.037918
144.4	-0.219
144.6	-0.696376
144.8	-0.200041
145.0	0.339802
145.2	0.180596
145.4	0.435083
145.6	-0.000486
145.8	0.75933
146.0	0.52842
146.2	0.939196
146.4	0.352199
146.6	-0.055905
146.8	0.06028
147.0	-0.754711
147.2	-0.808185
147.4	0.019931
147.6	0.139518
147.8	0.100385
148.0	0.134657
148.2	-0.447236
148.4	-0.375533
148.6	0.36897
148.8	-0.072433
149.0	0.097225
149.2	0.167714
149.4	-0.099656
149.6	-0.131254
149.8	-0.014827
150.0	-0.301885
150.2	0.055175
150.4	0.319871
150.6	-0.144866
150.8	-0.106705
151.0	-0.194937
151.2	-0.066113
151.4	-0.112295
151.6	-0.425604
151.8	-0.625645
152.0	-0.59356
152.2	-0.605471
152.4	0.091392
152.6	-0.165526
152.8	0.215354
153.0	0.308447
153.2	0.227993
153.4	-0.46814
153.6	0.512377
153.8	0.078996
154.0	0.863361
154.2	0.754225
154.4	0.309176
154.6	0.08726
154.8	-0.409075
155.0	-0.218028
155.2	0.445778
155.4	0.093822
155.6	-0.277092
155.8	0.542517
156.0	0.943572
156.2	0.736239
156.4	0.3872
156.6	0.296294
156.8	0.776101
157.0	0.560018
157.2	0.247195
157.4	0.163339
157.6	-0.3872
157.8	0.067572
158.0	0.009236
158.2	-0.469112
158.4	-0.91805
158.6	-0.068058
158.8	0.47689
159.0	-0.400082
159.2	0.061252
159.4	0.314767
159.6	0.200527
159.8	0.127851
160.0	0.199555
160.2	0.863604
160.4	0.371887
160.6	0.410048
160.8	0.559289
161.0	-0.511648
161.2	0.220215
161.4	-0.204902
161.6	-0.772455
161.8	-0.921696
162.0	-0.738912
162.2	0.481508
162.4	0.926071
162.6	1.00093
162.8	0.271016
163.0	-0.467411
163.2	-0.417826
163.4	-0.166498
163.6	-0.024063
163.8	0.78874
164.0	0.554427
164.2	-0.183027
164.4	0.142435
164.6	0.413937
164.8	0.376505
165.0	-0.658945
165.2	-0.287787
165.4	0.223375
165.6	-0.186673
165.8	0.234799
166.0	0.076565
166.2	0.270286
166.4	0.097711
166.6	-0.093336
166.8	0.645819
167.0	0.476647
167.2	-0.522586
167.4	0.403971
167.6	-0.654569
167.8	-1.10861
168.0	0.029654
168.2	-0.297509
168.4	-0.071704
168.6	-0.54033
168.8	-0.333726
169.0	0.314524
169.2	-0.270772
169.4	1.30015
169.6	0.595019
169.8	-0.42609
170.0	0.403242
170.2	-0.371158
170.4	0.170387
170.6	0.089933
170.8	-0.091149
171.0	0.765163
171.2	0.336886
171.4	0.653111
171.6	0.917564
171.8	-0.247195
172.0	-0.352442
172.2	-0.757871
172.4	-0.755441
172.6	-0.173061
172.8	-0.134414
173.0	0.275877
173.2	0.736482
173.4	0.172575
173.6	-0.577761
173.8	-0.469112
174.0	-0.666966
174.2	-0.436542
174.4	-0.400325
174.6	-0.147296
174.8	-0.127122
175.0	-0.623943
175.2	0.169172
175.4	-0.085072
175.6	-0.676931
175.8	-0.142921
176.0	0.921939
176.2	-0.084829
176.4	0.477862
176.6	-0.315739
176.8	-0.206118
177.0	-0.255216
177.2	-0.103788
177.4	0.23723
177.6	0.525746
177.8	0.092121
178.0	-0.487585
178.2	0.468626
178.4	-0.056391
178.6	-0.032327
178.8	-0.160422
179.0	-0.223375
179.2	-1.84485
179.4	-1.19174
179.6	0.468869
179.8	0.131497
180.0	-0.615436
180.2	-0.617867
180.4	-0.40227
180.6	0.438
180.8	-0.181811
181.0	-0.945273
181.2	0.202958
181.4	0.27928
181.6	0.356574
181.8	-0.0508
182.0	0.744989
182.2	0.037675
182.4	-0.190075
182.6	0.03889
182.8	-0.256189
183.0	0.115941
183.2	0.380151
183.4	1.4263
183.6	1.10521
183.8	-0.598179
184.0	-0.710474
184.2	-0.59988
184.4	-0.653597
184.6	0.166498
184.8	0.643145
185.0	-0.197124
185.2	0.578977
185.4	0.705856
185.6	0.191048
185.8	-0.198097
186.0	-0.456473
186.2	0.301155
186.4	-0.083857
186.6	-0.244036
186.8	0.233341
187.0	0.580678
187.2	1.36772
187.4	0.335184
187.6	0.113997
187.8	1.04493
188.0	1.0933
188.2	1.03253
188.4	1.64846
188.6	1.37136
188.8	0.777316
189.0	0.064655
189.2	-0.223132
189.4	-0.721169
189.6	-1.11396
189.8	0.407617
190.0	0.325462
190.2	0.033057
190.4	0.433139
190.6	0.124448
190.8	0.156776
191.0	-0.002674
191.2	0.494877
191.4	0.087503
191.6	-0.276606
191.8	-0.223375
192.0	0.457931
192.2	-0.634881
192.4	-0.860201
192.6	-0.416853
192.8	-0.329837
193.0	0.099413
193.2	0.21341
193.4	1.49849
193.6	1.25567
193.8	0.256189
194.0	0.631721
194.2	-0.33008
194.4	-0.290704
194.6	0.433139
194.8	0.451612
195.0	1.23039
195.2	0.526961
195.4	-0.182054
195.6	-0.067085
195.8	0.735266
196.0	0.357789
196.2	0.413937
196.4	1.40442
196.6	0.955968
196.8	0.845131
197.0	0.914647
197.2	0.109378
197.4	0.904195
197.6	0.967149
197.8	0.691758
198.0	0.38088
198.2	-0.67207
198.4	0.246709
198.6	0.982948
198.8	0.953294
199.0	-0.132226
199.2	0.086531
199.4	-0.061981
199.6	-0.610575
199.8	-0.500953
200.0	-0.707071
200.2	0.10792
200.4	0.347337
200.6	0.198826
200.8	0.373831
201.0	0.853152
201.2	0.343935
201.4	-0.214139
201.6	0.337372
201.8	-0.781691
202.0	-0.419041
202.2	-0.296294
202.4	-0.290947
202.6	-0.526961
202.8	-0.946245
203.0	0.100142
203.2	0.801137
203.4	0.627346
203.6	0.439945
203.8	0.455744
204.0	0.824228
204.2	0.087017
204.4	0.850721
204.6	0.779747
204.8	0.639499
205.0	0.708529
205.2	0.20077
205.4	-1.00191
205.6	0.179624
205.8	0.170387
206.0	0.12858
206.2	0.411749
206.4	-0.232125
206.6	-0.130039
206.8	-1.19295
207.0	-0.806484
207.2	-0.738912
207.4	0.310878
207.6	0.017257
207.8	-0.491231
208.0	-0.191777
208.2	-0.126393
208.4	-0.31185
208.6	0.128094
208.8	-0.532309
209.0	-0.747176
209.2	0.457931
209.4	-0.391575
209.6	-0.832492
209.8	-1.09476
210.0	0.391332
210.2	-0.091878
210.4	0.108892
210.6	1.19174
210.8	0.175492
211.0	-0.543489
211.2	-0.299211
211.4	0.15556
211.6	-0.093336
211.8	-0.00316
212.0	0.67207
212.2	0.142192
212.4	-0.250112
212.6	-0.640715
212.8	-0.110351
213.0	-0.214868
213.2	0.31501
213.4	-0.307961
213.6	-0.533524
213.8	-0.045696
214.0	-0.437028
214.2	-0.627589
214.4	0.555643
214.6	-0.604741
214.8	-0.276606
215.0	0.369213
215.2	-0.291919
215.4	0.3872
215.6	-0.018473
215.8	-0.038161
216.0	-0.927529
216.2	-0.334941
216.4	1.17861
216.6	-0.573143
216.8	-0.554184
217.0	-0.292405
217.2	0.668181
217.4	0.482967
217.6	0.213166
217.8	0.244279
218.0	-0.436299
218.2	0.27612
218.4	0.438
218.6	1.14945
218.8	0.714849
219.0	-0.122261
219.2	0.538628
219.4	-0.316711
219.6	0.197124
219.8	-0.210979
220.0	0.337858
220.2	0.469112
220.4	1.2175
220.6	0.576789
220.8	0.54033
221.0	0.449667
221.2	-0.528906
221.4	-0.382582
221.6	-0.070488
221.8	0.496092
222.0	0.002431
222.2	0.04764
222.4	0.30869
222.6	-0.086287
222.8	1.40782
223.0	1.23768
223.2	0.841485
223.4	0.364838
223.6	0.14681
223.8	0.854367
224.0	-0.378936
224.2	0.087017
224.4	-0.21584
224.6	0.124691
224.8	0.305774
225.0	0.897633
225.2	-0.175249
225.4	0.348796
225.6	-0.490502
225.8	-0.309906
226.0	0.077051
226.2	-0.013612
226.4	0.444563
226.6	0.228966
226.8	-0.315496
227.0	-1.12368
227.2	0.258862
227.4	0.628319
227.6	1.58283
227.8	0.002917
228.0	-0.585296
228.2	-0.053717
228.4	0.909786
228.6	0.712418
228.8	0.804782
229.0	0.489043
229.2	0.081426
229.4	0.370671
229.6	0.105246
229.8	0.220945
230.0	-0.053717
230.2	-0.295322
230.4	-1.22528
230.6	-0.733808
230.8	0.264696
231.0	-0.182054
231.2	0.117156
231.4	0.118858
231.6	-0.487099
231.8	-1.89808
232.0	-1.53008
232.2	-1.0792
232.4	0.201743
232.6	-0.000486
232.8	-0.301642
233.0	-0.531093
233.2	-0.495849
233.4	-0.885966
233.6	-0.198583
233.8	-0.172575
234.0	0.236744
234.2	-0.250598
234.4	-0.306746
234.6	0.112052
234.8	-0.179867
235.0	-0.867007
235.2	-0.009236
235.4	-0.017501
235.6	-0.241605
235.8	0.139032
236.0	0.64193
236.2	1.09208
236.4	0.191534
236.6	0.937252
236.8	0.51578
237.0	0.771483
237.2	0.294593
237.4	0.473244
237.6	0.283898
237.8	-0.052016
238.0	0.386228
238.2	0.0841
238.4	0.337372
238.6	-1.42775
238.8	-0.776344
239.0	-0.926071
239.2	0.093579
239.4	-0.167714
239.6	-0.458174
239.8	-0.054446
240.0	-0.550295
240.2	-0.106705
240.4	1.34681
240.6	0.055418
240.8	-0.692244
241.0	-0.585053
241.2	-0.939683
241.4	0.104031
241.6	-0.429979
241.8	-0.24598
242.0	0.043022
242.2	-0.171117
242.4	-0.152158
242.6	0.326191
242.8	-0.144623
243.0	0.046182
243.2	-0.177436
243.4	0.293377
243.6	0.7078
243.8	0.875514
244.0	0.656757
244.2	0.683737
244.4	0.637798
244.6	1.01357
244.8	0.57922
245.0	0.06344
245.2	0.786067
245.4	-0.417826
245.6	0.385741
245.8	-0.537656
246.0	0.161637
246.2	0.389144
246.4	1.11201
246.6	0.797491
246.8	0.931905
247.0	1.39421
247.2	0.631721
247.4	0.530607
247.6	1.17521
247.8	1.41293
248.0	0.708286
248.2	-0.029168
248.4	0.458417
248.6	0.944544
248.8	-0.340775
249.0	0.414909
249.2	1.26174
249.4	-0.352442
249.6	-0.304072
249.8	-0.427305
250.0	-0.377963
250.2	-0.10792
250.4	0.927529
250.6	-0.085072
250.8	0.635367
251.0	0.293134
251.2	1.00021
251.4	-0.135143
251.6	-0.180839
251.8	-0.553941
252.0	-0.523072
252.2	-0.853638
252.4	0.167957
252.6	-0.420499
252.8	0.327406
253.0	-1.13802
253.2	-0.200527
253.4	-0.273689
253.6	0.126393
253.8	-0.157748
254.0	-0.320114
254.2	-0.536441
254.4	0.157505
254.6	-0.031355
254.8	-0.028925
255.0	-0.047397
255.2	-0.191048
255.4	-0.217299
255.6	-0.578977
255.8	-0.439701
256.0	-0.778289
256.2	0.158477
256.4	0.767351
256.6	0.328622
256.8	-1.55706
257.0	-0.027952
257.2	0.413208
257.4	-0.277578
257.6	0.517725
257.8	0.481265
258.0	-0.580678
258.2	-0.460362
258.4	0.198583
258.6	-0.237716
258.8	0.538871
259.0	0.25789
259.2	0.653597
259.4	-0.166984
259.6	0.142192
259.8	0.588942
260.0	0.184242
260.2	-0.316954
260.4	-0.852666
260.6	-0.180353
260.8	0.565122
261.0	-0.045453
261.2	-0.549323
261.4	-1.00798
261.6	-0.161637
261.8	-0.41734
262.0	0.617867
262.2	0.554913
262.4	1.06486
262.6	0.985378
262.8	0.704154
263.0	0.722141
263.2	0.937009
263.4	-0.554184
263.6	-0.587484
263.8	-0.087503
264.0	-1.41852
264.2	-0.631964
264.4	-1.49216
264.6	-0.738183
264.8	-0.448452
265.0	-0.120802
265.2	0.363137
265.4	-0.516023
265.6	-0.412721
265.8	-0.307718
266.0	-0.297996
266.2	-0.541788
266.4	0.05955
266.6	-0.181325
266.8	-0.166984
267.0	0.189346
267.2	0.551754
267.4	0.346851
267.6	0.594776
267.8	-0.138789
268.0	-0.051529
268.2	-0.373345
268.4	-0.321573
268.6	-0.3206
268.8	-0.077537
269.0	0.289974
269.2	-0.27928
269.4	-0.148998
269.6	-0.737697
269.8	-0.516509
270.0	0.210493
270.2	0.381366
270.4	-0.403971
270.6	0.762976
270.8	0.36897
271.0	0.271988
271.2	0.183756
271.4	-0.847562
271.6	-0.332511
271.8	-1.19466
272.0	-1.56606
272.2	-0.660889
272.4	-0.231639
272.6	-0.096739
272.8	-0.243063
273.0	0.076079
273.2	-0.583109
273.4	-0.446264
273.6	0.603769
273.8	0.282926
274.0	0.362407
274.2	0.453799
274.4	-0.064898
274.6	-0.212923
274.8	-0.495606
275.0	0.704154
275.2	0.928745
275.4	0.546406
275.6	-0.187888
275.8	-0.47689
276.0	0.056391
276.2	-0.040835
276.4	-0.431194
276.6	-0.245494
276.8	-0.551511
277.0	-0.162123
277.2	-0.590401
277.4	0.613735
277.6	0.05712
277.8	-0.71412
278.0	-0.50071
278.2	-0.448452
278.4	0.455744
278.6	0.451612
278.8	-0.236744
279.0	-0.141949
279.2	-0.644118
279.4	-0.429007
279.6	-0.71412
279.8	-0.60863
280.0	-0.17063
280.2	-0.731377
280.4	-0.842214
280.6	0.156047
280.8	-0.235771
281.0	-0.551997
281.2	-0.013125
281.4	0.390603
281.6	0.506544
281.8	1.23452
282.0	0.130768
282.2	-0.023334
282.4	-0.077294
282.6	-0.314524
282.8	-0.006077
283.0	0.169415
283.2	0.502655
283.4	-0.617138
283.6	-0.569983
283.8	-0.219486
284.0	0.183513
284.2	0.260321
284.4	1.48682
284.6	0.732836
284.8	0.35074
285.0	0.485883
285.2	-0.627103
285.4	-0.410534
285.6	-0.793602
285.8	-0.064655
286.0	-0.888882
286.2	-1.19174
286.4	-1.37477
286.6	-0.745718
286.8	-0.372616
287.0	-0.666966
287.2	-0.44359
287.4	-0.701238
287.6	-0.010209
287.8	0.284627
288.0	0.273203
288.2	0.263967
288.4	-0.917078
288.6	-0.065384
288.8	-0.460605
289.0	-0.051772
289.2	0.400811
289.4	0.690786
289.6	0.35074
289.8	0.244765
290.0	-0.357789
290.2	-0.25473
290.4	-0.290461
290.6	1.11615
290.8	0.562935
291.0	-0.211222
291.2	-0.191534
291.4	0.349768
291.6	-0.239417
291.8	0.488557
292.0	0.347094
292.2	0.966176
292.4	0.843673
292.6	-0.135143
292.8	0.538142
293.0	0.148998
293.2	0.385741
293.4	0.423902
293.6	-0.091149
293.8	-0.50071
294.0	-1.63339
294.2	-0.590401
294.4	-1.39567
294.6	-1.6679
294.8	-0.581164
295.0	-1.33709
295.2	-0.304801
295.4	-0.503384
295.6	0.014584
295.8	-0.315496
296.0	-0.056877
296.2	-0.497307
296.4	-0.412721
296.6	0.125178
296.8	1.17861
297.0	1.08212
297.2	0.570956
297.4	0.739642
297.6	-0.4888
297.8	0.84902
298.0	-0.058821
298.2	-0.16504
298.4	0.225077
298.6	0.192992
298.8	-1.10594
299.0	-0.089933
299.2	0.133928
299.4	-0.338344
299.6	0.032084
299.8	-0.071704
300.0	-0.233584
300.2	-0.877701
300.4	-0.50703
300.6	-0.515537
300.8	-0.14122
301.0	-0.091635
301.2	-0.24914
301.4	-0.784851
301.6	-0.135143
301.8	-0.002917
302.0	-0.828117
302.2	-0.31185
302.4	-0.433625
302.6	-0.544219
302.8	0.429007
303.0	-0.533524
303.2	0.299211
303.4	-0.026737
303.6	-0.216569
303.8	0.087746
304.0	0.641444
304.2	0.494877
304.4	0.097954
304.6	0.735266
304.8	-0.078023
305.0	-0.109622
305.2	0.106705
305.4	-0.911973
305.6	-1.43116
305.8	0.023577
306.0	-1.22941
306.2	-0.285113
306.4	-0.604498
306.6	0.186673
306.8	-0.052745
307.0	0.483696
307.2	0.065384
307.4	0.389873
307.6	-0.688841
307.8	-0.691272
308.0	0.272231
308.2	0.512863
308.4	0.532309
308.6	-0.543976
308.8	-0.183027
309.0	-0.286572
309.2	0.802838
309.4	0.079968
309.6	-0.971038
309.8	-0.265425
310.0	0.471786
310.2	-0.907112
310.4	-0.626617
310.6	-0.564636
310.8	0.066599
311.0	-0.046911
311.2	-0.545434
311.4	0.163582
311.6	-0.543733
311.8	-0.257161
312.0	-0.559046
312.2	-0.294107
312.4	0.617381
312.6	0.386957
312.8	0.393276
313.0	-0.116184
313.2	-0.410291
313.4	-0.657
313.6	0.035487
313.8	0.565365
314.0	-0.558559
314.2	0.290218
314.4	-0.524044
314.6	0.306503
314.8	-0.285842
315.0	0.135629
315.2	0.828117
315.4	-0.454528
315.6	0.339802
315.8	-0.335184
316.0	-0.615922
316.2	-0.33883
316.4	-1.16403
316.6	0.616408
316.8	0.432653
317.0	0.039619
317.2	-0.286329
317.4	-0.09285
317.6	-0.199798
317.8	-0.359491
318.0	-0.027223
318.2	0.509218
318.4	0.257647
318.6	-0.942842
318.8	-0.629048
319.0	-0.350254
319.2	0.054446
319.4	0.124691
319.6	0.074134
319.8	0.0333
320.0	0.833464
320.2	0.46182
320.4	0.98708
320.6	0.219729
320.8	-0.201256
321.0	0.10792
321.2	0.583838
321.4	0.23407
321.6	0.939926
321.8	0.841242
322.0	-0.839297
322.2	-0.433139
322.4	-0.256675
322.6	-0.428277
322.8	0.574358
323.0	-0.169658
323.2	1.00021
323.4	0.802109
323.6	0.234799
323.8	-0.341018
324.0	0.160908
324.2	-0.95378
324.4	-0.125907
324.6	-1.35799
324.8	-0.850721
325.0	-0.43168
325.2	0.342476
325.4	0.515537
325.6	-0.271502
325.8	-0.503627
326.0	-0.295079

&

0.2	0.00316
0.4	-0.241409
0.6	-0.436394
0.8	-0.573772
1.0	-0.644551
1.2	-0.717761
1.4	-0.807742
1.6	-0.860534
1.8	-0.949786
2.0	-1.0072
2.2	-1.042
2.4	-1.18789
2.6	-1.1962
2.8	-1.21788
3.0	-1.17612
3.2	-1.03738
3.4	-1.08847
3.6	-1.18745
3.8	-1.17388
4.0	-1.20455
4.2	-1.12901
4.4	-1.16795
4.6	-1.2747
4.8	-1.2835
5.0	-1.17878
5.2	-1.13095
5.4	-1.07874
5.6	-1.2256
5.8	-1.17654
6.0	-1.16104
6.2	-1.12633
6.4	-1.19297
6.6	-1.17115
6.8	-1.15029
7.0	-1.10245
7.2	-0.938433
7.4	-0.863374
7.6	-0.72755
7.8	-0.676797
8.0	-0.781362
8.2	-0.878635
8.4	-0.960595
8.6	-1.09311
8.8	-1.1792
9.0	-1.19286
9.2	-1.09131
9.4	-1.10546
9.6	-1.08776
9.8	-1.0669
10.0	-0.967782
10.2	-0.92262
10.4	-1.1018
10.6	-1.10574
10.8	-1.0635
11.0	-1.16441
11.2	-1.3453
11.4	-1.23694
11.6	-1.22119
11.8	-1.07054
12.0	-1.01639
12.2	-0.695832
12.4	-0.938457
12.6	-0.932185
12.8	-1.00807
13.0	-0.880507
13.2	-0.801803
13.4	-0.817892
13.6	-1.04715
13.8	-0.939519
14.0	-0.785222
14.2	-0.670787
14.4	-0.808894
14.6	-0.793872
14.8	-0.889687
15.0	-0.682644
15.2	-0.777
15.4	-0.611036
15.6	-0.710253
15.8	-0.725371
16.0	-0.537045
16.2	-0.774322
16.4	-0.581863
16.6	-0.308951
16.8	-0.324312
17.0	-0.461204
17.2	-0.623132
17.4	-0.70339
17.6	-0.776843
17.8	-0.975473
18.0	-0.876351
18.2	-0.699935
18.4	-0.833424
18.6	-1.08893
18.8	-0.814804
19.0	-0.72905
19.2	-0.766286
19.4	-0.628517
19.6	-0.428037
19.8	-0.586805
20.0	-0.686266
20.2	-0.732739
20.4	-0.271452
20.6	-0.507514
20.8	-0.809447
21.0	-0.5973
21.2	-0.941525
21.4	-0.963935
21.6	-1.14531
21.8	-1.2771
22.0	-0.870741
22.2	-1.1243
22.4	-1.38662
22.6	-1.32323
22.8	-1.03622
23.0	-1.47353
23.2	-1.03266
23.4	-0.816629
23.6	-0.975153
23.8	-0.935582
24.0	-1.30581
24.2	-1.36809
24.4	-1.66054
24.6	-1.497
24.8	-1.45914
25.0	-1.09362
25.2	-0.780598
25.4	-0.347021
25.6	-0.739372
25.8	-0.461113
26.0	-1.00368
26.2	-0.765037
26.4	-0.651817
26.6	-0.616864
26.8	-0.859245
27.0	-0.533588
27.2	-0.243418
27.4	-0.668584
27.6	-0.427269
27.8	-0.780002
28.0	-0.605773
28.2	-0.83746
28.4	-0.5084
28.6	-0.340248
28.8	-0.498044
29.0	-0.476945
29.2	-0.57835
29.4	-0.900699
29.6	-0.855051
29.8	-0.947463
30.0	-0.63882
30.2	-0.404069
30.4	-0.936425
30.6	-0.820774
30.8	-0.794085
31.0	-0.787084
31.2	-0.862967
31.4	-0.569394
31.6	-0.568713
31.8	-0.587233
32.0	-0.411546
32.2	-0.307077
32.4	-0.148647
32.6	-0.378389
32.8	-1.02742
33.0	-1.07972
33.2	-1.04793
33.4	-0.656401
33.6	-0.860865
33.8	-0.424614
34.0	-0.536228
34.2	-0.859307
34.4	-0.922065
34.6	-0.864263
34.8	-0.7
35.0	-0.619351
35.2	-1.03212
35.4	-1.37853
35.6	-0.970234
35.8	-0.595235
36.0	-0.494898
36.2	-0.60797
36.4	-0.928132
36.6	-0.609766
36.8	-0.408558
37.0	-0.130784
37.2	-0.256495
37.4	-0.383422
37.6	-0.467813
37.8	-0.661825
38.0	-0.350022
38.2	-0.290519
38.4	-0.466788
38.6	-0.347005
38.8	-0.475876
39.0	-0.52162
39.2	-0.445346
39.4	-0.432025
39.6	-0.471935
39.8	-0.487539
40.0	-0.475433
40.2	-0.089253
40.4	-0.137184
40.6	-0.501584
40.8	-0.802787
41.0	-0.801376
41.2	-0.987367
41.4	-0.520004
41.6	-0.825582
41.8	-0.428464
42.0	-0.625636
42.2	-0.137613
42.4	-0.284228
42.6	-0.19021
42.8	-0.411931
43.0	-0.43191
43.2	-0.350775
43.4	-0.024145
43.6	-0.062354
43.8	-0.252477
44.0	-0.052484
44.2	-0.38091
44.4	-0.931496
44.6	-1.00957
44.8	-1.3098
45.0	-1.18321
45.2	-1.05127
45.4	-1.10625
45.6	-1.13255
45.8	-0.464662
46.0	-0.671556
46.2	-0.825463
46.4	-0.814572
46.6	-1.00518
46.8	-0.898282
47.0	-0.874752
47.2	-0.32815
47.4	-0.553761
47.6	-0.344288
47.8	-0.547293
48.0	-0.212157
48.2	-0.689338
48.4	-0.452398
48.6	-0.102921
48.8	-0.538052
49.0	-0.758072
49.2	-0.340051
49.4	0.067519
49.6	-0.603384
49.8	-0.645967
50.0	-0.456912
50.2	-0.679119
50.4	-0.228041
50.6	-0.664874
50.8	-0.864719
51.0	-0.664969
51.2	-0.61689
51.4	-0.246023
51.6	-0.168777
51.8	-0.510328
52.0	-0.329537
52.2	-0.619073
52.4	-0.078791
52.6	-0.298568
52.8	-0.755574
53.0	-0.529816
53.2	-0.739384
53.4	-0.745265
53.6	-0.4777
53.8	-0.40094
54.0	-0.413627
54.2	-0.76879
54.4	-0.294378
54.6	-0.002264
54.8	0.118734
55.0	0.077366
55.2	0.054227
55.4	0.220921
55.6	0.397094
55.8	0.109989
56.0	-0.557511
56.2	-0.354358
56.4	-0.49125
56.6	-0.611614
56.8	-0.784965
57.0	-1.46851
57.2	-0.911454
57.4	-0.768823
57.6	-0.457264
57.8	-0.726139
58.0	-0.645004
58.2	-0.479039
58.4	-0.740137
58.6	-0.529206
58.8	-0.27744
59.0	0.247286
59.2	0.216126
59.4	-0.398142
59.6	-0.259401
59.8	-0.457302
60.0	-0.337519
60.2	-0.263189
60.4	-0.542517
60.6	-0.341794
60.8	-0.204754
61.0	-0.285742
61.2	-0.612953
61.4	-1.09305
61.6	-0.982261
61.8	-0.839144
62.0	-0.516404
62.2	-0.84799
62.4	-1.13753
62.6	-0.344458
62.8	0.090334
63.0	0.324114
63.2	0.100934
63.4	0.149013
63.6	-0.357336
63.8	-0.63326
64.0	-0.551395
64.2	-0.239593
64.4	0.077071
64.6	-0.290488
64.8	0.134339
65.0	-0.572051
65.2	-0.086701
65.4	-0.236476
65.6	0.305994
65.8	0.013298
66.0	-0.409194
66.2	0.313143
66.4	0.049614
66.6	0.08238
66.8	0.167162
67.0	-0.241718
67.2	-0.128012
67.4	-0.36772
67.6	0.245238
67.8	0.05317
68.0	0.042185
68.2	0.360307
68.4	-0.143854
68.6	-0.166507
68.8	0.02741
69.0	0.358901
69.2	-0.044146
69.4	0.118902
69.6	0.02722
69.8	-0.097033
70.0	-0.687968
70.2	-0.46221
70.4	-0.41802
70.6	-0.370913
70.8	-0.578051
71.0	-0.842794
71.2	-0.780861
71.4	-0.00821
71.6	-0.084337
71.8	-0.569539
72.0	-0.635213
72.2	-0.54873
72.4	-0.319326
72.6	-0.565597
72.8	-0.375083
73.0	-0.054287
73.2	-0.297884
73.4	-0.084766
73.6	-0.090404
73.8	-0.35539
74.0	-0.013205
74.2	-0.060164
74.4	-0.481197
74.6	-1.04272
74.8	-0.784635
75.0	-0.686728
75.2	-0.542396
75.4	-0.049512
75.6	-0.308908
75.8	0.413429
76.0	0.056564
76.2	-0.445652
76.4	0.068379
76.6	-0.610301
76.8	-0.278325
77.0	-0.103124
77.2	-0.247308
77.4	-0.181242
77.6	-0.426055
77.8	-0.534022
78.0	-0.425907
78.2	-0.732943
78.4	-0.868134
78.6	-0.058052
78.8	-0.524052
79.0	-0.120858
79.2	0.456127
79.4	0.849356
79.6	0.458462
79.8	0.5763
80.0	0.304994
80.2	-0.289586
80.4	-0.092023
80.6	-0.072383
80.8	-0.525501
81.0	-0.51461
81.2	-0.495456
81.4	-0.047052
81.6	-0.645521
81.8	-0.727724
82.0	-0.613775
82.2	-0.128669
82.4	-0.133091
82.6	-0.571868
82.8	-0.696364
83.0	-0.864612
83.2	-1.13373
83.4	-0.660777
83.6	-0.088411
83.8	0.119361
84.0	-0.747936
84.2	-1.25477
84.4	-0.765046
84.6	-0.493106
84.8	-0.45791
85.0	-0.542786
85.2	-0.931006
85.4	-0.262143
85.6	-0.087186
85.8	-0.399813
86.0	0.209986
86.2	-0.408415
86.4	-1.13279
86.6	-1.10464
86.8	-0.189558
87.0	0.00047
87.2	-0.64248
87.4	-1.0922
87.6	-0.694591
87.8	-0.51939
88.0	-0.461589
88.2	-0.345695
88.4	-0.459982
88.6	-0.446905
88.8	-0.695849
89.0	0.419521
89.2	0.22089
89.4	0.245149
89.6	0.196246
89.8	-0.496289
90.0	-0.760547
90.2	-1.05835
90.4	-1.30802
90.6	-1.06039
90.8	-0.17617
91.0	-0.459873
91.2	-0.260122
91.4	-0.40382
91.6	-0.540469
91.8	-0.354817
92.0	-0.222152
92.2	-0.640511
92.4	-0.386801
92.6	-0.386119
92.8	-0.326373
93.0	0.291689
93.2	0.183478
93.4	-0.275959
93.6	-0.29764
93.8	-0.348487
94.0	-0.589897
94.2	-0.440947
94.4	-0.72392
94.6	-0.754107
94.8	-0.594463
95.0	-0.917541
95.2	-0.905679
95.4	-1.06615
95.6	-0.674135
95.8	-1.12993
96.0	-0.802567
96.2	-0.629311
96.4	0.066288
96.6	-0.496208
96.8	-0.123153
97.0	-0.38498
97.2	-0.79386
97.4	-0.702759
97.6	-0.461202
97.8	-0.583024
98.0	-0.707277
98.2	-0.952332
98.4	-0.855884
98.6	-1.18091
98.8	-1.1445
99.0	-0.953009
99.2	-0.316231
99.4	-0.306556
99.6	-0.189204
99.8	0.343057
100.0	0.268632
100.2	0.201742
100.4	0.359442
100.6	0.176368
100.8	0.467753
101.0	-0.95227
101.2	-0.491713
101.4	-0.559089
101.6	-0.667786
101.8	-0.914543
102.0	-1.14623
102.2	-1.21093
102.4	-0.359043
102.6	-1.24408
102.8	-0.815854
103.0	-0.773609
103.2	-0.226521
103.4	0.098893
103.6	-0.216165
103.8	-0.672928
104.0	-0.454705
104.2	-0.441384
104.4	-0.22389
104.6	0.615359
104.8	0.236862
105.0	0.487413
105.2	-0.551487
105.4	-0.557611
105.6	-0.067643
105.8	-1.31704
106.0	-0.922349
106.2	-0.496793
106.4	-0.787301
106.6	0.312998
106.8	0.248782
107.0	-0.033948
107.2	-1.21139
107.4	-0.456001
107.6	-0.091697
107.8	-0.486479
108.0	-0.915534
108.2	-0.013817
108.4	0.164544
108.6	-0.068358
108.8	-0.379284
109.0	-0.520308
109.2	0.033099
109.4	-0.654817
109.6	0.338535
109.8	-0.310735
110.0	-0.078171
110.2	-0.393715
110.4	-0.196395
110.6	0.030821
110.8	-0.259201
111.0	-0.359633
111.2	-0.323951
111.4	0.336648
111.6	0.747134
111.8	0.26096
112.0	0.217404
112.2	-0.079424
112.4	0.070012
112.6	-0.927324
112.8	-0.722956
113.0	-0.927906
113.2	-0.701661
113.4	-0.980746
113.6	-1.24549
113.8	-1.8583
114.0	-1.45097
114.2	-0.667628
114.4	-0.785804
114.6	-0.964503
114.8	0.0726
115.0	0.166861
115.2	-0.935235
115.4	-0.425336
115.6	-0.053497
115.8	-0.039204
116.0	-0.141581
116.2	-0.368407
116.4	-0.18713
116.6	-0.617156
116.8	-0.591682
117.0	-0.122132
117.2	-0.616813
117.4	-0.074343
117.6	-0.22825
117.8	-0.318474
118.0	-0.489881
118.2	-0.750979
118.4	-0.320075
118.6	-0.381375
118.8	-0.40816
119.0	-1.11892
119.2	-0.612914
119.4	-1.06044
119.6	-0.176954
119.8	-0.224642
120.0	-0.44053
120.2	-0.44714
120.4	-0.113219
120.6	0.275635
120.8	0.034225
121.0	-0.591467
121.2	-0.667837
121.4	-0.330026
121.6	0.133448
121.8	0.359692
122.0	-0.833796
122.2	-0.835059
122.4	-0.156961
122.6	0.090187
122.8	0.269763
123.0	0.146969
123.2	-0.711578
123.4	-0.701174
123.6	-0.190789
123.8	-0.129828
124.0	-0.25481
124.2	-0.846474
124.4	-0.178827
124.6	0.398644
124.8	0.761004
125.0	-0.299286
125.2	-0.764557
125.4	-0.599078
125.6	0.017283
125.8	0.199046
126.0	-0.215667
126.2	0.333608
126.4	-0.343128
126.6	-0.152614
126.8	-0.230685
127.0	-0.455566
127.2	-1.48426
127.4	-0.862792
127.6	-0.687834
127.8	-1.11178
128.0	-0.16826
128.2	-0.411128
128.4	-0.327319
128.6	-1.25951
128.8	0.315002
129.0	0.097413
129.2	0.323171
129.4	0.294442
129.6	-0.086486
129.8	0.17719
130.0	0.188323
130.2	0.320259
130.4	-0.696279
130.6	0.228529
130.8	-0.128822
131.0	-0.810662
131.2	-1.13909
131.4	-0.166153
131.6	0.342287
131.8	-0.202951
132.0	0.045169
132.2	0.670766
132.4	0.072783
132.6	-0.01574
132.8	-0.653099
133.0	-0.067608
133.2	0.157421
133.4	0.376617
133.6	-0.182233
133.8	-0.829559
134.0	-0.199343
134.2	-0.499817
134.4	-0.477989
134.6	-0.898536
134.8	-0.333705
135.0	-0.580705
135.2	-0.18383
135.4	-0.715457
135.6	0.158308
135.8	-0.622945
136.0	0.0255
136.2	-0.512447
136.4	-0.704271
136.6	-0.708694
136.8	-1.1132
137.0	-1.0306
137.2	-0.098019
137.4	-0.523184
137.6	-0.79449
137.8	0.054482
138.0	-0.807711
138.2	-0.932693
138.4	-0.755791
138.6	-0.083282
138.8	0.619366
139.0	0.585289
139.2	0.124151
139.4	-0.045312
139.6	0.60605
139.8	0.203976
140.0	-0.331054
140.2	-1.03987
140.4	-0.714217
140.6	-0.594921
140.8	-0.155996
141.0	0.444079
141.2	-0.498082
141.4	0.034179
141.6	0.307578
141.8	0.77883
142.0	0.057857
142.2	0.358721
142.4	0.52736
142.6	-0.632586
142.8	-0.141646
143.0	0.168212
143.2	0.661826
143.4	0.216973
143.6	0.349638
143.8	-0.340467
144.0	0.047901
144.2	0.41026
144.4	0.531258
144.6	-0.372499
144.8	-0.176151
145.0	-0.995079
145.2	-0.816232
145.4	0.152328
145.6	-0.840877
145.8	-0.208474
146.0	-0.69003
146.2	-0.188638
146.4	-0.087328
146.6	-1.15418
146.8	-1.06745
147.0	0.42758
147.2	0.061479
147.4	0.204596
147.6	-0.60388
147.8	0.160992
148.0	0.046462
148.2	0.397154
148.4	-0.317013
148.6	-0.708879
148.8	-0.234467
149.0	-0.778976
149.2	-0.499501
149.4	-1.19884
149.6	-0.293479
149.8	-0.13116
150.0	0.277625
150.2	-0.5204
150.4	-0.572706
150.6	-0.412818
150.8	-1.31269
151.0	-0.767299
151.2	0.178412
151.4	-0.79243
151.6	-0.726851
151.8	-0.519322
152.0	1.14343
152.2	1.03959
152.4	-0.073201
152.6	-0.664622
152.8	-0.732484
153.0	-0.782846
153.2	0.043035
153.4	0.072155
153.6	-0.168282
153.8	-0.580565
154.0	-0.08136
154.2	-0.150924
154.4	-0.290247
154.6	-1.17699
154.8	-0.319267
155.0	0.272545
155.2	0.335936
155.4	0.019663
155.6	-0.39821
155.8	0.294716
156.0	0.534085
156.2	0.296079
156.4	-0.06905
156.6	-0.273027
156.8	0.169543
157.0	0.053068
157.2	-0.131465
157.4	0.342218
157.6	-0.290766
157.8	-0.230291
158.0	-0.935222
158.2	-0.520361
158.4	-0.73795
158.6	-0.639071
158.8	-0.437862
159.0	-0.166165
159.2	-0.29212
159.4	-0.810864
159.6	-0.033353
159.8	-0.339903
160.0	-0.310297
160.2	0.41131
160.4	0.148511
160.6	-0.890875
160.8	-0.048708
161.0	-0.741729
161.2	-0.739589
161.4	-0.430704
161.6	-0.018273
161.8	-0.274023
162.0	0.104865
162.2	-0.099842
162.4	-1.12391
162.6	0.065346
162.8	-0.70181
163.0	-0.283788
163.2	-0.524955
163.4	-0.52403
163.6	-1.21851
163.8	-0.637393
164.0	-0.41917
164.2	-0.493352
164.4	-0.954733
164.6	-0.117671
164.8	-0.293454
165.0	0.038523
165.2	0.12768
165.4	0.163849
165.6	-0.932657
165.8	-0.590958
166.0	-0.25096
166.2	1.00466
166.4	0.017286
166.6	0.236968
166.8	-0.794883
167.0	-0.450997
167.2	-0.528581
167.4	-0.913155
167.6	-0.267384
167.8	0.830242
168.0	0.245871
168.2	1.41082
168.4	0.506096
168.6	0.554418
168.8	-0.019502
169.0	0.363275
169.2	-0.63795
169.4	-0.45254
169.6	-0.259596
169.8	-0.561042
170.0	-0.4048
170.2	-0.358179
170.4	-0.197076
170.6	-0.672312
170.8	-0.443638
171.0	0.436447
171.2	-0.497207
171.4	0.266693
171.6	0.753015
171.8	0.875229
172.0	0.123872
172.2	0.380256
172.4	1.03915
172.6	-0.012143
172.8	-0.078304
173.0	-0.145437
173.2	0.209388
173.4	-0.031049
173.6	-0.387671
173.8	-1.27441
174.0	-1.00418
174.2	-0.424516
174.4	-0.831452
174.6	-1.09206
174.8	-0.930231
175.0	-0.79076
175.2	-0.668304
175.4	-0.298652
175.6	-0.389849
175.8	-0.696642
176.0	-0.900377
176.2	-0.209153
176.4	0.011501
176.6	-0.26102
176.8	-0.580453
177.0	-0.524353
177.2	-0.910385
177.4	0.090988
177.6	-0.04955
177.8	-0.448708
178.0	-0.092911
178.2	-0.291541
178.4	-0.750006
178.6	0.231436
178.8	-0.037197
179.0	0.24325
179.2	0.004758
179.4	0.477468
179.6	0.403772
179.8	0.850475
180.0	0.073111
180.2	0.706972
180.4	0.221041
180.6	-0.092315
180.8	-0.24136
181.0	-0.14953
181.2	-0.479658
181.4	-0.452725
181.6	-0.513782
181.8	-0.16236
182.0	-0.140532
182.2	0.028836
182.4	-1.10194
182.6	-0.467109
182.8	-1.30937
183.0	-0.655578
183.2	-0.815804
183.4	-0.098086
183.6	-0.923091
183.8	-0.433123
184.0	-0.870441
184.2	-0.622564
184.4	-0.23444
184.6	-0.159867
184.8	0.523822
185.0	-0.056661
185.2	0.544873
185.4	0.619446
185.6	-0.04465
185.8	-0.577493
186.0	-0.458439
186.2	-1.30289
186.4	-0.904799
186.6	-0.15767
186.8	-0.74034
187.0	0.18544
187.2	-0.354694
187.4	0.8737
187.6	0.220784
187.8	-0.255424
188.0	-0.839796
188.2	-0.683554
188.4	-0.1423
188.6	0.002762
188.8	-0.47053
189.0	-0.233591
189.2	-0.074675
189.4	-0.49425
189.6	-0.724236
189.8	0.04963
190.0	-0.415641
190.2	-0.53163
190.4	-1.07468
190.6	-0.614609
190.8	-0.514515
191.0	0.254246
191.2	0.860642
191.4	0.381516
191.6	-0.218898
191.8	0.310204
192.0	-0.075829
192.2	-0.733362
192.4	-0.963348
192.6	-0.693109
192.8	-0.969034
193.0	-1.03981
193.2	-0.216362
193.4	0.28187
193.6	0.827256
193.8	0.381917
194.0	0.993659
194.2	-0.049373
194.4	-0.956046
194.6	-1.26187
194.8	-1.82509
195.0	-0.130017
195.2	-1.07558
195.4	0.026663
195.6	-0.93397
195.8	-0.68901
196.0	-0.409292
196.2	-0.634416
196.4	0.853326
196.6	-0.16151
196.8	-0.393197
197.0	0.063471
197.2	0.246207
197.4	0.609053
197.6	-0.73392
197.8	-0.297426
198.0	0.385048
198.2	0.189335
198.4	-0.208607
198.6	-0.036566
198.8	-0.159847
199.0	-0.3682
199.2	-0.925591
199.4	-0.66386
199.6	-0.704256
199.8	-0.225712
200.0	-0.373299
200.2	-0.954511
200.4	-0.343498
200.6	0.031987
200.8	-0.446166
201.0	0.023142
201.2	-1.03836
201.4	-0.165814
201.6	0.480687
201.8	0.501057
202.0	-0.121719
202.2	0.665515
202.4	0.051004
202.6	0.201412
202.8	0.714228
203.0	0.832066
203.2	0.637568
203.4	0.168408
203.6	-0.045049
203.8	-0.023221
204.0	-0.287478
204.2	-0.0046
204.4	0.356058
204.6	0.966099
204.8	0.5018
205.0	-0.080141
205.2	-0.371621
205.4	-0.399378
205.6	-0.405502
205.8	0.017623
206.0	-0.50501
206.2	-0.391061
206.4	-0.347844
206.6	-1.25962
206.8	-0.223491
207.0	-0.121209
207.2	0.123751
207.4	1.48826
207.6	0.67225
207.8	0.972142
208.0	0.362492
208.2	0.835203
208.4	0.197114
208.6	0.167656
208.8	0.160316
209.0	0.972586
209.2	0.367554
209.4	0.094789
209.6	-0.291243
209.8	-0.261394
210.0	0.819947
210.2	0.529682
210.4	-0.241363
210.6	-0.816255
210.8	-0.302467
211.0	0.033156
211.2	0.475727
211.4	0.699783
211.6	-0.333526
211.8	0.649131
212.0	0.506891
212.2	0.496392
212.4	-0.520876
212.6	-0.290985
212.8	-0.854211
213.0	-0.125798
213.2	0.355663
213.4	0.00609
213.6	-1.3607
213.8	-1.55496
214.0	0.206961
214.2	-0.111014
214.4	0.34371
214.6	0.302099
214.8	-0.442938
215.0	0.117032
215.2	-0.463937
215.4	-0.183246
215.6	-0.925123
215.8	-0.228308
216.0	-0.913794
216.2	-0.394659
216.4	0.119372
216.6	0.012863
216.8	-0.175316
217.0	-0.6401
217.2	-0.298158
217.4	-1.05972
217.6	-0.752295
217.8	-0.594109
218.0	-0.243659
218.2	-0.021304
218.4	0.632975
218.6	-0.538881
218.8	-0.546463
219.0	-0.995692
219.2	-1.02102
219.4	-0.868179
219.6	-1.35071
219.8	-0.327702
220.0	-0.603383
220.2	0.750675
220.4	-0.587193
220.6	-1.03958
220.8	-0.512668
221.0	0.338492
221.2	0.310735
221.4	-0.327111
221.6	-0.477857
221.8	0.109336
222.0	-0.808519
222.2	-0.821449
222.4	-0.560446
222.6	0.548847
222.8	0.464456
223.0	-0.483052
223.2	-0.087879
223.4	-0.059974
223.6	0.735038
223.8	0.196362
224.0	0.139924
224.2	-1.39118
224.4	-1.05847
224.6	-1.16158
224.8	-0.616194
225.0	-0.370747
225.2	-0.274056
225.4	-0.580849
225.6	-0.146057
225.8	0.259325
226.0	0.092779
226.2	0.017868
226.4	1.40109
226.6	0.804812
226.8	0.762957
227.0	-0.754777
227.2	0.793488
227.4	0.385337
227.6	-0.086983
227.8	-0.597706
228.0	-0.703729
228.2	0.092255
228.4	-0.210892
228.6	-0.909018
228.8	0.01895
229.0	0.081613
229.2	0.280391
229.4	-1.22081
229.6	-0.464936
229.8	0.446989
230.0	0.1786
230.2	0.399011
230.4	0.40431
230.6	-0.713585
230.8	-1.12806
231.0	-0.271791
231.2	-0.873907
231.4	0.224449
231.6	0.09898
231.8	0.434846
232.0	0.539559
232.2	-0.39847
232.4	0.587104
232.6	-0.973896
232.8	-0.825918
233.0	-1.38112
233.2	-0.513191
233.4	-0.932766
233.6	0.00614
233.8	-0.252284
234.0	-0.613767
234.2	-0.500547
234.4	-0.995715
234.6	-0.791589
234.8	-0.397388
235.0	-0.935821
235.2	-0.49325
235.4	0.419891
235.6	-0.406329
235.8	-0.188592
236.0	-0.777582
236.2	-0.978643
236.4	-0.671945
236.6	0.143242
236.8	-0.313765
237.0	-1.35607
237.2	0.680026
237.4	-0.510546
237.6	-0.227911
237.8	-0.498974
238.0	-0.190088
238.2	-0.743105
238.4	0.122882
238.6	0.082486
238.8	0.403768
239.0	-0.199806
239.2	-0.437569
239.4	-0.198686
239.6	-0.798127
239.8	-0.6256
240.0	-0.739401
240.2	-0.117693
240.4	0.243208
240.6	-0.160082
240.8	-0.717716
241.0	-0.489771
241.2	0.017941
241.4	0.505235
241.6	-0.533665
241.8	0.746502
242.0	0.538878
242.2	0.052704
242.4	0.220613
242.6	-0.065034
242.8	-0.295263
243.0	0.510931
243.2	-0.984199
243.4	-1.12668
243.6	-1.05843
243.8	0.262329
244.0	-0.172315
244.2	-0.054964
244.4	-1.20713
244.6	0.01227
244.8	-1.12483
245.0	-0.438465
245.2	-1.57702
245.4	-1.09094
245.6	-0.40944
245.8	0.145426
246.0	-0.459363
246.2	0.354851
246.4	-0.074447
246.6	-0.561593
246.8	-0.532716
247.0	0.59748
247.2	-0.213183
247.4	0.763154
247.6	-0.21741
247.8	0.35763
248.0	0.169208
248.2	0.357534
248.4	-0.379481
248.6	-1.11844
248.8	-0.742227
249.0	0.069557
249.2	0.488064
249.4	-0.506841
249.6	0.802007
249.8	0.58223
250.0	-1.69751
250.2	-1.45401
250.4	-0.519719
250.6	-0.021001
250.8	-0.845519
251.0	-0.017936
251.2	0.204662
251.4	0.366008
251.6	-0.375625
251.8	-0.808082
252.0	-0.019876
252.2	-0.286807
252.4	-0.804093
252.6	0.028108
252.8	0.505679
253.0	0.425178
253.2	0.52989
253.4	0.839262
253.6	0.084017
253.8	-0.39924
254.0	-0.681727
254.2	-1.24106
254.4	-0.351257
254.6	-0.809479
254.8	-0.24489
255.0	-0.037848
255.2	0.06492
255.4	0.283872
255.6	0.597863
255.8	0.429615
256.0	0.308522
256.2	0.065897
256.4	-0.482501
256.6	-0.705681
256.8	-0.268458
257.0	-1.42476
257.2	-1.38348
257.4	-1.05929
257.6	0.11369
257.8	-0.772566
258.0	-1.01349
258.2	-0.258096
258.4	-0.552251
258.6	-0.34691
258.8	0.294
259.0	-0.230821
259.2	0.650965
259.4	0.092844
259.6	0.132902
259.8	0.017642
260.0	-0.168592
260.2	-0.123916
260.4	-0.555644
260.6	-0.706634
260.8	-0.444173
261.0	0.16757
261.2	0.008802
261.4	0.166259
261.6	-0.264983
261.8	0.041229
262.0	-0.321469
262.2	-0.661805
262.4	-0.972245
262.6	-0.042089
262.8	0.129709
263.0	0.267721
263.2	-1.12727
263.4	-0.561463
263.6	-0.650472
263.8	-0.017582
264.0	0.328735
264.2	0.634947
264.4	0.873831
264.6	-0.014856
264.8	0.371324
265.0	0.057238
265.2	0.278378
265.4	-0.833684
265.6	-0.26545
265.8	-0.463837
266.0	-0.314887
266.2	-1.01496
266.4	-0.684195
266.6	0.472738
266.8	1.09202
267.0	0.359619
267.2	0.64274
267.4	0.415428
267.6	0.782892
267.8	1.14063
268.0	0.9053
268.2	0.131096
268.4	0.152438
268.6	0.509208
268.8	-0.060094
269.0	-0.543838
269.2	-0.424298
269.4	-0.61831
269.6	-0.93507
269.8	-0.517048
270.0	0.539743
270.2	0.600218
270.4	-0.352394
270.6	0.024549
270.8	-0.443638
271.0	0.17491
271.2	0.464594
271.4	-0.470032
271.6	-0.357542
271.8	-0.032614
272.0	-0.310726
272.2	0.858118
272.4	0.484239
272.6	0.661871
272.8	0.10618
273.0	0.201657
273.2	0.130391
273.4	0.281772
273.6	-0.027209
273.8	-0.024097
274.0	0.595667
274.2	0.538743
274.4	0.434664
274.6	-0.095505
274.8	-0.147325
275.0	-0.758434
275.2	-0.804906
275.4	-1.20528
275.6	-0.37721
275.8	-0.409099
276.0	-0.656099
276.2	0.248778
276.4	-1.06964
276.6	-0.953751
276.8	-1.39301
277.0	-0.714429
277.2	-0.247309
277.4	0.184809
277.6	0.583385
277.8	-0.530864
278.0	-0.995163
278.2	-0.528286
278.4	0.419127
278.6	-0.376466
278.8	-0.787777
279.0	-0.4891
279.2	0.165422
279.4	0.902099
279.6	0.669926
279.8	-0.325223
280.0	-0.202037
280.2	-0.061108
280.4	-0.372763
280.6	-0.731086
280.8	-0.587969
281.0	-0.174323
281.2	0.504018
281.4	0.315597
281.6	0.290271
281.8	0.288278
282.0	0.050272
282.2	0.383221
282.4	0.638876
282.6	-0.01088
282.8	-0.705845
283.0	0.723805
283.2	0.662262
283.4	-0.659806
283.6	-0.290641
283.8	0.306275
284.0	0.072886
284.2	-0.117237
284.4	0.44565
284.6	0.950202
284.8	0.203221
285.0	0.684925
285.2	-0.401373
285.4	-0.546529
285.6	-0.154759
285.8	0.610114
286.0	-0.757651
286.2	-0.751136
286.4	-0.129185
286.6	-0.705535
286.8	0.082671
287.0	0.804278
287.2	0.549014
287.4	0.602684
287.6	-0.376666
287.8	-0.076773
288.0	-0.337385
288.2	0.389084
288.4	0.15448
288.6	-0.26631
288.8	0.154628
289.0	0.256667
289.2	0.489717
289.4	-0.35449
289.6	-1.08348
289.8	-0.493617
290.0	-0.846836
290.2	-0.907649
290.4	-0.544803
290.6	-0.895348
290.8	-1.62264
291.0	-1.01187
291.2	-1.39085
291.4	0.111715
291.6	-0.77843
291.8	0.425415
292.0	0.204423
292.2	0.008952
292.4	0.185854
292.6	-0.183163
292.8	-0.419468
293.0	-0.782166
293.2	0.075313
293.4	-0.938065
293.6	0.481377
293.8	-0.427485
294.0	-0.855324
294.2	-0.86558
294.4	-1.20105
294.6	0.044111
294.8	-0.077712
295.0	0.251348
295.2	-0.291946
295.4	0.090345
295.6	0.233462
295.8	0.398454
296.0	0.254756
296.2	-0.42757
296.4	0.338031
296.6	-1.01029
296.8	0.585131
297.0	0.346882
297.2	0.145578
297.4	-0.825021
297.6	-1.19574
297.8	-0.696293
298.0	-1.17663
298.2	0.824215
298.4	0.134354
298.6	-0.458768
298.8	-1.2196
299.0	-0.649425
299.2	-0.421965
299.4	0.249328
299.6	-1.19111
299.8	-0.643539
300.0	-0.961999
300.2	0.258131
300.4	-0.742122
300.6	-0.327261
300.8	0.071315
301.0	-0.334162
301.2	-0.065139
301.4	-0.596036
301.6	0.470478
301.8	-0.229349
302.0	-0.42798
302.2	0.931183
302.4	0.709461
302.6	1.03001
302.8	-0.540465
303.0	-0.214565
303.2	0.654581
303.4	-0.50901
303.6	0.13506
303.8	0.80295
304.0	0.380702
304.2	0.482984
304.4	0.413906
304.6	-0.249947
304.8	-0.245377
305.0	-0.025209
305.2	0.865327
305.4	0.354846
305.6	0.41362
305.8	-0.681184
306.0	-1.40483
306.2	-0.649195
306.4	-0.597471
306.6	-1.02652
306.8	-0.297383
307.0	-0.569661
307.2	-0.181051
307.4	-1.69417
307.6	-0.676509
307.8	-0.21109
308.0	-0.651326
308.2	-0.550745
308.4	-0.885248
308.6	-0.546708
308.8	-0.503491
309.0	-0.809555
309.2	-0.471502
309.4	-1.09647
309.6	-0.021201
309.8	0.365222
310.0	-0.676351
310.2	-0.09961
310.4	-0.396195
310.6	0.368192
310.8	0.421132
311.0	0.886064
311.2	-0.363815
311.4	0.650441
311.6	-0.911289
311.8	-0.44271
312.0	1.11746
312.2	0.228535
312.4	0.225328
312.6	-1.29241
312.8	-1.00686
313.0	-0.645711
313.2	1.05641
313.4	-0.853625
313.6	-0.978607
313.8	-0.006888
314.0	0.118485
314.2	-0.503805
314.4	-0.467636
314.6	-0.72922
314.8	-0.683571
315.0	-1.46191
315.2	0.020974
315.4	-0.283632
315.6	0.540791
315.8	-0.525575
316.0	0.240998
316.2	1.22463
316.4	0.510703
316.6	-0.441909
316.8	-0.571023
317.0	-0.18217
317.2	0.54916
317.4	-0.329561
317.6	0.200026
317.8	0.231819
318.0	0.106594
318.2	0.552325
318.4	0.094346
318.6	0.103778
318.8	-0.598237
319.0	-0.303449
319.2	-0.990879
319.4	-0.38254
319.6	0.24403
319.8	-0.181865
320.0	-0.812904
320.2	-0.435961
320.4	0.317488
320.6	0.325704
320.8	0.306941
321.0	-1.00686
321.2	-1.04313
321.4	-0.678095
321.6	-0.349035
321.8	-0.842987
322.0	-0.43882
322.2	-0.229591
322.4	-0.05123
322.6	-0.110585
322.8	-0.157058
323.0	0.740284
323.2	-0.030517
323.4	0.355663
323.6	0.622742
323.8	0.878883
324.0	0.392223
324.2	0.948304
324.4	-0.490435
324.6	-0.507984
324.8	-0.694947
325.0	-0.865139
325.2	-0.907966
325.4	0.173132
325.6	0.056414
325.8	-0.951131
326.0	-0.565923

&

0.2	5.8e-05
0.4	0.03449
0.6	0.125588
0.8	0.261672
1.0	0.429206
1.2	0.613636
1.4	0.814975
1.6	1.03682
1.8	1.27102
2.0	1.52598
2.2	1.79334
2.4	2.0694
2.6	2.37927
2.8	2.69083
3.0	3.00793
3.2	3.31536
3.4	3.59081
3.6	3.87584
3.8	4.1861
4.0	4.49319
4.2	4.80593
4.4	5.10137
4.6	5.40745
4.8	5.73823
5.0	6.0697
5.2	6.3768
5.4	6.67257
5.6	6.95482
5.8	7.27369
6.0	7.58037
6.2	7.88337
6.4	8.17759
6.6	8.48962
6.8	8.79309
7.0	9.09268
7.2	9.37989
7.4	9.63041
7.6	9.86408
7.8	10.0643
8.0	10.2531
8.2	10.4667
8.4	10.7048
8.6	10.9585
8.8	11.2433
9.0	11.549
9.2	11.8569
9.4	12.1445
9.6	12.4334
9.8	12.7203
10.0	12.9988
10.2	13.2559
10.4	13.5046
10.6	13.7904
10.8	14.0737
11.0	14.3555
11.2	14.657
11.4	15.0015
11.6	15.3179
11.8	15.6308
12.0	15.9123
12.2	16.1808
12.4	16.3714
12.6	16.6188
12.8	16.8671
13.0	17.1345
13.2	17.3642
13.4	17.5787
13.6	17.7969
13.8	18.0709
14.0	18.3132
14.2	18.5283
14.4	18.7142
14.6	18.9323
14.8	19.1479
15.0	19.3841
15.2	19.5687
15.4	19.7828
15.6	19.9577
15.8	20.1538
16.0	20.3559
16.2	20.5081
16.4	20.7167
16.6	20.8815
16.8	20.9824
17.0	21.0888
17.2	21.2232
17.4	21.3995
17.6	21.5895
17.8	21.8019
18.0	22.0553
18.2	22.2862
18.4	22.4776
18.6	22.7022
18.8	22.9791
19.0	23.1951
19.2	23.3934
19.4	23.6032
19.6	23.7865
19.8	23.9169
20.0	24.0842
20.2	24.2685
20.4	24.4679
20.6	24.5596
20.8	24.7098
21.0	24.9246
21.2	25.094
21.4	25.3425
21.6	25.5926
21.8	25.8888
22.0	26.2163
22.2	26.451
22.4	26.7387
22.6	27.09
22.8	27.4216
23.0	27.6968
23.2	28.0693
23.4	28.3366
23.6	28.5519
23.8	28.804
24.0	29.044
24.2	29.3781
24.4	29.7257
24.6	30.1401
24.8	30.5157
25.0	30.8805
25.2	31.1659
25.4	31.371
25.6	31.4721
25.8	31.6744
26.0	31.8107
26.2	32.0709
26.4	32.2728
26.6	32.4453
26.8	32.6179
27.0	32.8434
27.2	32.9867
27.4	33.0667
27.6	33.2482
27.8	33.3844
28.0	33.5955
28.2	33.7677
28.4	33.9858
28.6	34.1236
28.8	34.2321
29.0	34.3745
29.2	34.5152
29.4	34.678
29.6	34.9126
29.8	35.1444
30.0	35.3949
30.2	35.5696
30.4	35.6884
30.6	35.935
30.8	36.1516
31.0	36.3619
31.2	36.5697
31.4	36.7934
31.6	36.9549
31.8	37.1099
32.0	37.2675
32.2	37.3817
32.4	37.4748
32.6	37.5346
32.8	37.6398
33.0	37.9055
33.2	38.1821
33.4	38.452
33.6	38.6268
33.8	38.848
34.0	38.9771
34.2	39.1348
34.4	39.3663
34.6	39.6064
34.8	39.8318
35.0	40.0305
35.2	40.2
35.4	40.4647
35.6	40.8165
35.8	41.0627
36.0	41.2332
36.2	41.3802
36.4	41.5496
36.6	41.7927
36.8	41.9566
37.0	42.0773
37.2	42.133
37.4	42.2241
37.6	42.3392
37.8	42.4755
38.0	42.6569
38.2	42.7584
38.4	42.8588
38.6	42.9942
38.8	43.1105
39.0	43.25
39.2	43.411
39.4	43.5491
39.6	43.6754
39.8	43.8195
40.0	43.9585
40.2	44.0953
40.4	44.1441
40.6	44.2019
40.8	44.3452
41.0	44.5517
41.2	44.7699
41.4	45.0226
41.6	45.1632
41.8	45.3782
42.0	45.5084
42.2	45.6774
42.4	45.7394
42.6	45.8288
42.8	45.8879
43.0	46.0004
43.2	46.1125
43.4	46.2279
43.6	46.2576
43.8	46.301
44.0	46.3959
44.2	46.4333
44.4	46.5411
44.6	46.7952
44.8	47.0509
45.0	47.3878
45.2	47.6753
45.4	47.9419
45.6	48.2268
45.8	48.5077
46.0	48.6362
46.2	48.81
46.4	49.022
46.6	49.2403
46.8	49.5045
47.0	49.7334
47.2	49.9644
47.4	50.0601
47.6	50.209
47.8	50.3148
48.0	50.4691
48.2	50.5439
48.4	50.7271
48.6	50.8561
48.8	50.9031
49.0	51.0488
49.2	51.2495
49.4	51.3449
49.6	51.3498
49.8	51.5132
50.0	51.6888
50.2	51.8065
50.4	51.9952
50.6	52.0644
50.8	52.2489
51.0	52.4673
51.2	52.6466
51.4	52.8188
51.6	52.9013
51.8	52.9645
52.0	53.111
52.2	53.2139
52.4	53.3736
52.6	53.4134
52.8	53.5055
53.0	53.7032
53.2	53.8488
53.4	54.0486
53.6	54.2396
53.8	54.367
54.0	54.4896
54.2	54.6122
54.4	54.8113
54.6	54.9157
54.8	54.9423
55.0	54.9395
55.2	54.9455
55.4	54.9545
55.6	54.9231
55.8	54.8526
56.0	54.8533
56.2	55.0088
56.4	55.1136
56.6	55.254
56.8	55.4253
57.0	55.6386
57.2	56.0019
57.4	56.2401
57.6	56.4323
57.8	56.5615
58.0	56.7484
58.2	56.9141
58.4	57.0566
58.6	57.2565
58.8	57.4105
59.0	57.5047
59.2	57.4687
59.4	57.4375
59.6	57.5505
59.8	57.6274
60.0	57.7622
60.2	57.8681
60.4	57.9527
60.6	58.0991
60.8	58.2122
61.0	58.2805
61.2	58.3813
61.4	58.5385
61.6	58.8143
61.8	59.0674
62.0	59.2755
62.2	59.4191
62.4	59.6414
62.6	59.9249
62.8	60.0278
63.0	60.0305
63.2	59.9745
63.4	59.9796
63.6	59.9777
63.8	60.0873
64.0	60.2512
64.2	60.4072
64.4	60.4949
64.6	60.5022
64.8	60.5999
65.0	60.5938
65.2	60.7407
65.4	60.7831
65.6	60.8575
65.8	60.7993
66.0	60.8165
66.2	60.933
66.4	60.8851
66.6	60.8914
66.8	60.8881
67.0	60.872
67.2	60.9597
67.4	61.0104
67.6	61.1147
67.8	61.08
68.0	61.0941
68.2	61.1147
68.4	61.0595
68.6	61.1159
68.8	61.172
69.0	61.1878
69.2	61.1283
69.4	61.1587
69.6	61.1553
69.8	61.1739
70.0	61.2222
70.2	61.4193
70.4	61.5621
70.6	61.6821
70.8	61.7971
71.0	61.9528
71.2	62.1673
71.4	62.3753
71.6	62.3942
71.8	62.4328
72.0	62.5929
72.2	62.7678
72.4	62.9081
72.6	62.9998
72.8	63.1527
73.0	63.2619
73.2	63.2942
73.4	63.3749
73.6	63.4108
73.8	63.4505
74.0	63.5535
74.2	63.5781
74.4	63.61
74.6	63.7407
74.8	64.0132
75.0	64.2295
75.2	64.4159
75.4	64.5612
75.6	64.5959
75.8	64.682
76.0	64.6134
76.2	64.6282
76.4	64.7557
76.6	64.7615
76.8	64.926
77.0	65.0161
77.2	65.066
77.4	65.1495
77.6	65.2117
77.8	65.3433
78.0	65.4978
78.2	65.6265
78.4	65.7974
78.6	66.0149
78.8	66.0381
79.0	66.1686
79.2	66.203
79.4	66.1262
79.6	65.9532
79.8	65.8691
80.0	65.7529
80.2	65.7107
80.4	65.8057
80.6	65.8456
80.8	65.8874
81.0	66.0427
81.2	66.1839
81.4	66.3188
81.6	66.3541
81.8	66.5337
82.0	66.7248
82.2	66.8821
82.4	66.9248
82.6	66.9688
82.8	67.1132
83.0	67.3062
83.2	67.5403
83.4	67.8145
83.6	67.9931
83.8	68.0336
84.0	68.0149
84.2	68.2143
84.4	68.5409
84.6	68.7389
84.8	68.8805
85.0	69.0193
85.2	69.1673
85.4	69.4086
85.6	69.4921
85.8	69.5374
86.0	69.6564
86.2	69.6344
86.4	69.7544
86.6	70.0424
86.8	70.3135
87.0	70.3943
87.2	70.4188
87.4	70.5693
87.6	70.8276
87.8	71.0082
88.0	71.1524
88.2	71.2888
88.4	71.3913
88.6	71.5123
88.8	71.6332
89.0	71.8213
89.2	71.7512
89.4	71.7174
89.6	71.682
89.8	71.6378
90.0	71.7707
90.2	71.98
90.4	72.2508
90.6	72.5804
90.8	72.8516
91.0	72.908
91.2	73.0355
91.4	73.1181
91.6	73.2376
91.8	73.3983
92.0	73.497
92.2	73.5581
92.4	73.7353
92.6	73.8453
92.8	73.9598
93.0	74.0549
93.2	74.0204
93.4	73.995
93.6	74.0871
93.8	74.1712
94.0	74.2733
94.2	74.4217
94.4	74.5393
94.6	74.7223
94.8	74.9212
95.0	75.064
95.2	75.3034
95.4	75.5278
95.6	75.8015
95.8	75.9722
96.0	76.2449
96.2	76.4549
96.4	76.6149
96.6	76.612
96.8	76.735
97.0	76.7902
97.2	76.9013
97.4	77.0914
97.6	77.2724
97.8	77.3973
98.0	77.5588
98.2	77.7357
98.4	77.9745
98.6	78.1954
98.8	78.5027
99.0	78.8052
99.2	79.0344
99.4	79.1271
99.6	79.2117
99.8	79.2752
100.0	79.2291
100.2	79.1957
100.4	79.1699
100.6	79.1151
100.8	79.0899
101.0	78.9988
101.2	79.2368
101.4	79.3809
101.6	79.5241
101.8	79.7053
102.0	79.9333
102.2	80.2332
102.4	80.5335
102.6	80.6352
102.8	80.9489
103.0	81.1509
103.2	81.3648
103.4	81.4421
103.6	81.4425
103.8	81.5153
104.0	81.6886
104.2	81.8206
104.4	81.9557
104.6	82.0371
104.8	81.9226
105.0	81.8699
105.2	81.76
105.4	81.9108
105.6	82.0538
105.8	82.09
106.0	82.4232
106.2	82.6693
106.4	82.8165
106.6	83.023
106.8	82.9839
107.0	82.9364
107.2	82.946
107.4	83.2693
107.6	83.3939
107.8	83.4387
108.0	83.5598
108.2	83.7957
108.4	83.8138
108.6	83.7897
108.8	83.8309
109.0	83.9142
109.2	84.0488
109.4	84.0678
109.6	84.2359
109.8	84.1811
110.0	84.275
110.2	84.3285
110.4	84.4382
110.6	84.5069
110.8	84.5169
111.0	84.5872
111.2	84.6687
111.4	84.7361
111.6	84.6635
111.8	84.5119
112.0	84.4686
112.2	84.4348
112.4	84.4687
112.6	84.4845
112.8	84.7114
113.0	84.9138
113.2	85.144
113.4	85.3203
113.6	85.5576
113.8	85.8689
114.0	86.3113
114.2	86.6647
114.4	86.8196
114.6	87.02
114.8	87.2674
115.0	87.2603
115.2	87.2392
115.4	87.4811
115.6	87.6015
115.8	87.6306
116.0	87.6702
116.2	87.7175
116.4	87.8219
116.6	87.8725
116.8	88.0139
117.0	88.1837
117.2	88.2187
117.4	88.3769
117.6	88.4048
117.8	88.4908
118.0	88.5705
118.2	88.7047
118.4	88.894
118.6	88.9881
118.8	89.0846
119.0	89.1962
119.2	89.467
119.4	89.6203
119.6	89.8902
119.8	89.9632
120.0	90.0334
120.2	90.1492
120.4	90.2756
120.6	90.3081
120.8	90.2655
121.0	90.2865
121.2	90.4583
121.4	90.6174
121.6	90.7011
121.8	90.688
122.0	90.6188
122.2	90.8306
122.4	91.0492
122.6	91.0967
122.8	91.1132
123.0	91.0646
123.2	91.0577
123.4	91.2366
123.6	91.4077
123.8	91.4504
124.0	91.4931
124.2	91.565
124.4	91.7782
124.6	91.8421
124.8	91.7505
125.0	91.604
125.2	91.6872
125.4	91.8635
125.6	92.0269
125.8	92.0345
126.0	91.9881
126.2	92.0535
126.4	91.9989
126.6	92.0873
126.8	92.1325
127.0	92.227
127.2	92.3501
127.4	92.6936
127.6	92.92
127.8	93.0875
128.0	93.3569
128.2	93.4293
128.4	93.542
128.6	93.6469
128.8	93.9544
129.0	93.8843
129.2	93.8867
129.4	93.8235
129.6	93.7788
129.8	93.8091
130.0	93.7838
130.2	93.7521
130.4	93.7177
130.6	93.8725
130.8	93.8388
131.0	93.8717
131.2	94.0888
131.4	94.3779
131.6	94.4332
131.8	94.3469
132.0	94.4081
132.2	94.4005
132.4	94.2581
132.6	94.2504
132.8	94.2507
133.0	94.4176
133.2	94.4515
133.4	94.442
133.6	94.3735
133.8	94.4328
134.0	94.6476
134.2	94.6854
134.4	94.8221
134.6	94.9394
134.8	95.1687
135.0	95.267
135.2	95.4273
135.4	95.4758
135.6	95.6606
135.8	95.6464
136.0	95.8029
136.2	95.812
136.4	95.9402
136.6	96.1158
136.8	96.3101
137.0	96.5879
137.2	96.8248
137.4	96.8607
137.6	97.0039
137.8	97.1994
138.0	97.2078
138.2	97.4207
138.4	97.6673
138.6	97.8602
138.8	97.886
139.0	97.7433
139.2	97.6209
139.4	97.6084
139.6	97.6487
139.8	97.535
140.0	97.4931
140.2	97.5704
140.4	97.8364
140.6	98.0285
140.8	98.1719
141.0	98.2247
141.2	98.1357
141.4	98.2425
141.6	98.2526
141.8	98.1952
142.0	98.0153
142.2	98.011
142.4	97.9351
142.6	97.8228
142.8	97.9924
143.0	98.0523
143.2	98.0348
143.4	97.8919
143.6	97.8665
143.8	97.8058
144.0	97.8999
144.2	97.8916
144.4	97.7895
144.6	97.6764
144.8	97.7905
145.0	97.8436
145.2	98.0841
145.4	98.2961
145.6	98.279
145.8	98.4941
146.0	98.5495
146.2	98.7151
146.4	98.7665
146.6	98.7853
146.8	99.0657
147.0	99.3373
147.2	99.2601
147.4	99.2557
147.6	99.235
147.8	99.4117
148.0	99.3931
148.2	99.4137
148.4	99.3194
148.6	99.4136
148.8	99.6123
149.0	99.6963
149.2	99.9087
149.4	100.033
149.6	100.342
149.8	100.425
150.0	100.465
150.2	100.417
150.4	100.557
150.6	100.709
150.8	100.827
151.0	101.16
151.2	101.36
151.4	101.317
151.6	101.505
151.8	101.682
152.0	101.816
152.2	101.575
152.4	101.352
152.6	101.374
152.8	101.556
153.0	101.738
153.2	101.942
153.4	101.954
153.6	101.95
153.8	102.009
154.0	102.123
154.2	102.159
154.4	102.223
154.6	102.318
154.8	102.617
155.0	102.709
155.2	102.651
155.4	102.562
155.6	102.566
155.8	102.677
156.0	102.634
156.2	102.491
156.4	102.441
156.6	102.471
156.8	102.554
157.0	102.559
157.2	102.552
157.4	102.595
157.6	102.516
157.8	102.596
158.0	102.663
158.2	102.904
158.4	103.031
158.6	103.24
158.8	103.379
159.0	103.496
159.2	103.546
159.4	103.638
159.6	103.833
159.8	103.862
160.0	103.964
160.2	104.049
160.4	103.979
160.6	103.948
160.8	104.192
161.0	104.209
161.2	104.408
161.4	104.593
161.6	104.71
161.8	104.72
162.0	104.804
162.2	104.797
162.4	104.825
162.6	105.109
162.8	105.105
163.0	105.273
163.2	105.337
163.4	105.488
163.6	105.627
163.8	105.904
164.0	106.082
164.2	106.19
164.4	106.312
164.6	106.542
164.8	106.593
165.0	106.681
165.2	106.679
165.4	106.661
165.6	106.652
165.8	106.875
166.0	107.015
166.2	107.083
166.4	106.837
166.6	106.839
166.8	106.785
167.0	106.979
167.2	107.107
167.4	107.251
167.6	107.467
167.8	107.537
168.0	107.37
168.2	107.335
168.4	107.041
168.6	106.95
168.8	106.803
169.0	106.821
169.2	106.761
169.4	106.917
169.6	107.025
169.8	107.097
170.0	107.252
170.2	107.354
170.4	107.462
170.6	107.514
170.8	107.688
171.0	107.814
171.2	107.736
171.4	107.872
171.6	107.822
171.8	107.673
172.0	107.464
172.2	107.448
172.4	107.391
172.6	107.18
172.8	107.196
173.0	107.223
173.2	107.266
173.4	107.242
173.6	107.278
173.8	107.396
174.0	107.689
174.2	107.956
174.4	108.055
174.6	108.27
174.8	108.531
175.0	108.745
175.2	108.919
175.4	109.082
175.6	109.157
175.8	109.277
176.0	109.441
176.2	109.659
176.4	109.7
176.6	109.727
176.8	109.817
177.0	109.98
177.2	110.107
177.4	110.335
177.6	110.308
177.8	110.324
178.0	110.447
178.2	110.47
178.4	110.557
178.6	110.771
178.8	110.733
179.0	110.766
179.2	110.713
179.4	110.726
179.6	110.645
179.8	110.554
180.0	110.392
180.2	110.375
180.4	110.224
180.6	110.184
180.8	110.211
181.0	110.289
181.2	110.311
181.4	110.444
181.6	110.568
181.8	110.713
182.0	110.759
182.2	110.802
182.4	110.782
182.6	111.017
182.8	111.121
183.0	111.427
183.2	111.596
183.4	111.809
183.6	111.856
183.8	112.07
184.0	112.17
184.2	112.408
184.4	112.575
184.6	112.636
184.8	112.7
185.0	112.567
185.2	112.603
185.4	112.476
185.6	112.361
185.8	112.38
186.0	112.526
186.2	112.675
186.4	113.008
186.6	113.223
186.8	113.262
187.0	113.426
187.2	113.386
187.4	113.475
187.6	113.283
187.8	113.23
188.0	113.321
188.2	113.517
188.4	113.683
188.6	113.722
188.8	113.731
189.0	113.852
189.2	113.917
189.4	113.923
189.6	114.022
189.8	114.198
190.0	114.203
190.2	114.331
190.4	114.472
190.6	114.755
190.8	114.904
191.0	115.043
191.2	115.02
191.4	114.856
191.6	114.769
191.8	114.824
192.0	114.752
192.2	114.754
192.4	114.938
192.6	115.185
192.8	115.37
193.0	115.597
193.2	115.861
193.4	115.907
193.6	115.832
193.8	115.66
194.0	115.559
194.2	115.349
194.4	115.373
194.6	115.59
194.8	115.914
195.0	116.336
195.2	116.375
195.4	116.647
195.6	116.653
195.8	116.897
196.0	117.077
196.2	117.153
196.4	117.327
196.6	117.161
196.8	117.223
197.0	117.339
197.2	117.325
197.4	117.3
197.6	117.161
197.8	117.352
198.0	117.45
198.2	117.383
198.4	117.345
198.6	117.391
198.8	117.438
199.0	117.505
199.2	117.601
199.4	117.82
199.6	118.008
199.8	118.188
200.0	118.281
200.2	118.369
200.4	118.591
200.6	118.659
200.8	118.668
201.0	118.782
201.2	118.792
201.4	119.043
201.6	119.08
201.8	118.977
202.0	118.874
202.2	118.908
202.4	118.774
202.6	118.755
202.8	118.735
203.0	118.596
203.2	118.371
203.4	118.242
203.6	118.229
203.8	118.254
204.0	118.261
204.2	118.347
204.4	118.371
204.6	118.317
204.8	118.116
205.0	118.011
205.2	118.029
205.4	118.139
205.6	118.221
205.8	118.307
206.0	118.308
206.2	118.45
206.4	118.555
206.6	118.638
206.8	118.948
207.0	119.01
207.2	119.029
207.4	119.021
207.6	118.666
207.8	118.537
208.0	118.296
208.2	118.228
208.4	118.059
208.6	118.037
208.8	118.019
209.0	117.968
209.2	117.788
209.4	117.727
209.6	117.709
209.8	117.8
210.0	117.866
210.2	117.706
210.4	117.594
210.6	117.66
210.8	117.867
211.0	117.928
211.2	117.921
211.4	117.815
211.6	117.668
211.8	117.765
212.0	117.639
212.2	117.526
212.4	117.405
212.6	117.545
212.8	117.621
213.0	117.832
213.2	117.888
213.4	117.797
213.6	117.79
213.8	118.101
214.0	118.457
214.2	118.428
214.4	118.439
214.6	118.373
214.8	118.314
215.0	118.436
215.2	118.398
215.4	118.51
215.6	118.541
215.8	118.79
216.0	118.849
216.2	119.102
216.4	119.228
216.6	119.205
216.8	119.217
217.0	119.241
217.2	119.404
217.4	119.472
217.6	119.739
217.8	119.949
218.0	120.117
218.2	120.172
218.4	120.17
218.6	120.029
218.8	120.162
219.0	120.287
219.2	120.521
219.4	120.758
219.6	120.972
219.8	121.302
220.0	121.369
220.2	121.487
220.4	121.318
220.6	121.467
220.8	121.707
221.0	121.838
221.2	121.789
221.4	121.695
221.6	121.761
221.8	121.88
222.0	121.882
222.2	122.105
222.4	122.309
222.6	122.44
222.8	122.321
223.0	122.233
223.2	122.363
223.4	122.399
223.6	122.417
223.8	122.251
224.0	122.238
224.2	122.221
224.4	122.582
224.6	122.823
224.8	123.094
225.0	123.252
225.2	123.358
225.4	123.414
225.6	123.572
225.8	123.612
226.0	123.587
226.2	123.563
226.4	123.553
226.6	123.219
226.8	123.068
227.0	122.893
227.2	123.051
227.4	122.915
227.6	122.846
227.8	122.886
228.0	123.046
228.2	123.198
228.4	123.17
228.6	123.216
228.8	123.439
229.0	123.448
229.2	123.471
229.4	123.423
229.6	123.735
229.8	123.876
230.0	123.78
230.2	123.747
230.4	123.667
230.6	123.627
230.8	123.799
231.0	124.092
231.2	124.177
231.4	124.377
231.6	124.331
231.8	124.32
232.0	124.217
232.2	124.106
232.4	124.224
232.6	124.07
232.8	124.326
233.0	124.522
233.2	124.868
233.4	124.988
233.6	125.186
233.8	125.202
234.0	125.267
234.2	125.422
234.4	125.572
234.6	125.801
234.8	126.017
235.0	126.111
235.2	126.349
235.4	126.481
235.6	126.377
235.8	126.46
236.0	126.524
236.2	126.691
236.4	126.901
236.6	127.055
236.8	127.052
237.0	127.132
237.2	127.446
237.4	127.303
237.6	127.458
237.8	127.545
238.0	127.648
238.2	127.725
238.4	127.884
238.6	127.856
238.8	127.839
239.0	127.759
239.2	127.784
239.4	127.886
239.6	127.944
239.8	128.143
240.0	128.295
240.2	128.459
240.4	128.482
240.6	128.431
240.8	128.467
241.0	128.634
241.2	128.762
241.4	128.753
241.6	128.678
241.8	128.805
242.0	128.643
242.2	128.508
242.4	128.531
242.6	128.451
242.8	128.468
243.0	128.523
243.2	128.412
243.4	128.64
243.6	128.914
243.8	129.165
244.0	129.121
244.2	129.18
244.4	129.197
244.6	129.497
244.8	129.497
245.0	129.787
245.2	129.896
245.4	130.274
245.6	130.554
245.8	130.642
246.0	130.61
246.2	130.725
246.4	130.623
246.6	130.644
246.8	130.77
247.0	130.895
247.2	130.786
247.4	130.828
247.6	130.637
247.8	130.697
248.0	130.606
248.2	130.565
248.4	130.48
248.6	130.561
248.8	130.814
249.0	130.993
249.2	130.982
249.4	130.889
249.6	131.027
249.8	130.859
250.0	130.758
250.2	131.157
250.4	131.489
250.6	131.646
250.8	131.666
251.0	131.861
251.2	131.879
251.4	131.851
251.6	131.767
251.8	131.861
252.0	132.05
252.2	132.052
252.4	132.156
252.6	132.347
252.8	132.383
253.0	132.286
253.2	132.177
253.4	132.075
253.6	131.882
253.8	131.895
254.0	131.993
254.2	132.149
254.4	132.434
254.6	132.537
254.8	132.732
255.0	132.798
255.2	132.824
255.4	132.801
255.6	132.768
255.8	132.654
256.0	132.554
256.2	132.476
256.4	132.487
256.6	132.625
256.8	132.809
257.0	132.858
257.2	133.199
257.4	133.533
257.6	133.776
257.8	133.772
258.0	133.946
258.2	134.218
258.4	134.278
258.6	134.395
258.8	134.501
259.0	134.443
259.2	134.499
259.4	134.357
259.6	134.364
259.8	134.342
260.0	134.329
260.2	134.377
260.4	134.396
260.6	134.538
260.8	134.716
261.0	134.819
261.2	134.781
261.4	134.789
261.6	134.738
261.8	134.771
262.0	134.772
262.2	134.856
262.4	135.003
262.6	135.234
262.8	135.261
263.0	135.252
263.2	135.207
263.4	135.458
263.6	135.637
263.8	135.785
264.0	135.792
264.2	135.73
264.4	135.604
264.6	135.4
264.8	135.425
265.0	135.358
265.2	135.354
265.4	135.29
265.6	135.491
265.8	135.571
266.0	135.706
266.2	135.763
266.4	136.026
266.6	136.194
266.8	136.068
267.0	135.831
267.2	135.745
267.4	135.61
267.6	135.532
267.8	135.366
268.0	135.128
268.2	134.931
268.4	134.904
268.6	134.874
268.8	134.782
269.0	134.776
269.2	134.904
269.4	135.012
269.6	135.162
269.8	135.402
270.0	135.526
270.2	135.396
270.4	135.265
270.6	135.32
270.8	135.333
271.0	135.422
271.2	135.384
271.4	135.276
271.6	135.384
271.8	135.477
272.0	135.486
272.2	135.542
272.4	135.335
272.6	135.237
272.8	135.084
273.0	135.044
273.2	135.001
273.4	134.976
273.6	134.907
273.8	134.916
274.0	134.925
274.2	134.804
274.4	134.707
274.6	134.599
274.8	134.629
275.0	134.645
275.2	134.85
275.4	135.038
275.6	135.328
275.8	135.416
276.0	135.537
276.2	135.711
276.4	135.641
276.6	135.905
276.8	136.143
277.0	136.476
277.2	136.649
277.4	136.712
277.6	136.691
277.8	136.551
278.0	136.654
278.2	136.908
278.4	137.055
278.6	136.962
278.8	137.053
279.0	137.272
279.2	137.382
279.4	137.368
279.6	137.154
279.8	136.977
280.0	137.075
280.2	137.114
280.4	137.139
280.6	137.235
280.8	137.41
281.0	137.537
281.2	137.565
281.4	137.476
281.6	137.425
281.8	137.357
282.0	137.306
282.2	137.298
282.4	137.23
282.6	137.077
282.8	137.095
283.0	137.266
283.2	137.108
283.4	136.951
283.6	137.117
283.8	137.168
284.0	137.08
284.2	137.074
284.4	137.095
284.6	137.024
284.8	136.805
285.0	136.779
285.2	136.607
285.4	136.707
285.6	136.829
285.8	136.871
286.0	136.719
286.2	136.932
286.4	137.115
286.6	137.146
286.8	137.34
287.0	137.344
287.2	137.138
287.4	137.003
287.6	136.859
287.8	136.973
288.0	137.005
288.2	137.08
288.4	137.014
288.6	136.973
288.8	137.027
289.0	137.016
289.2	136.945
289.4	136.853
289.6	136.934
289.8	137.19
290.0	137.319
290.2	137.544
290.4	137.778
290.6	137.915
290.8	138.122
291.0	138.514
291.2	138.766
291.4	139.093
291.6	139.066
291.8	139.251
292.0	139.152
292.2	139.106
292.4	139.132
292.6	139.117
292.8	139.192
293.0	139.309
293.2	139.528
293.4	139.533
293.6	139.761
293.8	139.648
294.0	139.743
294.2	139.961
294.4	140.184
294.6	140.463
294.8	140.463
295.0	140.516
295.2	140.466
295.4	140.522
295.6	140.526
295.8	140.485
296.0	140.399
296.2	140.341
296.4	140.433
296.6	140.393
296.8	140.611
297.0	140.504
297.2	140.461
297.4	140.437
297.6	140.613
297.8	140.893
298.0	141.077
298.2	141.361
298.4	141.161
298.6	141.149
298.8	141.244
299.0	141.532
299.2	141.706
299.4	141.797
299.6	141.75
299.8	142.033
300.0	142.192
300.2	142.41
300.4	142.363
300.6	142.55
300.8	142.635
301.0	142.642
301.2	142.754
301.4	142.769
301.6	142.904
301.8	142.812
302.0	142.915
302.2	143.011
302.4	142.805
302.6	142.633
302.8	142.402
303.0	142.55
303.2	142.622
303.4	142.485
303.6	142.617
303.8	142.6
304.0	142.421
304.2	142.335
304.4	142.212
304.6	142.117
304.8	142.204
305.0	142.253
305.2	142.266
305.4	142.109
305.6	142.053
305.8	141.939
306.0	142.092
306.2	142.373
306.4	142.538
306.6	142.72
306.8	142.947
307.0	143.032
307.2	143.184
307.4	143.233
307.6	143.636
307.8	143.813
308.0	143.866
308.2	144.007
308.4	144.144
308.6	144.341
308.8	144.467
309.0	144.605
309.2	144.792
309.4	144.93
309.6	145.196
309.8	145.207
310.0	145.133
310.2	145.312
310.4	145.334
310.6	145.42
310.8	145.321
311.0	145.232
311.2	145.029
311.4	145.091
311.6	144.93
311.8	145.164
312.0	145.311
312.2	145.076
312.4	145.029
312.6	144.99
312.8	145.3
313.0	145.517
313.2	145.684
313.4	145.433
313.6	145.64
313.8	145.885
314.0	145.891
314.2	145.865
314.4	145.99
314.6	146.106
314.8	146.309
315.0	146.458
315.2	146.78
315.4	146.789
315.6	146.868
315.8	146.75
316.0	146.899
316.2	146.881
316.4	146.59
316.6	146.486
316.8	146.592
317.0	146.756
317.2	146.796
317.4	146.669
317.6	146.748
317.8	146.718
318.0	146.646
318.2	146.615
318.4	146.47
318.6	146.466
318.8	146.454
319.0	146.622
319.2	146.721
319.4	146.971
319.6	147.082
319.8	147.044
320.0	147.074
320.2	147.265
320.4	147.378
320.6	147.284
320.8	147.224
321.0	147.207
321.2	147.451
321.4	147.677
321.6	147.838
321.8	147.926
322.0	148.153
322.2	148.242
322.4	148.266
322.6	148.304
322.8	148.37
323.0	148.419
323.2	148.263
323.4	148.285
323.6	148.211
323.8	148.069
324.0	147.893
324.2	147.798
324.4	147.586
324.6	147.694
324.8	147.796
325.0	147.968
325.2	148.159
325.4	148.39
325.6	148.379
325.8	148.371
326.0	148.606

&

