0.01	-0.005834
0.02	-0.004375
0.03	-0.009723
0.04	-0.002431
0.05	-0.003646
0.06	-0.002674
0.07	0.004375
0.08	0.004375
0.09	-0.000243
0.1	0.003403
0.11	0.002917
0.12	-0.000729
0.13	-0.005347
0.14	-0.016042
0.15	-0.014827
0.16	-0.011667
0.17	-0.014341
0.18	-0.004375
0.19	-0.010452
0.2	-0.012396
0.21	-0.010695
0.22	-0.025765
0.23	-0.029411
0.24	-0.029168
0.25	-0.026008
0.26	-0.019445
0.27	-0.007292
0.28	-0.006806
0.29	-0.002674
0.3	-0.002431
0.31	0.000243
0.32	-0.002188
0.33	-0.007778
0.34	0.010938
0.35	-0.000486
0.36	-0.017501
0.37	-0.011181
0.38	-0.001458
0.39	0.006563
0.4	0.009723
0.41	-0.011181
0.42	-0.025036
0.43	-0.006563
0.44	-0.002674
0.45	0.001215
0.46	-0.005834
0.47	-0.012882
0.48	-0.019931
0.49	-0.011667
0.5	-0.012882
0.51	-0.000486
0.52	-0.004375
0.53	-0.014584
0.54	-0.017257
0.55	0.007049
0.56	0.006563
0.57	0.000243
0.58	0.008021
0.59	-0.001458
0.6	0.003403
0.61	0.004375
0.62	0.000486
0.63	-0.003403
0.64	-0.005104
0.65	-0.024792
0.66	-0.009236
0.67	-0.00559
0.68	-0.016528
0.69	-0.013368
0.7	-0.015799
0.71	-0.017257
0.72	-0.005834
0.73	0.003646
0.74	-0.01191
0.75	-0.012153
0.76	0.0
0.77	0.001701
0.78	-0.013368
0.79	-0.010209
0.8	-0.001215
0.81	-0.001701
0.82	-0.016771
0.83	-0.010938
0.84	-0.013368
0.85	-0.016771
0.86	-0.023577
0.87	-0.003403
0.88	-0.000972
0.89	0.011424
0.9	0.002431
0.91	0.000486
0.92	0.002917
0.93	0.008021
0.94	0.019688
0.95	-0.008264
0.96	-0.014341
0.97	-0.006806
0.98	-0.008264
0.99	0.004132
1.0	0.019202
1.01	0.02066
1.02	0.031355
1.03	0.02139
1.04	0.025279
1.05	0.014098
1.06	0.026008
1.07	-0.000243
1.08	0.00875
1.09	0.002917
1.1	0.016285
1.11	-0.001458
1.12	-0.004861
1.13	0.00559
1.14	0.013855
1.15	0.019931
1.16	0.015799
1.17	0.009966
1.18	0.011424
1.19	0.007049
1.2	0.018959
1.21	0.0
1.22	0.015313
1.23	0.008507
1.24	0.001945
1.25	0.003646
1.26	-0.002917
1.27	0.016042
1.28	0.015556
1.29	-0.002674
1.3	-0.004861
1.31	0.001701
1.32	0.008021
1.33	0.011181
1.34	0.014341
1.35	0.0
1.36	-0.021633
1.37	0.003403
1.38	0.013612
1.39	0.001215
1.4	-0.001458
1.41	0.003403
1.42	0.01823
1.43	0.025765
1.44	0.020174
1.45	0.025036
1.46	0.029654
1.47	0.02382
1.48	0.018473
1.49	0.001945
1.5	0.005347
1.51	0.008021
1.52	0.005834
1.53	0.006077
1.54	0.024549
1.55	0.011181
1.56	0.011181
1.57	0.017987
1.58	0.008507
1.59	0.007535
1.6	0.024063
1.61	0.02698
1.62	0.00875
1.63	-0.002431
1.64	0.017014
1.65	0.023577
1.66	0.008021
1.67	0.007049
1.68	-0.012396
1.69	-0.031355
1.7	-0.01823
1.71	-0.025279
1.72	-0.021633
1.73	-0.000243
1.74	0.003646
1.75	-0.000243
1.76	0.015799
1.77	0.010452
1.78	0.012882
1.79	0.027709
1.8	0.031841
1.81	0.043265
1.82	0.026737
1.83	0.024792
1.84	-0.008507
1.85	-0.018473
1.86	-0.017501
1.87	-0.00632
1.88	-0.005834
1.89	0.004375
1.9	-0.007049
1.91	0.004132
1.92	0.004861
1.93	-0.008507
1.94	-0.012882
1.95	-0.007535
1.96	-0.002917
1.97	-0.032084
1.98	-0.019202
1.99	-0.012153
2.0	-0.007292
2.01	-0.000486
2.02	0.016528
2.03	0.01823
2.04	0.009479
2.05	0.007292
2.06	-0.001215
2.07	-0.001215
2.08	-0.005104
2.09	-0.01507
2.1	-0.018473
2.11	-0.011181
2.12	-0.004861
2.13	-0.027952
2.14	-0.017014
2.15	-0.018959
2.16	-0.01191
2.17	-0.000729
2.18	-0.001945
2.19	0.002917
2.2	0.000486
2.21	0.003646
2.22	0.011667
2.23	-0.001215
2.24	-0.008993
2.25	-0.020174
2.26	-0.002188
2.27	0.001458
2.28	0.008993
2.29	0.023577
2.3	0.021147
2.31	0.008993
2.32	-0.000486
2.33	0.001945
2.34	0.00632
2.35	0.006806
2.36	0.006563
2.37	0.001215
2.38	0.006806
2.39	0.003646
2.4	-0.001701
2.41	-0.034029
2.42	-0.032084
2.43	-0.018473
2.44	-0.018716
2.45	-0.004132
2.46	0.01823
2.47	0.012153
2.48	0.003646
2.49	0.010452
2.5	0.00316
2.51	0.000729
2.52	0.002674
2.53	-0.00875
2.54	0.00316
2.55	0.015556
2.56	0.016042
2.57	0.004132
2.58	-0.01191
2.59	-0.002188
2.6	0.009236
2.61	-0.002917
2.62	-0.00875
2.63	-0.005834
2.64	-0.030383
2.65	-0.022605
2.66	-0.009236
2.67	0.005104
2.68	0.013125
2.69	0.018473
2.7	0.025765
2.71	0.018959
2.72	0.021147
2.73	0.017014
2.74	0.015799
2.75	-0.003403
2.76	0.004375
2.77	-0.003646
2.78	0.00559
2.79	0.004861
2.8	0.000729
2.81	-0.013855
2.82	0.000243
2.83	0.022362
2.84	0.023091
2.85	0.006806
2.86	0.000486
2.87	-0.010452
2.88	-0.009236
2.89	-0.00632
2.9	0.010695
2.91	0.010209
2.92	0.011424
2.93	0.004618
2.94	0.015556
2.95	0.018716
2.96	0.011181
2.97	0.010938
2.98	-0.003403
2.99	-0.015556
3.0	-0.009723
3.01	0.001701
3.02	0.010209
3.03	-0.001701
3.04	-0.005104
3.05	0.00875
3.06	0.009479
3.07	0.00632
3.08	0.025765
3.09	0.026737
3.1	0.017014
3.11	0.00875
3.12	0.00875
3.13	-0.001215
3.14	0.003889
3.15	0.020417
3.16	0.016042
3.17	0.00875
3.18	0.008021
3.19	0.016042
3.2	0.017014
3.21	0.008993
3.22	-0.000729
3.23	-0.019688
3.24	-0.012153
3.25	-0.003646
3.26	-0.00316
3.27	-0.011181
3.28	-0.023091
3.29	-0.030869
3.3	-0.037189
3.31	-0.024063
3.32	-0.021633
3.33	-0.014584
3.34	-0.016771
3.35	-0.000243
3.36	0.010938
3.37	0.005347
3.38	0.002674
3.39	0.004618
3.4	0.000486
3.41	0.004618
3.42	0.007292
3.43	0.021633
3.44	0.022362
3.45	0.020903
3.46	0.009966
3.47	0.011181
3.48	-0.005834
3.49	-0.005347
3.5	-0.008021
3.51	-0.010695
3.52	0.002431
3.53	-0.00316
3.54	-0.008264
3.55	0.008264
3.56	0.016771
3.57	0.010452
3.58	0.010209
3.59	0.022605
3.6	0.021876
3.61	0.012639
3.62	0.01507
3.63	0.005834
3.64	0.005104
3.65	0.005834
3.66	-0.002674
3.67	-0.006077
3.68	0.002917
3.69	0.010695
3.7	0.017501
3.71	0.015313
3.72	0.013855
3.73	-0.004132
3.74	-0.009236
3.75	-0.009966
3.76	-0.027466
3.77	-0.03573
3.78	-0.043508
3.79	-0.037675
3.8	-0.039619
3.81	-0.034758
3.82	-0.02066
3.83	-0.014341
3.84	-0.009723
3.85	0.009479
3.86	0.001945
3.87	0.002431
3.88	-0.003646
3.89	0.007778
3.9	0.022362
3.91	0.03014
3.92	0.020417
3.93	0.00875
3.94	0.003646
3.95	-0.014584
3.96	-0.023334
3.97	-0.014584
3.98	0.000729
3.99	-0.006563
4.0	0.002674
4.01	-0.001701
4.02	-0.001458
4.03	0.004861
4.04	-0.002188
4.05	-0.002917
4.06	-0.023091
4.07	0.002917
4.08	-0.017744
4.09	0.004618
4.1	0.005834
4.11	0.00875
4.12	0.016285
4.13	0.020417
4.14	0.015799
4.15	0.019445
4.16	0.004375
4.17	-0.002674
4.18	0.003403
4.19	0.002431
4.2	-0.010695
4.21	-0.002917
4.22	0.015799
4.23	0.007778
4.24	-0.006563
4.25	0.001215
4.26	-0.019202
4.27	-0.02066
4.28	-0.024792
4.29	-0.01823
4.3	-0.025765
4.31	-0.014341
4.32	-0.010695
4.33	-0.01823
4.34	-0.013125
4.35	-0.00632
4.36	-0.017744
4.37	-0.016042
4.38	-0.020417
4.39	-0.019445
4.4	-0.014341
4.41	-0.017501
4.42	-0.026494
4.43	-0.017501
4.44	-0.00316
4.45	-0.009479
4.46	0.008021
4.47	0.013612
4.48	0.01823
4.49	-0.004375
4.5	-0.000486
4.51	0.015313
4.52	-0.001458
4.53	-0.001701
4.54	0.011181
4.55	-0.012639
4.56	-0.006563
4.57	0.006563
4.58	0.001701
4.59	-0.005104
4.6	0.006563
4.61	0.001458
4.62	-0.00559
4.63	-0.026494
4.64	-0.007049
4.65	-0.000486
4.66	0.003889
4.67	0.034029
4.68	0.022362
4.69	0.024306
4.7	0.02066
4.71	0.02066
4.72	0.023334
4.73	0.012882
4.74	0.006077
4.75	0.009966
4.76	0.017744
4.77	0.025522
4.78	0.01507
4.79	0.011667
4.8	0.00875
4.81	0.024792
4.82	0.012153
4.83	0.006563
4.84	0.01507
4.85	0.035244
4.86	0.009723
4.87	0.022119
4.88	0.014341
4.89	0.011181
4.9	0.009236
4.91	0.014341
4.92	0.008993
4.93	-0.008264
4.94	0.004132
4.95	0.021876
4.96	0.017987
4.97	-0.003646
4.98	-0.013125
4.99	0.000243
5.0	-0.001215
5.01	-0.002188
5.02	-0.00632
5.03	-0.026494
5.04	-0.004618
5.05	-0.011424
5.06	0.000243
5.07	-0.013368
5.08	-0.000243
5.09	0.005347
5.1	-0.008507
5.11	-0.008264
5.12	-0.004618
5.13	0.011667
5.14	0.029654
5.15	0.013855
5.16	0.001701
5.17	-0.007292
5.18	-0.010938
5.19	-0.007049
5.2	-0.007292
5.21	0.004861
5.22	0.003403
5.23	0.013612
5.24	0.019688
5.25	-0.002188
5.26	0.001945
5.27	0.005104
5.28	0.00316
5.29	-0.001701
5.3	0.004132
5.31	-0.004618
5.32	0.00875
5.33	0.001945
5.34	0.008993
5.35	0.004618
5.36	0.014827
5.37	0.016042
5.38	-0.000972
5.39	0.004861
5.4	-0.002188
5.41	0.016528
5.42	0.018716
5.43	0.018959
5.44	0.030869
5.45	0.009966
5.46	0.00559
5.47	0.018473
5.48	0.021147
5.49	0.018473
5.5	0.012882
5.51	0.015313
5.52	0.012153
5.53	0.012153
5.54	0.004132
5.55	-0.000972
5.56	-0.016771
5.57	-0.011667
5.58	-0.013612
5.59	-0.003403
5.6	0.003646
5.61	0.012396
5.62	0.004861
5.63	-0.000243
5.64	-0.01507
5.65	-0.012396
5.66	-0.03014
5.67	-0.018473
5.68	-0.016528
5.69	-0.010938
5.7	0.004618
5.71	0.008021
5.72	0.010452
5.73	0.00632
5.74	0.00559
5.75	-0.004132
5.76	0.00316
5.77	-0.011667
5.78	-0.00632
5.79	-0.010209
5.8	0.002917
5.81	0.009966
5.82	-0.010938
5.83	0.001215
5.84	-0.004861
5.85	0.00875
5.86	0.011424
5.87	0.02066
5.88	0.009236
5.89	0.016528
5.9	0.005347
5.91	0.001215
5.92	0.008993
5.93	-0.003889
5.94	0.008993
5.95	-0.001945
5.96	-0.00875
5.97	-0.00632
5.98	-0.014341
5.99	-0.00559
6.0	0.008021
6.01	0.012639
6.02	-0.007292
6.03	-0.001945
6.04	0.00632
6.05	0.00316
6.06	-0.004132
6.07	0.000729
6.08	-0.010452
6.09	-0.008993
6.1	-0.010452
6.11	-0.000486
6.12	0.00632
6.13	0.00632
6.14	0.016285
6.15	0.008507
6.16	0.010695
6.17	0.006563
6.18	0.021633
6.19	0.020903
6.2	0.017987
6.21	0.005347
6.22	0.00875
6.23	0.012882
6.24	0.020417
6.25	0.012639
6.26	0.02698
6.27	0.019931
6.28	0.017987
6.29	0.026737
6.3	0.019688
6.31	0.013125
6.32	0.004132
6.33	0.004861
6.34	-0.014098
6.35	-0.01823
6.36	-0.008507
6.37	-0.00559
6.38	0.012639
6.39	-0.008264
6.4	-0.002188
6.41	0.008264
6.42	-0.014827
6.43	-0.014341
6.44	-0.018959
6.45	-0.029654
6.46	-0.019688
6.47	-0.001458
6.48	-0.010938
6.49	-0.032084
6.5	-0.021147
6.51	-0.016771
6.52	-0.009723
6.53	-0.014827
6.54	-0.018959
6.55	-0.009479
6.56	-0.003646
6.57	0.002188
6.58	0.013855
6.59	0.025279
6.6	0.030383
6.61	0.036946
6.62	0.051529
6.63	0.045939
6.64	0.042293
6.65	0.032814
6.66	0.016042
6.67	0.005834
6.68	0.001701
6.69	0.002917
6.7	-0.009723
6.71	-0.006077
6.72	-0.008507
6.73	-0.004132
6.74	-0.025036
6.75	-0.017501
6.76	-0.013125
6.77	0.00632
6.78	-0.001215
6.79	0.031112
6.8	0.015556
6.81	0.017987
6.82	0.001215
6.83	-0.002674
6.84	0.012639
6.85	0.009236
6.86	0.005834
6.87	0.019202
6.88	0.008021
6.89	-0.008021
6.9	-0.021876
6.91	-0.019931
6.92	-0.042536
6.93	-0.036459
6.94	-0.040835
6.95	-0.03257
6.96	-0.009479
6.97	-0.006806
6.98	-0.013855
6.99	-0.026737
7.0	-0.010695
7.01	-0.025279
7.02	-0.023577
7.03	-0.007049
7.04	0.002431
7.05	0.0
7.06	0.007292
7.07	0.008021
7.08	0.025036
7.09	0.023091
7.1	0.023334
7.11	0.016285
7.12	0.007535
7.13	0.000729
7.14	0.009723
7.15	0.020417
7.16	0.012882
7.17	0.015799
7.18	0.03257
7.19	0.019931
7.2	0.006806
7.21	0.014584
7.22	0.002431
7.23	0.0
7.24	-0.00316
7.25	-0.011667
7.26	-0.022605
7.27	-0.016042
7.28	-0.011424
7.29	-0.016771
7.3	-0.024792
7.31	-0.00875
7.32	-0.009966
7.33	-0.001458
7.34	0.006563
7.35	0.001945
7.36	-0.013125
7.37	-0.019688
7.38	-0.013368
7.39	-0.021147
7.4	-0.024549
7.41	-0.030869
7.42	-0.015313
7.43	-0.034029
7.44	-0.013125
7.45	0.001215
7.46	-0.00559
7.47	-0.006077
7.48	0.012639
7.49	-0.004618
7.5	-0.005834
7.51	-0.028438
7.52	-0.000972
7.53	0.0
7.54	0.000486
7.55	0.011667
7.56	0.010452
7.57	0.002917
7.58	0.007292
7.59	0.001215
7.6	-0.003403
7.61	-0.013368
7.62	-0.013125
7.63	0.002431
7.64	-0.002431
7.65	0.002431
7.66	-0.00559
7.67	-0.017744
7.68	-0.020417
7.69	-0.008507
7.7	-0.007292
7.71	0.000729
7.72	-0.010452
7.73	-0.019688
7.74	-0.012882
7.75	0.006077
7.76	-0.002188
7.77	0.004132
7.78	-0.000486
7.79	0.0
7.8	0.018716
7.81	0.03257
7.82	0.03889
7.83	0.027952
7.84	0.010209
7.85	-0.001215
7.86	-0.009966
7.87	-0.001945
7.88	-0.009236
7.89	0.002431
7.9	-0.002188
7.91	-0.012882
7.92	0.000486
7.93	-0.007049
7.94	0.002917
7.95	0.013125
7.96	-0.011424
7.97	0.007292
7.98	0.016771
7.99	-0.006806
8.0	-0.018959
8.01	-0.019931
8.02	-0.016528
8.03	-0.011424
8.04	-0.002188
8.05	0.002188
8.06	0.009966
8.07	0.018716
8.08	0.007535
8.09	0.021876
8.1	0.018959
8.11	0.010452
8.12	0.017744
8.13	0.017014
8.14	0.000486
8.15	0.004375
8.16	0.012882
8.17	0.011181
8.18	0.009966
8.19	0.020417
8.2	0.027466
8.21	0.005834
8.22	0.000486
8.23	-0.007049
8.24	-0.004375
8.25	0.003403
8.26	0.0
8.27	0.013368
8.28	0.000486
8.29	0.020903
8.3	0.021147
8.31	0.026251
8.32	0.019202
8.33	0.016771
8.34	0.027709
8.35	0.015556
8.36	0.001701
8.37	0.007778
8.38	0.008507
8.39	0.013368
8.4	0.017744
8.41	0.008507
8.42	0.012153
8.43	0.014827
8.44	0.013855
8.45	0.015556
8.46	0.022362
8.47	0.023091
8.48	0.014341
8.49	0.013612
8.5	0.027466
8.51	0.016771
8.52	-0.014341
8.53	-0.009966
8.54	-0.006077
8.55	0.009479
8.56	0.015313
8.57	0.007535
8.58	-0.002431
8.59	-0.007292
8.6	-0.009966
8.61	-0.002674
8.62	-0.007292
8.63	0.00632
8.64	0.003889
8.65	0.017501
8.66	0.013612
8.67	0.013612
8.68	0.009479
8.69	-0.006563
8.7	-0.016771
8.71	0.001458
8.72	-0.022119
8.73	-0.019445
8.74	-0.007778
8.75	-0.004861
8.76	-0.016042
8.77	-0.012396
8.78	-0.021633
8.79	-0.01191
8.8	-0.006806
8.81	-0.018959
8.82	-0.015799
8.83	-0.00875
8.84	-0.013612
8.85	-0.024792
8.86	-0.022362
8.87	-0.008507
8.88	-0.022119
8.89	-0.016042
8.9	-0.01823
8.91	-0.01507
8.92	-0.023091
8.93	-0.017987
8.94	-0.022119
8.95	-0.013368
8.96	-0.003646
8.97	-0.018473
8.98	-0.016285
8.99	-0.007049
9.0	-0.004132
9.01	-0.004618
9.02	-0.013612
9.03	-0.003889
9.04	0.002188
9.05	-0.004861
9.06	0.009236
9.07	0.002674
9.08	0.00316
9.09	0.007778
9.1	-0.002431
9.11	-0.013855
9.12	-0.009723
9.13	0.001215
9.14	0.001458
9.15	0.010209
9.16	0.007535
9.17	0.0
9.18	-0.016771
9.19	-0.009479
9.2	-0.026008
9.21	-0.026494
9.22	-0.013368
9.23	-0.023577
9.24	-0.001701
9.25	-0.014584
9.26	-0.011424
9.27	-0.008021
9.28	-0.022362
9.29	-0.00875
9.3	-0.026008
9.31	-0.017501
9.32	-0.035244
9.33	-0.040592
9.34	-0.02698
9.35	-0.015799
9.36	-0.015313
9.37	-0.009723
9.38	-0.002674
9.39	-0.001215
9.4	0.012639
9.41	0.019202
9.42	0.032084
9.43	0.043022
9.44	0.041321
9.45	0.027466
9.46	0.015556
9.47	0.014827
9.48	0.012882
9.49	0.017744
9.5	0.014827
9.51	0.029897
9.52	0.028925
9.53	0.054689
9.54	0.045453
9.55	0.03889
9.56	0.020903
9.57	0.015313
9.58	0.027952
9.59	0.026008
9.6	0.026737
9.61	0.026737
9.62	0.014827
9.63	0.025522
9.64	0.019445
9.65	0.004861
9.66	-0.008993
9.67	-0.014827
9.68	-0.010209
9.69	-0.00875
9.7	0.001945
9.71	-0.005347
9.72	-0.003889
9.73	-0.001215
9.74	-0.004618
9.75	-0.014827
9.76	-0.027223
9.77	-0.023577
9.78	-0.019445
9.79	-0.019931
9.8	-0.008021
9.81	-0.018716
9.82	-0.016528
9.83	-0.029168
9.84	-0.023091
9.85	-0.034272
9.86	-0.010695
9.87	-0.005834
9.88	-0.008993
9.89	-0.029654
9.9	-0.024792
9.91	-0.023334
9.92	-0.023091
9.93	-0.017987
9.94	-0.020174
9.95	-0.019931
9.96	0.0
9.97	0.008507
9.98	0.022362
9.99	0.023091
10.0	0.00316
10.01	0.009966
10.02	0.004132
10.03	-0.005104
10.04	-0.016285
10.05	-0.011667
10.06	-0.004132
10.07	-0.004375
10.08	-0.008993
10.09	-0.017744
10.1	-0.006563
10.11	0.001945
10.12	0.006806
10.13	-0.004375
10.14	0.013855
10.15	0.015799
10.16	0.019445
10.17	0.016771
10.18	0.016771
10.19	0.007535
10.2	0.00316
10.21	-0.022848
10.22	-0.015799
10.23	-0.021633
10.24	-0.022848
10.25	-0.013125
10.26	-0.012153
10.27	0.000243
10.28	-0.005834
10.29	-0.006806
10.3	-0.00632
10.31	-0.006563
10.32	-0.003646
10.33	-0.009723
10.34	-0.016771
10.35	-0.01823
10.36	-0.02066
10.37	-0.015556
10.38	-0.008507
10.39	-0.011181
10.4	-0.015313
10.41	-0.002431
10.42	-0.018716
10.43	-0.010452
10.44	0.009236
10.45	0.000486
10.46	-0.005104
10.47	-0.007535
10.48	0.007049
10.49	0.012396
10.5	0.006563
10.51	-0.00316
10.52	0.006077
10.53	-0.009966
10.54	-0.017257
10.55	-0.011667
10.56	-0.011181
10.57	-0.00875
10.58	-0.016042
10.59	-0.005834
10.6	0.008021
10.61	0.001215
10.62	0.002674
10.63	0.010452
10.64	0.001701
10.65	0.017257
10.66	0.022605
10.67	0.020174
10.68	0.012396
10.69	-0.004861
10.7	0.000972
10.71	-0.000243
10.72	-0.012639
10.73	-0.011181
10.74	0.004132
10.75	0.004375
10.76	0.012396
10.77	0.012639
10.78	-0.014827
10.79	-0.02139
10.8	-0.00632
10.81	-0.004132
10.82	-0.003646
10.83	0.002188
10.84	0.004132
10.85	0.004618
10.86	-0.005104
10.87	-0.016528
10.88	-0.020174
10.89	-0.016528
10.9	-0.014827
10.91	-0.017744
10.92	-0.014341
10.93	-0.010452
10.94	0.008993
10.95	-0.005104
10.96	-0.019202
10.97	-0.0333
10.98	-0.042293
10.99	-0.032814
11.0	-0.036459
11.01	-0.01823
11.02	-0.009479
11.03	-0.020417
11.04	-0.033543
11.05	-0.008507
11.06	-0.010938
11.07	-0.006077
11.08	0.01823
11.09	0.000486
11.1	0.001215
11.11	0.006077
11.12	0.009479
11.13	0.004132
11.14	0.012882
11.15	0.011424
11.16	0.017987
11.17	0.008264
11.18	0.012882
11.19	0.023091
11.2	0.014341
11.21	0.017744
11.22	0.00875
11.23	0.002674
11.24	0.000243
11.25	-0.006077
11.26	-0.001945
11.27	0.013125
11.28	0.013612
11.29	0.013368
11.3	0.000729
11.31	0.001945
11.32	-0.003646
11.33	0.000486
11.34	-0.001215
11.35	0.025036
11.36	0.029654
11.37	0.011424
11.38	-0.005347
11.39	-0.01191
11.4	-0.01823
11.41	-0.022605
11.42	-0.019931
11.43	-0.017987
11.44	0.000243
11.45	-0.003403
11.46	0.003889
11.47	0.0
11.48	-0.01191
11.49	-0.013612
11.5	-0.009236
11.51	-0.004375
11.52	0.017987
11.53	0.012639
11.54	0.008264
11.55	0.016042
11.56	0.024063
11.57	0.011424
11.58	-0.016771
11.59	-0.01191
11.6	0.002188
11.61	-0.016771
11.62	-0.018959
11.63	-0.010452
11.64	-0.012153
11.65	-0.016528
11.66	-0.004861
11.67	-0.009723
11.68	-0.002431
11.69	0.007778
11.7	0.00875
11.71	0.005104
11.72	-0.005347
11.73	-0.005104
11.74	0.006077
11.75	-0.001945
11.76	-0.016285
11.77	-0.01507
11.78	-0.014827
11.79	-0.023334
11.8	-0.007049
11.81	0.000486
11.82	0.019931
11.83	0.013368
11.84	0.013368
11.85	0.006077
11.86	-0.003646
11.87	-0.00632
11.88	-0.007049
11.89	-0.004132
11.9	0.01191
11.91	0.017501
11.92	0.018473
11.93	-0.010209
11.94	0.012396
11.95	0.016285
11.96	-0.003646
11.97	-0.010938
11.98	-0.009479
11.99	0.003646
12.0	0.000972
12.01	0.000486
12.02	-0.000729
12.03	0.001458
12.04	0.017257
12.05	0.018959
12.06	0.006563
12.07	0.014098
12.08	0.00316
12.09	-0.008507
12.1	0.006077
12.11	0.022119
12.12	0.026494
12.13	0.015313
12.14	0.000486
12.15	0.005347
12.16	0.000972
12.17	0.003889
12.18	-0.00316
12.19	0.006563
12.2	-0.001458
12.21	0.008264
12.22	0.01191
12.23	0.006563
12.24	-0.005834
12.25	0.016528
12.26	0.014098
12.27	0.002674
12.28	0.017987
12.29	0.010695
12.3	0.013125
12.31	0.02698
12.32	0.016528
12.33	0.013368
12.34	0.009479
12.35	-0.006563
12.36	0.001701
12.37	0.019688
12.38	-0.000972
12.39	-0.009236
12.4	-0.01191
12.41	-0.004375
12.42	0.004618
12.43	0.005104
12.44	-0.001215
12.45	-0.01191
12.46	-0.008507
12.47	-0.026494
12.48	-0.014827
12.49	-0.010209
12.5	0.011181
12.51	0.020417
12.52	0.016285
12.53	0.027223
12.54	0.038161
12.55	0.032814
12.56	0.027223
12.57	0.017014
12.58	0.020903
12.59	0.012153
12.6	0.022848
12.61	0.032327
12.62	0.023334
12.63	0.014827
12.64	0.024063
12.65	0.021147
12.66	0.010695
12.67	-0.006077
12.68	-0.005104
12.69	-0.00559
12.7	-0.004132
12.71	0.0
12.72	0.031112
12.73	0.021876
12.74	0.036459
12.75	0.029654
12.76	0.032327
12.77	0.021633
12.78	0.015556
12.79	0.002674
12.8	-0.000486
12.81	-0.014341
12.82	-0.000972
12.83	0.016042
12.84	0.010209
12.85	0.018716
12.86	0.023091
12.87	0.029411
12.88	0.02139
12.89	0.024792
12.9	0.019445
12.91	0.016528
12.92	-0.001945
12.93	-0.018716
12.94	-0.025765
12.95	-0.012396
12.96	-0.014341
12.97	-0.022362
12.98	0.00559
12.99	0.005347
13.0	-0.010209
13.01	-0.017257
13.02	-0.005347
13.03	0.007535
13.04	0.019445

&

0.01	0.012396
0.02	0.009966
0.03	0.007535
0.04	0.017257
0.05	0.014584
0.06	0.004375
0.07	0.006563
0.08	0.019202
0.09	0.012882
0.1	0.00632
0.11	0.003889
0.12	-0.002431
0.13	0.002674
0.14	-0.000729
0.15	0.005834
0.16	0.013612
0.17	0.014341
0.18	0.011667
0.19	0.007535
0.2	0.005347
0.21	0.013125
0.22	0.007535
0.23	-0.00316
0.24	0.010452
0.25	0.009479
0.26	0.011424
0.27	0.032084
0.28	0.016771
0.29	0.008021
0.3	-0.002188
0.31	-0.001458
0.32	-0.000729
0.33	-0.001945
0.34	-0.002674
0.35	0.007049
0.36	0.002431
0.37	-0.009723
0.38	-0.001945
0.39	-0.014827
0.4	-0.019445
0.41	-0.021633
0.42	-0.031841
0.43	-0.02698
0.44	-0.0333
0.45	-0.022362
0.46	-0.026008
0.47	-0.015313
0.48	-0.008021
0.49	-0.010695
0.5	-0.00559
0.51	-0.006077
0.52	0.004375
0.53	0.011424
0.54	0.013368
0.55	0.002917
0.56	0.017744
0.57	-0.002917
0.58	-0.001701
0.59	0.001215
0.6	0.0
0.61	-0.006077
0.62	-0.014827
0.63	-0.02139
0.64	-0.007292
0.65	0.008021
0.66	0.003889
0.67	0.0
0.68	-0.010209
0.69	-0.013368
0.7	-0.001215
0.71	0.001945
0.72	0.001215
0.73	-0.007778
0.74	-0.014584
0.75	-0.009236
0.76	-0.018716
0.77	-0.014827
0.78	0.007535
0.79	0.010209
0.8	0.018716
0.81	0.025279
0.82	0.029654
0.83	0.045696
0.84	0.013612
0.85	0.007778
0.86	0.022605
0.87	0.02066
0.88	0.024792
0.89	0.023334
0.9	0.013125
0.91	0.00316
0.92	-0.002674
0.93	-0.002431
0.94	-0.011667
0.95	-0.013368
0.96	-0.010452
0.97	-0.016042
0.98	-0.022362
0.99	-0.022848
1.0	-0.023091
1.01	-0.014584
1.02	-0.000243
1.03	-0.005834
1.04	0.006563
1.05	0.008507
1.06	0.002917
1.07	-0.000972
1.08	-0.004375
1.09	-0.025279
1.1	-0.024792
1.11	0.002188
1.12	-0.002674
1.13	0.015313
1.14	0.032084
1.15	0.02698
1.16	0.029411
1.17	0.016771
1.18	0.017257
1.19	0.016285
1.2	0.017501
1.21	0.026251
1.22	0.017987
1.23	0.008993
1.24	0.012153
1.25	0.04205
1.26	0.02698
1.27	-0.016042
1.28	-0.001701
1.29	-0.012153
1.3	-0.01823
1.31	-0.016285
1.32	-0.000972
1.33	0.004132
1.34	0.025522
1.35	0.037432
1.36	0.024063
1.37	0.003646
1.38	0.000486
1.39	-0.000486
1.4	0.003403
1.41	-0.017501
1.42	0.001701
1.43	-0.011181
1.44	-0.02066
1.45	-0.014827
1.46	-0.009966
1.47	-0.012639
1.48	0.000729
1.49	0.002917
1.5	0.019445
1.51	0.004132
1.52	0.008507
1.53	0.00875
1.54	-0.002917
1.55	-0.009966
1.56	-0.002188
1.57	0.000243
1.58	0.023334
1.59	0.021147
1.6	0.019688
1.61	0.000729
1.62	0.016528
1.63	0.033057
1.64	0.043994
1.65	0.042779
1.66	0.034272
1.67	0.026008
1.68	0.020174
1.69	0.018959
1.7	-0.009479
1.71	-0.009723
1.72	-0.016042
1.73	-0.031355
1.74	-0.032814
1.75	-0.031841
1.76	-0.026494
1.77	-0.028195
1.78	-0.035001
1.79	-0.027952
1.8	-0.025522
1.81	-0.02066
1.82	-0.031355
1.83	-0.007535
1.84	-0.019445
1.85	-0.016042
1.86	-0.013125
1.87	-0.021147
1.88	-0.013125
1.89	-0.002917
1.9	-0.003403
1.91	-0.012639
1.92	-0.007292
1.93	-0.019445
1.94	-0.003646
1.95	0.009966
1.96	-0.000972
1.97	-0.008264
1.98	-0.005104
1.99	-0.001945
2.0	-0.005347
2.01	-0.017987
2.02	-0.007535
2.03	0.000486
2.04	0.007049
2.05	-0.000729
2.06	-0.002917
2.07	-0.005347
2.08	-0.000729
2.09	-0.001701
2.1	0.008264
2.11	0.006077
2.12	-0.00632
2.13	-0.004618
2.14	-0.004375
2.15	-0.004375
2.16	-0.009966
2.17	-0.026737
2.18	-0.017501
2.19	-0.031112
2.2	-0.034515
2.21	-0.021147
2.22	-0.011667
2.23	-0.010209
2.24	-0.007778
2.25	-0.017014
2.26	-0.00632
2.27	-0.015556
2.28	-0.015799
2.29	-0.024306
2.3	-0.028195
2.31	-0.016771
2.32	-0.010209
2.33	0.000729
2.34	-0.007535
2.35	-0.01191
2.36	-0.008021
2.37	-0.015313
2.38	-0.008507
2.39	0.003889
2.4	0.001701
2.41	0.028438
2.42	0.017987
2.43	0.012153
2.44	0.004861
2.45	0.002917
2.46	-0.003403
2.47	0.0
2.48	-0.003646
2.49	-0.009723
2.5	-0.017014
2.51	-0.015799
2.52	-0.026737
2.53	-0.009723
2.54	-0.000486
2.55	0.005347
2.56	-0.006077
2.57	0.000972
2.58	-0.001458
2.59	-0.001458
2.6	-0.010695
2.61	-0.014098
2.62	-0.032327
2.63	-0.030869
2.64	-0.036216
2.65	-0.039133
2.66	-0.034272
2.67	-0.029654
2.68	-0.012153
2.69	-0.00316
2.7	0.015556
2.71	0.017257
2.72	0.006806
2.73	-0.014584
2.74	-0.012153
2.75	-0.008993
2.76	-0.013125
2.77	-0.005834
2.78	-0.003889
2.79	-0.010695
2.8	-0.018473
2.81	-0.026737
2.82	-0.023334
2.83	-0.025279
2.84	-0.00632
2.85	0.000972
2.86	-0.001945
2.87	-0.000972
2.88	0.003646
2.89	0.010938
2.9	0.013855
2.91	-0.00632
2.92	-0.002188
2.93	-0.000972
2.94	0.013612
2.95	0.025279
2.96	0.022605
2.97	0.023334
2.98	0.012882
2.99	0.024306
3.0	0.016771
3.01	0.019931
3.02	0.015313
3.03	0.020174
3.04	0.033057
3.05	0.026251
3.06	0.021876
3.07	0.028681
3.08	0.043022
3.09	0.029897
3.1	0.03573
3.11	0.037432
3.12	0.049585
3.13	0.033543
3.14	0.03257
3.15	0.02066
3.16	0.00632
3.17	0.009966
3.18	0.011667
3.19	0.023577
3.2	0.022848
3.21	0.005104
3.22	0.011424
3.23	0.007535
3.24	0.006806
3.25	0.002188
3.26	0.006077
3.27	0.022362
3.28	0.022848
3.29	0.016285
3.3	0.020903
3.31	0.013125
3.32	0.01507
3.33	0.028195
3.34	0.024792
3.35	0.018473
3.36	0.021876
3.37	0.017744
3.38	0.020174
3.39	0.024306
3.4	0.017257
3.41	0.012396
3.42	0.008993
3.43	0.004861
3.44	-0.000729
3.45	0.010695
3.46	-0.002431
3.47	0.0
3.48	-0.020417
3.49	-0.018716
3.5	-0.012882
3.51	-0.001701
3.52	-0.017014
3.53	-0.00632
3.54	-0.005347
3.55	0.00632
3.56	0.009723
3.57	0.002917
3.58	-0.006563
3.59	-0.000972
3.6	-0.003889
3.61	0.010695
3.62	0.021147
3.63	0.024063
3.64	0.022119
3.65	0.017014
3.66	0.023334
3.67	0.008507
3.68	0.021876
3.69	0.005834
3.7	-0.003889
3.71	-0.003403
3.72	0.004375
3.73	0.005104
3.74	-0.013368
3.75	-0.016285
3.76	-0.017014
3.77	-0.01823
3.78	-0.012639
3.79	-0.02382
3.8	-0.0333
3.81	-0.022848
3.82	-0.005347
3.83	-0.018473
3.84	-0.016528
3.85	-0.004861
3.86	0.016042
3.87	0.027466
3.88	0.029411
3.89	0.01507
3.9	0.010209
3.91	0.027466
3.92	0.031598
3.93	0.01507
3.94	0.017257
3.95	0.023577
3.96	0.010452
3.97	0.002917
3.98	0.017257
3.99	0.011667
4.0	0.024549
4.01	0.017987
4.02	0.017501
4.03	0.007292
4.04	0.016528
4.05	0.017014
4.06	0.01823
4.07	0.017257
4.08	0.014827
4.09	0.012882
4.1	0.029897
4.11	0.032814
4.12	0.026251
4.13	0.031355
4.14	0.034029
4.15	0.032084
4.16	0.017987
4.17	0.019202
4.18	-0.000243
4.19	-0.011667
4.2	-0.020174
4.21	-0.017257
4.22	0.008021
4.23	0.015799
4.24	0.017987
4.25	0.017014
4.26	0.015799
4.27	0.006563
4.28	0.016042
4.29	0.007778
4.3	0.014584
4.31	0.001458
4.32	0.00875
4.33	0.008264
4.34	0.002917
4.35	0.009479
4.36	0.002917
4.37	0.006563
4.38	0.019445
4.39	0.049099
4.4	0.043751
4.41	0.026251
4.42	0.005347
4.43	0.020417
4.44	0.022605
4.45	0.023334
4.46	0.000729
4.47	0.007778
4.48	-0.000486
4.49	-0.012639
4.5	-0.027709
4.51	-0.013368
4.52	-0.016771
4.53	-0.019688
4.54	-0.007778
4.55	-0.025522
4.56	-0.010452
4.57	-0.016771
4.58	-0.007535
4.59	-0.019445
4.6	-0.007778
4.61	-0.000486
4.62	-0.000729
4.63	-0.001215
4.64	0.002431
4.65	0.000972
4.66	0.006563
4.67	0.019688
4.68	0.021633
4.69	0.013125
4.7	0.020417
4.71	0.006077
4.72	-0.003889
4.73	-0.007535
4.74	-0.001458
4.75	0.017744
4.76	0.012396
4.77	0.000972
4.78	-0.019688
4.79	-0.013125
4.8	-0.017987
4.81	-0.007535
4.82	0.004618
4.83	-0.001701
4.84	-0.004861
4.85	0.018959
4.86	0.026737
4.87	0.014584
4.88	0.008507
4.89	0.007049
4.9	0.000972
4.91	0.019931
4.92	0.033786
4.93	0.020903
4.94	0.010452
4.95	0.012396
4.96	0.028438
4.97	0.019688
4.98	0.034029
4.99	0.016285
5.0	0.013368
5.01	0.009723
5.02	0.011424
5.03	-0.013855
5.04	-0.004861
5.05	-0.016771
5.06	-0.015799
5.07	-0.011181
5.08	-0.013368
5.09	0.0
5.1	-0.014584
5.11	0.002431
5.12	-0.014341
5.13	-0.020417
5.14	0.010209
5.15	0.00632
5.16	0.014098
5.17	-0.001215
5.18	-0.00632
5.19	-0.009966
5.2	-0.003403
5.21	0.003646
5.22	0.009966
5.23	0.018959
5.24	0.025765
5.25	0.010695
5.26	0.005834
5.27	-0.014098
5.28	-0.00559
5.29	-0.012639
5.3	-0.012639
5.31	0.007535
5.32	0.017744
5.33	0.033543
5.34	0.027223
5.35	0.018473
5.36	0.010938
5.37	0.007292
5.38	-0.00875
5.39	-0.008021
5.4	0.005347
5.41	0.003646
5.42	-0.006563
5.43	-0.006806
5.44	0.006806
5.45	-0.010209
5.46	-0.015313
5.47	-0.03014
5.48	-0.029654
5.49	-0.020903
5.5	-0.027709
5.51	-0.032327
5.52	-0.03573
5.53	-0.008507
5.54	0.004618
5.55	0.010452
5.56	0.01191
5.57	0.018959
5.58	0.035973
5.59	0.026494
5.6	0.031841
5.61	0.030383
5.62	0.013855
5.63	0.001945
5.64	0.000243
5.65	-0.008021
5.66	-0.022848
5.67	0.000729
5.68	0.007292
5.69	0.009479
5.7	-0.004861
5.71	-0.007049
5.72	-0.00632
5.73	-0.001458
5.74	0.000972
5.75	-0.015313
5.76	-0.006563
5.77	-0.000729
5.78	-0.00559
5.79	-0.001701
5.8	-0.002188
5.81	-0.004861
5.82	-0.004861
5.83	-0.015556
5.84	0.004618
5.85	0.007292
5.86	0.015313
5.87	0.008993
5.88	0.0
5.89	0.013855
5.9	0.00316
5.91	-0.00875
5.92	-0.010209
5.93	-0.018959
5.94	-0.01823
5.95	-0.029897
5.96	-0.03014
5.97	-0.027223
5.98	-0.01191
5.99	-0.021633
6.0	-0.028195
6.01	-0.026008
6.02	-0.025036
6.03	-0.029654
6.04	-0.03573
6.05	-0.039862
6.06	-0.041078
6.07	-0.028925
6.08	-0.033057
6.09	-0.03257
6.1	-0.026494
6.11	-0.004132
6.12	-0.005834
6.13	0.018473
6.14	0.022119
6.15	0.018959
6.16	0.022848
6.17	0.01823
6.18	0.031841
6.19	0.024549
6.2	0.031112
6.21	0.034029
6.22	0.036459
6.23	0.008993
6.24	-0.000972
6.25	-0.005347
6.26	0.001215
6.27	0.010209
6.28	0.012396
6.29	0.002674
6.3	0.001215
6.31	-0.002674
6.32	-0.002431
6.33	-0.008507
6.34	-0.036216
6.35	-0.008993
6.36	0.009236
6.37	0.006563
6.38	0.009236
6.39	0.003403
6.4	0.00559
6.41	0.019688
6.42	0.022362
6.43	0.008264
6.44	-0.002431
6.45	0.008264
6.46	0.000972
6.47	0.014584
6.48	0.007292
6.49	0.01507
6.5	0.019931
6.51	0.004861
6.52	0.00632
6.53	0.004618
6.54	0.003889
6.55	-0.002917
6.56	-0.001701
6.57	0.02382
6.58	0.018959
6.59	-0.008507
6.6	-0.019202
6.61	-0.001945
6.62	-0.014584
6.63	-0.003646
6.64	0.001215
6.65	0.002188
6.66	0.004132
6.67	0.000729
6.68	0.010938
6.69	-0.012153
6.7	-0.028681
6.71	-0.007778
6.72	-0.008507
6.73	-0.004132
6.74	0.004132
6.75	0.004618
6.76	-0.003646
6.77	-0.003646
6.78	-0.004618
6.79	-0.012639
6.8	-0.006563
6.81	0.010452
6.82	0.012153
6.83	-0.007049
6.84	-0.008993
6.85	-0.014098
6.86	-0.026008
6.87	-0.014827
6.88	-0.008264
6.89	-0.017014
6.9	-0.013855
6.91	-0.021147
6.92	0.013125
6.93	-0.002431
6.94	0.004132
6.95	0.002188
6.96	0.014098
6.97	0.016285
6.98	0.005834
6.99	0.002674
7.0	-0.006806
7.01	-0.004375
7.02	-0.02139
7.03	-0.018716
7.04	-0.005347
7.05	0.000486
7.06	-0.008021
7.07	-0.006563
7.08	-0.003646
7.09	0.000243
7.1	0.0
7.11	0.002431
7.12	-0.010695
7.13	-0.006563
7.14	0.009236
7.15	0.035001
7.16	0.019202
7.17	0.019688
7.18	0.017744
7.19	0.00632
7.2	-0.002917
7.21	-0.017744
7.22	-0.009236
7.23	0.003646
7.24	0.005104
7.25	0.001458
7.26	-0.005834
7.27	-0.007778
7.28	0.001701
7.29	0.005834
7.3	-0.006806
7.31	-0.012153
7.32	-0.010209
7.33	-0.014584
7.34	-0.031355
7.35	-0.021633
7.36	-0.01823
7.37	-0.018716
7.38	-0.019688
7.39	-0.022362
7.4	0.005104
7.41	0.013855
7.42	0.003403
7.43	0.013125
7.44	-0.001701
7.45	-0.003646
7.46	-0.004861
7.47	0.015313
7.48	0.011667
7.49	0.001215
7.5	0.001945
7.51	0.004375
7.52	0.000486
7.53	-0.001701
7.54	0.008264
7.55	-0.006563
7.56	-0.010938
7.57	-0.011667
7.58	-0.017501
7.59	0.005834
7.6	0.008021
7.61	0.002917
7.62	0.011424
7.63	0.02139
7.64	0.018473
7.65	-0.008264
7.66	-0.014098
7.67	-0.013612
7.68	-0.010209
7.69	-0.007292
7.7	-0.008507
7.71	0.003889
7.72	0.000972
7.73	-0.000243
7.74	-0.009723
7.75	-0.001701
7.76	0.009479
7.77	0.011181
7.78	-0.008021
7.79	-0.002431
7.8	-0.016771
7.81	0.012882
7.82	-0.007049
7.83	-0.013612
7.84	-0.023577
7.85	-0.017501
7.86	-0.008507
7.87	-0.009479
7.88	-0.011181
7.89	-0.02066
7.9	-0.013368
7.91	-0.001215
7.92	-0.017987
7.93	-0.009966
7.94	-0.011424
7.95	-0.001458
7.96	0.008264
7.97	0.016528
7.98	0.017014
7.99	-0.006563
8.0	-0.023091
8.01	-0.017014
8.02	-0.014341
8.03	-0.012396
8.04	-0.012396
8.05	-0.004132
8.06	0.003646
8.07	0.002674
8.08	-0.006806
8.09	0.013855
8.1	0.019931
8.11	0.016042
8.12	0.001945
8.13	-0.00559
8.14	0.008264
8.15	0.023334
8.16	0.013368
8.17	0.025036
8.18	0.013368
8.19	0.000729
8.2	0.005834
8.21	0.001945
8.22	0.010452
8.23	0.014098
8.24	0.009723
8.25	-0.000729
8.26	0.019688
8.27	0.006563
8.28	0.006563
8.29	0.00316
8.3	0.011667
8.31	-0.004618
8.32	-0.001458
8.33	0.004861
8.34	0.01191
8.35	-0.007292
8.36	0.002431
8.37	-0.001945
8.38	-0.00875
8.39	-0.025279
8.4	-0.014341
8.41	-0.010452
8.42	-0.000972
8.43	0.01507
8.44	0.008264
8.45	-0.00875
8.46	-0.013855
8.47	-0.000486
8.48	-0.011424
8.49	-0.00316
8.5	0.001458
8.51	0.002431
8.52	-0.008993
8.53	-0.019688
8.54	-0.025522
8.55	-0.026251
8.56	-0.009966
8.57	-0.000972
8.58	-0.007535
8.59	0.000729
8.6	0.0
8.61	-0.018473
8.62	-0.012639
8.63	-0.00632
8.64	-0.000729
8.65	0.00316
8.66	-0.000486
8.67	0.009236
8.68	0.015799
8.69	0.007535
8.7	0.019202
8.71	0.022119
8.72	0.022362
8.73	0.018716
8.74	-0.003403
8.75	0.0
8.76	0.005347
8.77	0.001945
8.78	-0.004861
8.79	-0.00316
8.8	-0.016528
8.81	-0.015799
8.82	-0.030383
8.83	-0.03257
8.84	-0.016285
8.85	-0.030869
8.86	-0.012396
8.87	-0.000486
8.88	-0.000243
8.89	0.011181
8.9	0.00632
8.91	0.010938
8.92	0.003403
8.93	-0.011424
8.94	-0.011424
8.95	-0.016042
8.96	-0.013612
8.97	-0.012153
8.98	-0.024549
8.99	-0.016771
9.0	-0.013612
9.01	-0.021633
9.02	-0.008264
9.03	0.007292
9.04	0.005347
9.05	-0.003889
9.06	0.02066
9.07	0.024549
9.08	0.019931
9.09	0.012882
9.1	0.003889
9.11	0.000486
9.12	0.00316
9.13	-0.014098
9.14	-0.008021
9.15	-0.005834
9.16	-0.009236
9.17	-0.02382
9.18	-0.021633
9.19	-0.016285
9.2	-0.01191
9.21	0.013855
9.22	-0.007778
9.23	-0.000243
9.24	-0.008993
9.25	0.006806
9.26	0.035973
9.27	0.043751
9.28	0.043751
9.29	0.031841
9.3	0.020174
9.31	-0.000972
9.32	0.002917
9.33	0.010452
9.34	0.012153
9.35	0.013125
9.36	0.003403
9.37	0.003403
9.38	0.002917
9.39	0.00875
9.4	0.00559
9.41	0.0
9.42	-0.007535
9.43	-0.039376
9.44	-0.042779
9.45	-0.049585
9.46	-0.03889
9.47	-0.032814
9.48	-0.026251
9.49	-0.018473
9.5	-0.014584
9.51	-0.017744
9.52	-0.029654
9.53	-0.030383
9.54	-0.030383
9.55	-0.031355
9.56	-0.038161
9.57	-0.027952
9.58	-0.021876
9.59	-0.009966
9.6	-0.007778
9.61	0.007535
9.62	-0.001945
9.63	-0.005347
9.64	-0.013855
9.65	0.011424
9.66	0.025036
9.67	0.018473
9.68	0.027466
9.69	0.013855
9.7	0.005104
9.71	-0.010938
9.72	-0.001945
9.73	-0.007292
9.74	-0.003889
9.75	0.0
9.76	0.01507
9.77	0.014341
9.78	-0.000486
9.79	-0.009966
9.8	-0.016042
9.81	0.00559
9.82	0.005834
9.83	0.01507
9.84	0.017744
9.85	0.016528
9.86	0.013368
9.87	0.016771
9.88	0.020417
9.89	0.018716
9.9	0.009723
9.91	0.012639
9.92	0.003403
9.93	0.003646
9.94	0.007778
9.95	-0.005834
9.96	-0.000243
9.97	-0.004861
9.98	0.004375
9.99	-0.00316
10.0	0.005104
10.01	0.013125
10.02	-0.005347
10.03	-0.003889
10.04	0.011424
10.05	-0.000243
10.06	-0.009479
10.07	-0.006563
10.08	-0.010452
10.09	-0.006563
10.1	-0.008507
10.11	-0.009723
10.12	-0.001945
10.13	-0.008021
10.14	-0.01507
10.15	-0.029168
10.16	-0.014341
10.17	-0.00559
10.18	-0.007292
10.19	-0.001458
10.2	-0.010695
10.21	-0.008021
10.22	-0.013368
10.23	-0.020903
10.24	-0.02066
10.25	-0.00316
10.26	0.006077
10.27	0.011181
10.28	0.015799
10.29	0.013612
10.3	0.019445
10.31	0.027709
10.32	0.009479
10.33	-0.002431
10.34	0.008993
10.35	0.016771
10.36	0.001701
10.37	0.006077
10.38	0.013855
10.39	0.010452
10.4	0.004375
10.41	0.00559
10.42	0.012153
10.43	0.014098
10.44	0.025522
10.45	0.006806
10.46	-0.006806
10.47	0.00316
10.48	0.013125
10.49	0.003403
10.5	-0.011181
10.51	-0.00316
10.52	0.008264
10.53	0.009966
10.54	0.004861
10.55	-0.001458
10.56	-0.027709
10.57	-0.027466
10.58	-0.022848
10.59	-0.015313
10.6	-0.012882
10.61	-0.011181
10.62	-0.014827
10.63	-0.014098
10.64	-0.002917
10.65	0.007535
10.66	0.011181
10.67	0.008021
10.68	0.002674
10.69	0.002674
10.7	-0.009479
10.71	-0.014827
10.72	-0.007049
10.73	-0.01507
10.74	-0.014341
10.75	-0.011181
10.76	-0.025765
10.77	-0.021147
10.78	-0.004132
10.79	-0.021633
10.8	-0.026008
10.81	-0.026251
10.82	-0.028195
10.83	-0.033786
10.84	-0.02139
10.85	-0.021876
10.86	-0.024792
10.87	-0.010695
10.88	-0.01191
10.89	-0.011424
10.9	-0.017744
10.91	-0.001701
10.92	-0.009723
10.93	-0.017014
10.94	-0.001945
10.95	-0.012153
10.96	-0.031112
10.97	-0.028438
10.98	-0.027466
10.99	-0.021876
11.0	-0.00632
11.01	-0.002188
11.02	-0.010452
11.03	-0.020174
11.04	-0.024063
11.05	-0.012882
11.06	-0.011181
11.07	0.001701
11.08	-0.01507
11.09	-0.027466
11.1	-0.03257
11.11	-0.027709
11.12	-0.024792
11.13	-0.013125
11.14	-0.001945
11.15	0.002674
11.16	0.015313
11.17	0.020417
11.18	0.007292
11.19	-0.011181
11.2	0.011424
11.21	0.016042
11.22	0.01191
11.23	0.00559
11.24	0.006563
11.25	0.014341
11.26	0.004618
11.27	-0.01191
11.28	0.004132
11.29	0.004861
11.3	0.024063
11.31	0.013368
11.32	0.011424
11.33	-0.000243
11.34	0.014827
11.35	-0.006077
11.36	-0.012639
11.37	0.004132
11.38	-0.005834
11.39	0.008021
11.4	-0.004132
11.41	0.011181
11.42	0.013368
11.43	0.007292
11.44	0.005347
11.45	0.0
11.46	-0.005104
11.47	0.012153
11.48	0.007535
11.49	0.001215
11.5	0.020417
11.51	0.008264
11.52	0.005834
11.53	-0.008993
11.54	0.005347
11.55	0.000486
11.56	0.025036
11.57	0.010938
11.58	0.006563
11.59	0.00632
11.6	0.0
11.61	-0.000972
11.62	-0.015556
11.63	-0.009479
11.64	-0.018473
11.65	-0.016042
11.66	-0.012882
11.67	-0.007778
11.68	-0.001945
11.69	-0.013612
11.7	-0.008021
11.71	-0.019445
11.72	-0.03014
11.73	-0.026008
11.74	-0.011667
11.75	-0.009479
11.76	-0.008264
11.77	-0.008021
11.78	-0.01191
11.79	0.008021
11.8	0.008993
11.81	-0.000486
11.82	-0.001701
11.83	0.000972
11.84	-0.00316
11.85	0.023334
11.86	0.018716
11.87	0.004132
11.88	0.010695
11.89	-0.018959
11.9	-0.012396
11.91	-0.010695
11.92	-0.013612
11.93	-0.022362
11.94	-0.024063
11.95	-0.026008
11.96	-0.018716
11.97	-0.017744
11.98	-0.015556
11.99	-0.014584
12.0	-0.015556
12.01	-0.014098
12.02	-0.00875
12.03	0.008993
12.04	0.020174
12.05	0.008264
12.06	0.029168
12.07	0.016042
12.08	0.018959
12.09	0.015556
12.1	0.008993
12.11	0.00875
12.12	-0.005347
12.13	-0.004132
12.14	-0.015799
12.15	-0.02066
12.16	-0.005347
12.17	-0.004861
12.18	-0.000729
12.19	0.005104
12.2	-0.005834
12.21	-0.013855
12.22	-0.018473
12.23	-0.012639
12.24	-0.025522
12.25	-0.017257
12.26	-0.020417
12.27	-0.02382
12.28	-0.021876
12.29	-0.01823
12.3	-0.034515
12.31	-0.035001
12.32	-0.017987
12.33	-0.014827
12.34	-0.016285
12.35	-0.000729
12.36	-0.011424
12.37	0.008993
12.38	0.002674
12.39	-0.009723
12.4	0.012882
12.41	0.010452
12.42	-0.010695
12.43	-0.000243
12.44	-0.00559
12.45	-0.016042
12.46	-0.012396
12.47	0.012153
12.48	0.019688
12.49	0.02139
12.5	0.011667
12.51	0.022848
12.52	0.007535
12.53	0.003646
12.54	-0.001945
12.55	0.007049
12.56	-0.008021
12.57	-0.002674
12.58	-0.00875
12.59	0.001701
12.6	0.005347
12.61	-0.000972
12.62	0.001215
12.63	-0.004861
12.64	-0.007535
12.65	-0.018716
12.66	-0.026251
12.67	-0.027223
12.68	-0.020417
12.69	-0.008021
12.7	-0.001945
12.71	-0.010695
12.72	-0.01507
12.73	-0.01823
12.74	-0.02139
12.75	-0.020417
12.76	-0.028195
12.77	-0.021633
12.78	-0.025279
12.79	-0.019445
12.8	-0.01507
12.81	-0.021633
12.82	-0.022605
12.83	-0.012639
12.84	0.014341
12.85	0.025279
12.86	0.016042
12.87	0.003403
12.88	-0.008507
12.89	-0.014584
12.9	-0.012153
12.91	-0.010452
12.92	-0.02382
12.93	-0.020903
12.94	-0.005834
12.95	0.013612
12.96	-0.007535
12.97	-0.004618
12.98	0.006806
12.99	0.012639
13.0	0.013368
13.01	0.004861
13.02	0.01191
13.03	0.023091
13.04	0.012639

&

0.01	0.000337
0.02	0.000547
0.03	0.00064
0.04	0.000896
0.05	0.001175
0.06	0.001292
0.07	0.001408
0.08	0.001641
0.09	0.001838
0.1	0.001955
0.11	0.002304
0.12	0.002455
0.13	0.002665
0.14	0.002921
0.15	0.00306
0.16	0.003258
0.17	0.003467
0.18	0.003886
0.19	0.004235
0.2	0.00448
0.21	0.004328
0.22	0.004712
0.23	0.005213
0.24	0.005248
0.25	0.005725
0.26	0.005527
0.27	0.005236
0.28	0.005341
0.29	0.005818
0.3	0.006178
0.31	0.005876
0.32	0.006144
0.33	0.006376
0.34	0.006981
0.35	0.007714
0.36	0.007749
0.37	0.007819
0.38	0.007679
0.39	0.007679
0.4	0.008331
0.41	0.008855
0.42	0.008983
0.43	0.009169
0.44	0.008796
0.45	0.008692
0.46	0.008692
0.47	0.009169
0.48	0.009227
0.49	0.009262
0.5	0.009471
0.51	0.009972
0.52	0.010007
0.53	0.009832
0.54	0.010193
0.55	0.010367
0.56	0.010635
0.57	0.01053
0.58	0.010658
0.59	0.010414
0.6	0.010914
0.61	0.011019
0.62	0.011089
0.63	0.011379
0.64	0.011135
0.65	0.011438
0.66	0.011822
0.67	0.011973
0.68	0.012892
0.69	0.013171
0.7	0.012194
0.71	0.012182
0.72	0.012438
0.73	0.012438
0.74	0.012555
0.75	0.012752
0.76	0.012811
0.77	0.013102
0.78	0.013311
0.79	0.013404
0.8	0.013613
0.81	0.014137
0.82	0.014277
0.83	0.013811
0.84	0.014533
0.85	0.014323
0.86	0.014475
0.87	0.014626
0.88	0.015196
0.89	0.0143
0.9	0.014544
0.91	0.014858
0.92	0.013904
0.93	0.01416
0.94	0.014742
0.95	0.013695
0.96	0.014381
0.97	0.014591
0.98	0.014754
0.99	0.014998
1.0	0.015149
1.01	0.01565
1.02	0.015196
1.03	0.015312
1.04	0.015789
1.05	0.015114
1.06	0.015487
1.07	0.01544
1.08	0.015848
1.09	0.01608
1.1	0.015882
1.11	0.015929
1.12	0.01537
1.13	0.015894
1.14	0.015184
1.15	0.015045
1.16	0.015382
1.17	0.015359
1.18	0.015615
1.19	0.015615
1.2	0.015754
1.21	0.016243
1.22	0.016301
1.23	0.015149
1.24	0.015173
1.25	0.015731
1.26	0.016394
1.27	0.015731
1.28	0.014742
1.29	0.015184
1.3	0.014812
1.31	0.01508
1.32	0.015208
1.33	0.015324
1.34	0.01601
1.35	0.015242
1.36	0.01508
1.37	0.015021
1.38	0.015312
1.39	0.015673
1.4	0.015522
1.41	0.01601
1.42	0.014754
1.43	0.015056
1.44	0.014125
1.45	0.014381
1.46	0.013392
1.47	0.013288
1.48	0.013462
1.49	0.013567
1.5	0.014312
1.51	0.013963
1.52	0.014463
1.53	0.01423
1.54	0.014603
1.55	0.014696
1.56	0.014975
1.57	0.015068
1.58	0.015603
1.59	0.016127
1.6	0.015452
1.61	0.015848
1.62	0.014847
1.63	0.01494
1.64	0.014603
1.65	0.015184
1.66	0.014265
1.67	0.014707
1.68	0.014777
1.69	0.015045
1.7	0.015568
1.71	0.015638
1.72	0.01551
1.73	0.014265
1.74	0.014637
1.75	0.014917
1.76	0.014288
1.77	0.013509
1.78	0.013462
1.79	0.01316
1.8	0.013334
1.81	0.014021
1.82	0.014114
1.83	0.01423
1.84	0.014579
1.85	0.013823
1.86	0.014056
1.87	0.014975
1.88	0.015359
1.89	0.015149
1.9	0.015487
1.91	0.016022
1.92	0.016243
1.93	0.01551
1.94	0.015731
1.95	0.015708
1.96	0.015894
1.97	0.016406
1.98	0.016615
1.99	0.016965
2.0	0.017011
2.01	0.016732
2.02	0.01679
2.03	0.016674
2.04	0.016918
2.05	0.016627
2.06	0.016627
2.07	0.016092
2.08	0.015592
2.09	0.015533
2.1	0.015894
2.11	0.016301
2.12	0.016429
2.13	0.016848
2.14	0.016871
2.15	0.016639
2.16	0.015941
2.17	0.016045
2.18	0.01608
2.19	0.015801
2.2	0.015056
2.21	0.014149
2.22	0.013567
2.23	0.013811
2.24	0.014975
2.25	0.015417
2.26	0.015301
2.27	0.015452
2.28	0.014544
2.29	0.014091
2.3	0.014556
2.31	0.014684
2.32	0.014731
2.33	0.015021
2.34	0.015254
2.35	0.015929
2.36	0.01608
2.37	0.016057
2.38	0.016348
2.39	0.016301
2.4	0.016662
2.41	0.017279
2.42	0.016685
2.43	0.016499
2.44	0.016743
2.45	0.016697
2.46	0.015743
2.47	0.015685
2.48	0.01601
2.49	0.015743
2.5	0.015859
2.51	0.015708
2.52	0.016231
2.53	0.016313
2.54	0.015347
2.55	0.014986
2.56	0.014998
2.57	0.015673
2.58	0.016418
2.59	0.017046
2.6	0.017663
2.61	0.01736
2.62	0.01786
2.63	0.017837
2.64	0.01729
2.65	0.016941
2.66	0.017046
2.67	0.015789
2.68	0.015475
2.69	0.01544
2.7	0.015149
2.71	0.015696
2.72	0.015882
2.73	0.015638
2.74	0.014672
2.75	0.01444
2.76	0.014637
2.77	0.014347
2.78	0.014556
2.79	0.013148
2.8	0.01195
2.81	0.012275
2.82	0.012741
2.83	0.012985
2.84	0.012857
2.85	0.013078
2.86	0.013474
2.87	0.012764
2.88	0.013439
2.89	0.014044
2.9	0.013346
2.91	0.013916
2.92	0.013264
2.93	0.01302
2.94	0.013008
2.95	0.013369
2.96	0.01295
2.97	0.01309
2.98	0.01295
2.99	0.013334
3.0	0.013183
3.01	0.012392
3.02	0.012415
3.03	0.012799
3.04	0.013299
3.05	0.013753
3.06	0.013858
3.07	0.013241
3.08	0.013579
3.09	0.013811
3.1	0.014416
3.11	0.013427
3.12	0.013544
3.13	0.013509
3.14	0.012473
3.15	0.012438
3.16	0.012473
3.17	0.011624
3.18	0.01174
3.19	0.011577
3.2	0.011752
3.21	0.012403
3.22	0.013288
3.23	0.013427
3.24	0.01359
3.25	0.013544
3.26	0.013613
3.27	0.013707
3.28	0.013765
3.29	0.013776
3.3	0.013392
3.31	0.013928
3.32	0.014067
3.33	0.014056
3.34	0.014067
3.35	0.014463
3.36	0.014556
3.37	0.014672
3.38	0.01366
3.39	0.013718
3.4	0.013625
3.41	0.014056
3.42	0.014649
3.43	0.015254
3.44	0.014277
3.45	0.014521
3.46	0.014742
3.47	0.014219
3.48	0.014451
3.49	0.013462
3.5	0.01352
3.51	0.012392
3.52	0.011729
3.53	0.01195
3.54	0.012008
3.55	0.012147
3.56	0.010972
3.57	0.011321
3.58	0.012648
3.59	0.013276
3.6	0.013288
3.61	0.012706
3.62	0.013253
3.63	0.013253
3.64	0.013008
3.65	0.013264
3.66	0.013904
3.67	0.014265
3.68	0.014451
3.69	0.014009
3.7	0.013846
3.71	0.014277
3.72	0.014416
3.73	0.014847
3.74	0.015114
3.75	0.015219
3.76	0.015417
3.77	0.015964
3.78	0.014696
3.79	0.014463
3.8	0.014963
3.81	0.015068
3.82	0.015813
3.83	0.015906
3.84	0.016103
3.85	0.016767
3.86	0.015568
3.87	0.01537
3.88	0.015731
3.89	0.014754
3.9	0.014917
3.91	0.015231
3.92	0.015592
3.93	0.015545
3.94	0.015871
3.95	0.015347
3.96	0.015068
3.97	0.015149
3.98	0.016034
3.99	0.015487
4.0	0.015731
4.01	0.01565
4.02	0.01615
4.03	0.016453
4.04	0.016534
4.05	0.016871
4.06	0.017476
4.07	0.017093
4.08	0.017546
4.09	0.018012
4.1	0.017232
4.11	0.017698
4.12	0.016371
4.13	0.016604
4.14	0.016604
4.15	0.016313
4.16	0.016336
4.17	0.015498
4.18	0.014882
4.19	0.015219
4.2	0.015394
4.21	0.015533
4.22	0.015615
4.23	0.015789
4.24	0.015603
4.25	0.016185
4.26	0.01629
4.27	0.016592
4.28	0.01622
4.29	0.015836
4.3	0.016406
4.31	0.01679
4.32	0.014917
4.33	0.014928
4.34	0.01487
4.35	0.014765
4.36	0.013718
4.37	0.013881
4.38	0.013986
4.39	0.013567
4.4	0.013881
4.41	0.014288
4.42	0.014952
4.43	0.015242
4.44	0.01508
4.45	0.014672
4.46	0.014405
4.47	0.014731
4.48	0.014952
4.49	0.015266
4.5	0.016034
4.51	0.016569
4.52	0.016557
4.53	0.016709
4.54	0.016778
4.55	0.01672
4.56	0.016941
4.57	0.017197
4.58	0.016103
4.59	0.016697
4.6	0.017069
4.61	0.016615
4.62	0.016685
4.63	0.016988
4.64	0.017348
4.65	0.017942
4.66	0.018
4.67	0.01821
4.68	0.018605
4.69	0.018431
4.7	0.017651
4.71	0.017244
4.72	0.017756
4.73	0.018244
4.74	0.017209
4.75	0.017407
4.76	0.016732
4.77	0.01665
4.78	0.01665
4.79	0.016755
4.8	0.017034
4.81	0.017372
4.82	0.017093
4.83	0.017058
4.84	0.017151
4.85	0.017465
4.86	0.017988
4.87	0.018465
4.88	0.017802
4.89	0.018
4.9	0.018337
4.91	0.018465
4.92	0.018384
4.93	0.018524
4.94	0.018896
4.95	0.019024
4.96	0.017884
4.97	0.016895
4.98	0.015964
4.99	0.016173
5.0	0.016825
5.01	0.014812
5.02	0.014928
5.03	0.015149
5.04	0.015557
5.05	0.014661
5.06	0.014661
5.07	0.014882
5.08	0.014614
5.09	0.015242
5.1	0.016045
5.11	0.016592
5.12	0.015708
5.13	0.014614
5.14	0.014637
5.15	0.014626
5.16	0.014952
5.17	0.015208
5.18	0.014789
5.19	0.014428
5.2	0.014754
5.21	0.015045
5.22	0.015626
5.23	0.015638
5.24	0.016278
5.25	0.016022
5.26	0.016359
5.27	0.016813
5.28	0.01736
5.29	0.017744
5.3	0.017442
5.31	0.017011
5.32	0.016185
5.33	0.015848
5.34	0.016511
5.35	0.017046
5.36	0.01622
5.37	0.01508
5.38	0.015824
5.39	0.01565
5.4	0.016162
5.41	0.015417
5.42	0.015568
5.43	0.015917
5.44	0.015906
5.45	0.016348
5.46	0.016988
5.47	0.016988
5.48	0.016743
5.49	0.015754
5.5	0.016208
5.51	0.016615
5.52	0.016906
5.53	0.016441
5.54	0.016453
5.55	0.016511
5.56	0.016499
5.57	0.017034
5.58	0.016848
5.59	0.016767
5.6	0.016871
5.61	0.015266
5.62	0.014603
5.63	0.014347
5.64	0.0143
5.65	0.014637
5.66	0.014661
5.67	0.015091
5.68	0.015429
5.69	0.014614
5.7	0.01444
5.71	0.015312
5.72	0.015626
5.73	0.014847
5.74	0.014533
5.75	0.014219
5.76	0.013823
5.77	0.014021
5.78	0.014835
5.79	0.015091
5.8	0.015394
5.81	0.016069
5.82	0.016604
5.83	0.016022
5.84	0.015952
5.85	0.016173
5.86	0.015289
5.87	0.015685
5.88	0.014498
5.89	0.014649
5.9	0.014509
5.91	0.014253
5.92	0.0143
5.93	0.014451
5.94	0.015056
5.95	0.015347
5.96	0.015429
5.97	0.015801
5.98	0.014963
5.99	0.014963
6.0	0.015208
6.01	0.015533
6.02	0.015626
6.03	0.01501
6.04	0.015184
6.05	0.015184
6.06	0.015661
6.07	0.015964
6.08	0.016115
6.09	0.016022
6.1	0.014661
6.11	0.014789
6.12	0.014777
6.13	0.014498
6.14	0.014684
6.15	0.014952
6.16	0.014777
6.17	0.015173
6.18	0.015522
6.19	0.016138
6.2	0.016243
6.21	0.01615
6.22	0.015987
6.23	0.015778
6.24	0.015987
6.25	0.015964
6.26	0.015848
6.27	0.014661
6.28	0.015184
6.29	0.015626
6.3	0.015754
6.31	0.015906
6.32	0.016115
6.33	0.016325
6.34	0.016813
6.35	0.016476
6.36	0.016674
6.37	0.016871
6.38	0.016662
6.39	0.016941
6.4	0.01736
6.41	0.017837
6.42	0.017162
6.43	0.017069
6.44	0.016453
6.45	0.015871
6.46	0.016208
6.47	0.017197
6.48	0.017255
6.49	0.017127
6.5	0.01686
6.51	0.017558
6.52	0.016034
6.53	0.016476
6.54	0.015266
6.55	0.015068
6.56	0.015312
6.57	0.015347
6.58	0.015999
6.59	0.015394
6.6	0.014731
6.61	0.014754
6.62	0.01366
6.63	0.013963
6.64	0.013928
6.65	0.013753
6.66	0.013439
6.67	0.013951
6.68	0.014405
6.69	0.014731
6.7	0.015173
6.71	0.015277
6.72	0.015359
6.73	0.015429
6.74	0.014358
6.75	0.014765
6.76	0.014114
6.77	0.01437
6.78	0.0148
6.79	0.015754
6.8	0.016138
6.81	0.016743
6.82	0.01693
6.83	0.017127
6.84	0.017162
6.85	0.017314
6.86	0.016743
6.87	0.016988
6.88	0.01686
6.89	0.017046
6.9	0.016697
6.91	0.016976
6.92	0.017139
6.93	0.017593
6.94	0.018768
6.95	0.017721
6.96	0.017023
6.97	0.017535
6.98	0.017418
6.99	0.015766
7.0	0.016103
7.01	0.016871
7.02	0.016115
7.03	0.015615
7.04	0.015545
7.05	0.014544
7.06	0.015021
7.07	0.014219
7.08	0.014381
7.09	0.014614
7.1	0.014405
7.11	0.014603
7.12	0.013858
7.13	0.013288
7.14	0.013567
7.15	0.013753
7.16	0.013939
7.17	0.014358
7.18	0.014858
7.19	0.015103
7.2	0.014893
7.21	0.015301
7.22	0.015964
7.23	0.016325
7.24	0.015266
7.25	0.015289
7.26	0.015114
7.27	0.015149
7.28	0.014707
7.29	0.014672
7.3	0.014847
7.31	0.014405
7.32	0.014207
7.33	0.014591
7.34	0.014451
7.35	0.014207
7.36	0.014765
7.37	0.015173
7.38	0.015498
7.39	0.015929
7.4	0.016615
7.41	0.016778
7.42	0.016953
7.43	0.017383
7.44	0.015766
7.45	0.01494
7.46	0.015347
7.47	0.015498
7.48	0.016243
7.49	0.015661
7.5	0.015964
7.51	0.016255
7.52	0.016103
7.53	0.016325
7.54	0.016615
7.55	0.017418
7.56	0.016569
7.57	0.016453
7.58	0.016429
7.59	0.01558
7.6	0.01544
7.61	0.014556
7.62	0.013276
7.63	0.0138
7.64	0.013986
7.65	0.014195
7.66	0.01423
7.67	0.014742
7.68	0.014498
7.69	0.014812
7.7	0.014556
7.71	0.015813
7.72	0.01558
7.73	0.015568
7.74	0.015929
7.75	0.016313
7.76	0.015196
7.77	0.015114
7.78	0.015091
7.79	0.015196
7.8	0.014777
7.81	0.014952
7.82	0.014905
7.83	0.015464
7.84	0.014277
7.85	0.014323
7.86	0.015149
7.87	0.015464
7.88	0.014265
7.89	0.0143
7.9	0.014824
7.91	0.014731
7.92	0.014731
7.93	0.0138
7.94	0.013928
7.95	0.013939
7.96	0.014486
7.97	0.014707
7.98	0.014858
7.99	0.013974
8.0	0.014021
8.01	0.013683
8.02	0.013416
8.03	0.013939
8.04	0.013055
8.05	0.013171
8.06	0.013241
8.07	0.012706
8.08	0.012624
8.09	0.012997
8.1	0.012078
8.11	0.012764
8.12	0.012997
8.13	0.012857
8.14	0.011519
8.15	0.011566
8.16	0.012031
8.17	0.012182
8.18	0.012217
8.19	0.012508
8.2	0.012718
8.21	0.012892
8.22	0.013067
8.23	0.01316
8.24	0.013683
8.25	0.013951
8.26	0.01416
8.27	0.014288
8.28	0.014463
8.29	0.014556
8.3	0.014416
8.31	0.014765
8.32	0.013997
8.33	0.014277
8.34	0.014486
8.35	0.014428
8.36	0.013765
8.37	0.013707
8.38	0.012997
8.39	0.01309
8.4	0.013148
8.41	0.013358
8.42	0.013637
8.43	0.014323
8.44	0.014556
8.45	0.014428
8.46	0.013951
8.47	0.013299
8.48	0.013078
8.49	0.013369
8.5	0.013532
8.51	0.013997
8.52	0.014032
8.53	0.014102
8.54	0.013753
8.55	0.013346
8.56	0.013544
8.57	0.014184
8.58	0.014486
8.59	0.015324
8.6	0.01572
8.61	0.016045
8.62	0.015894
8.63	0.016476
8.64	0.01686
8.65	0.015859
8.66	0.014824
8.67	0.014684
8.68	0.014777
8.69	0.0148
8.7	0.015196
8.71	0.015277
8.72	0.015324
8.73	0.014765
8.74	0.014591
8.75	0.015056
8.76	0.014847
8.77	0.014975
8.78	0.014905
8.79	0.014009
8.8	0.014544
8.81	0.014835
8.82	0.015242
8.83	0.014521
8.84	0.014789
8.85	0.015301
8.86	0.015464
8.87	0.015743
8.88	0.016197
8.89	0.015894
8.9	0.015254
8.91	0.015487
8.92	0.015347
8.93	0.014835
8.94	0.015056
8.95	0.015533
8.96	0.016045
8.97	0.01601
8.98	0.01601
8.99	0.014242
9.0	0.013602
9.01	0.014219
9.02	0.015359
9.03	0.015615
9.04	0.01558
9.05	0.014707
9.06	0.015464
9.07	0.015778
9.08	0.015975
9.09	0.016208
9.1	0.015033
9.11	0.015021
9.12	0.01416
9.13	0.014719
9.14	0.015045
9.15	0.015405
9.16	0.015952
9.17	0.015336
9.18	0.015475
9.19	0.015754
9.2	0.016639
9.21	0.017174
9.22	0.01679
9.23	0.016522
9.24	0.016871
9.25	0.016802
9.26	0.016115
9.27	0.016697
9.28	0.015964
9.29	0.016162
9.3	0.016499
9.31	0.016871
9.32	0.016627
9.33	0.016848
9.34	0.017418
9.35	0.017837
9.36	0.016534
9.37	0.016662
9.38	0.015603
9.39	0.01565
9.4	0.015533
9.41	0.015533
9.42	0.016231
9.43	0.017023
9.44	0.016406
9.45	0.016674
9.46	0.016732
9.47	0.016546
9.48	0.01679
9.49	0.016115
9.5	0.016487
9.51	0.016732
9.52	0.016138
9.53	0.016499
9.54	0.015941
9.55	0.015952
9.56	0.015952
9.57	0.014172
9.58	0.013695
9.59	0.013637
9.6	0.012706
9.61	0.012648
9.62	0.012857
9.63	0.011857
9.64	0.012043
9.65	0.012089
9.66	0.012287
9.67	0.012694
9.68	0.012811
9.69	0.013206
9.7	0.01302
9.71	0.01316
9.72	0.013707
9.73	0.01309
9.74	0.013532
9.75	0.013462
9.76	0.01245
9.77	0.012543
9.78	0.012962
9.79	0.013043
9.8	0.012927
9.81	0.012683
9.82	0.012799
9.83	0.013078
9.84	0.012427
9.85	0.011251
9.86	0.011042
9.87	0.011228
9.88	0.010297
9.89	0.010274
9.9	0.010449
9.91	0.011054
9.92	0.011414
9.93	0.011391
9.94	0.01167
9.95	0.011496
9.96	0.011461
9.97	0.011554
9.98	0.011659
9.99	0.011635
10.0	0.011938
10.01	0.011368
10.02	0.011601
10.03	0.011554
10.04	0.012147
10.05	0.012601
10.06	0.012334
10.07	0.011996
10.08	0.011752
10.09	0.010658
10.1	0.010937
10.11	0.010658
10.12	0.010961
10.13	0.011042
10.14	0.011251
10.15	0.01039
10.16	0.01074
10.17	0.010658
10.18	0.011089
10.19	0.010833
10.2	0.011158
10.21	0.011694
10.22	0.012124
10.23	0.011973
10.24	0.012392
10.25	0.012392
10.26	0.012787
10.27	0.012694
10.28	0.013532
10.29	0.013823
10.3	0.013264
10.31	0.013695
10.32	0.013218
10.33	0.012683
10.34	0.012962
10.35	0.013264
10.36	0.013427
10.37	0.013276
10.38	0.012985
10.39	0.013648
10.4	0.014137
10.41	0.014463
10.42	0.014975
10.43	0.015045
10.44	0.014184
10.45	0.014102
10.46	0.013625
10.47	0.01373
10.48	0.013858
10.49	0.014114
10.5	0.014044
10.51	0.014149
10.52	0.013369
10.53	0.013544
10.54	0.013765
10.55	0.014125
10.56	0.014265
10.57	0.013997
10.58	0.014195
10.59	0.013067
10.6	0.012706
10.61	0.011926
10.62	0.010193
10.63	0.01053
10.64	0.01039
10.65	0.009285
10.66	0.009134
10.67	0.009425
10.68	0.009774
10.69	0.009925
10.7	0.009925
10.71	0.009634
10.72	0.009879
10.73	0.009774
10.74	0.01003
10.75	0.010332
10.76	0.01074
10.77	0.010577
10.78	0.011193
10.79	0.011577
10.8	0.011903
10.81	0.012369
10.82	0.011554
10.83	0.011822
10.84	0.012299
10.85	0.011228
10.86	0.011577
10.87	0.011891
10.88	0.012147
10.89	0.01181
10.9	0.011891
10.91	0.011473
10.92	0.011717
10.93	0.011577
10.94	0.011554
10.95	0.011624
10.96	0.012043
10.97	0.010868
10.98	0.011205
10.99	0.011298
11.0	0.01131
11.01	0.011659
11.02	0.011589
11.03	0.011647
11.04	0.011926
11.05	0.012427
11.06	0.012252
11.07	0.012473
11.08	0.012927
11.09	0.01295
11.1	0.012718
11.11	0.013136
11.12	0.01316
11.13	0.012531
11.14	0.013486
11.15	0.013451
11.16	0.014533
11.17	0.013427
11.18	0.013881
11.19	0.014347
11.2	0.014544
11.21	0.014393
11.22	0.013695
11.23	0.012915
11.24	0.012869
11.25	0.012822
11.26	0.013136
11.27	0.013462
11.28	0.014044
11.29	0.013695
11.3	0.013893
11.31	0.013928
11.32	0.014149
11.33	0.013974
11.34	0.014405
11.35	0.014312
11.36	0.014591
11.37	0.014521
11.38	0.015033
11.39	0.015289
11.4	0.014591
11.41	0.014533
11.42	0.014626
11.43	0.014963
11.44	0.014253
11.45	0.01359
11.46	0.013486
11.47	0.013893
11.48	0.014079
11.49	0.013067
11.5	0.013311
11.51	0.013613
11.52	0.013869
11.53	0.013765
11.54	0.012939
11.55	0.011333
11.56	0.011217
11.57	0.010169
11.58	0.010425
11.59	0.010833
11.6	0.011042
11.61	0.011158
11.62	0.011798
11.63	0.011845
11.64	0.012101
11.65	0.012613
11.66	0.012764
11.67	0.013195
11.68	0.013497
11.69	0.013846
11.7	0.014323
11.71	0.01444
11.72	0.014265
11.73	0.014381
11.74	0.014696
11.75	0.014998
11.76	0.01544
11.77	0.015091
11.78	0.014986
11.79	0.014858
11.8	0.015103
11.81	0.013986
11.82	0.013904
11.83	0.014067
11.84	0.014312
11.85	0.014347
11.86	0.014591
11.87	0.015417
11.88	0.014649
11.89	0.015091
11.9	0.015196
11.91	0.015173
11.92	0.015336
11.93	0.015219
11.94	0.015638
11.95	0.01601
11.96	0.015429
11.97	0.013963
11.98	0.01416
11.99	0.014672
12.0	0.0138
12.01	0.013497
12.02	0.013858
12.03	0.013858
12.04	0.014102
12.05	0.013055
12.06	0.013369
12.07	0.013567
12.08	0.013648
12.09	0.012555
12.1	0.012822
12.11	0.012764
12.12	0.013206
12.13	0.013148
12.14	0.012601
12.15	0.011321
12.16	0.011752
12.17	0.012264
12.18	0.012403
12.19	0.011868
12.2	0.012334
12.21	0.012159
12.22	0.012485
12.23	0.013369
12.24	0.013695
12.25	0.012811
12.26	0.013171
12.27	0.011228
12.28	0.012031
12.29	0.012066
12.3	0.012171
12.31	0.012089
12.32	0.012706
12.33	0.013102
12.34	0.013218
12.35	0.013544
12.36	0.013776
12.37	0.013171
12.38	0.013579
12.39	0.013963
12.4	0.01501
12.41	0.014696
12.42	0.014742
12.43	0.014568
12.44	0.014917
12.45	0.015045
12.46	0.015289
12.47	0.015254
12.48	0.01508
12.49	0.015219
12.5	0.015754
12.51	0.01608
12.52	0.015824
12.53	0.015417
12.54	0.015161
12.55	0.014032
12.56	0.014067
12.57	0.014277
12.58	0.014591
12.59	0.015394
12.6	0.014358
12.61	0.014835
12.62	0.015254
12.63	0.014812
12.64	0.014847
12.65	0.0148
12.66	0.014731
12.67	0.015068
12.68	0.015161
12.69	0.015754
12.7	0.016162
12.71	0.016522
12.72	0.017011
12.73	0.017232
12.74	0.017034
12.75	0.017127
12.76	0.017139
12.77	0.017523
12.78	0.017546
12.79	0.016069
12.8	0.016034
12.81	0.016173
12.82	0.016837
12.83	0.017104
12.84	0.016185
12.85	0.016557
12.86	0.016697
12.87	0.016487
12.88	0.01693
12.89	0.015615
12.9	0.016359
12.91	0.014672
12.92	0.015056
12.93	0.014928
12.94	0.015312
12.95	0.013509
12.96	0.013241
12.97	0.013299
12.98	0.013416
12.99	0.012287
13.0	0.012415
13.01	0.01316
13.02	0.013346
13.03	0.013125
13.04	0.012566

&

