0.002	-0.002431
0.004	-0.002431
0.006	-0.001215
0.008	-0.006806
0.01	-0.010452
0.012	-0.01823
0.014	-0.013368
0.016	-0.016042
0.018	-0.020174
0.02	-0.014584
0.022	-0.016528
0.024	-0.004375
0.026	-0.006077
0.028	-0.007292
0.03	-0.003403
0.032	-0.003646
0.034	-0.007535
0.036	-0.009236
0.038	-0.005347
0.04	-0.009966
0.042	-0.013125
0.044	-0.008264
0.046	-0.010209
0.048	-0.007049
0.05	0.005104
0.052	0.009236
0.054	0.008993
0.056	0.000729
0.058	0.018716
0.06	0.012153
0.062	0.021147
0.064	0.018716
0.066	0.022119
0.068	0.028195
0.07	0.031841
0.072	0.011424
0.074	0.007535
0.076	0.009723
0.078	-0.001458
0.08	-0.000243
0.082	-0.000243
0.084	0.001215
0.086	-0.011424
0.088	-0.006077
0.09	-0.019445
0.092	-0.01507
0.094	-0.00316
0.096	-0.000729
0.098	0.004861
0.1	0.004132
0.102	0.014098
0.104	0.027952
0.106	0.030626
0.108	0.029897
0.11	0.027709
0.112	0.017257
0.114	0.006806
0.116	0.016528
0.118	0.013855
0.12	0.00316
0.122	-0.002674
0.124	-0.003889
0.126	0.002674
0.128	0.008021
0.13	-0.003403
0.132	0.012153
0.134	0.002431
0.136	0.016528
0.138	0.033057
0.14	0.034515
0.142	0.025522
0.144	0.024063
0.146	0.018959
0.148	0.012396
0.15	0.003403
0.152	0.003889
0.154	-0.007049
0.156	-0.009236
0.158	-0.010938
0.16	-0.016042
0.162	-0.008507
0.164	-0.014584
0.166	-0.019445
0.168	0.00316
0.17	-0.00316
0.172	0.017257
0.174	0.012396
0.176	0.007535
0.178	0.02382
0.18	0.014827
0.182	0.016042
0.184	0.009966
0.186	0.008264
0.188	0.018473
0.19	0.00875
0.192	0.006077
0.194	0.000243
0.196	0.008021
0.198	0.004132
0.2	0.00316
0.202	-0.006563
0.204	-0.005104
0.206	0.008507
0.208	0.017014
0.21	0.022362
0.212	0.018959
0.214	0.018473
0.216	0.014098
0.218	0.013368
0.22	0.009723
0.222	-0.000729
0.224	0.0
0.226	-0.010938
0.228	-0.01823
0.23	-0.018716
0.232	-0.020903
0.234	-0.015799
0.236	0.010209
0.238	0.01191
0.24	0.011424
0.242	-0.00875
0.244	-0.017987
0.246	-0.020174
0.248	-0.016771
0.25	-0.021633
0.252	-0.029654
0.254	-0.01823
0.256	-0.013368
0.258	-0.009479
0.26	-0.015313
0.262	-0.019931
0.264	-0.016771
0.266	-0.010452
0.268	-0.008021
0.27	-0.000486
0.272	0.013368
0.274	0.007535
0.276	0.01507
0.278	0.018959
0.28	0.022362
0.282	0.009966
0.284	0.006563
0.286	0.004132
0.288	0.014098
0.29	0.013368
0.292	-0.001215
0.294	0.005834
0.296	0.004861
0.298	0.016771
0.3	0.021633
0.302	0.00632
0.304	0.004618
0.306	0.009966
0.308	0.013612
0.31	-0.000972
0.312	-0.015313
0.314	-0.017257
0.316	-0.017987
0.318	-0.009236
0.32	-0.007535
0.322	0.000729
0.324	0.007049
0.326	0.003403
0.328	0.005347
0.33	-0.017501
0.332	-0.010938
0.334	-0.027223
0.336	-0.013125
0.338	-0.000486
0.34	0.00559
0.342	0.004861
0.344	0.003403
0.346	0.001458
0.348	-0.03014
0.35	-0.017014
0.352	-0.016771
0.354	-0.019202
0.356	-0.035244
0.358	-0.033786
0.36	-0.01823
0.362	-0.023091
0.364	-0.02698
0.366	-0.024063
0.368	-0.043994
0.37	-0.036459
0.372	-0.017014
0.374	-0.021633
0.376	-0.01191
0.378	-0.010209
0.38	-0.009479
0.382	-0.004861
0.384	-0.013612
0.386	-0.02139
0.388	0.0
0.39	0.01191
0.392	0.000972
0.394	0.015799
0.396	0.001215
0.398	-0.001945
0.4	-0.007049
0.402	-0.01823
0.404	-0.027952
0.406	-0.018716
0.408	-0.014584
0.41	-0.017744
0.412	-0.010695
0.414	-0.004861
0.416	0.001215
0.418	-0.005347
0.42	-0.006077
0.422	-0.017744
0.424	-0.02139
0.426	-0.024549
0.428	-0.017014
0.43	-0.017014
0.432	-0.008507
0.434	-0.013855
0.436	-0.00875
0.438	-0.001458
0.44	0.007535
0.442	0.011667
0.444	0.022362
0.446	0.02066
0.448	0.016771
0.45	-0.00632
0.452	-0.000729
0.454	0.002674
0.456	-0.021147
0.458	-0.043265
0.46	-0.033543
0.462	-0.039619
0.464	-0.03014
0.466	-0.028438
0.468	-0.022605
0.47	-0.010695
0.472	-0.012153
0.474	0.002431
0.476	0.005104
0.478	0.011667
0.48	0.014341
0.482	0.010695
0.484	0.015556
0.486	0.00316
0.488	-0.00316
0.49	0.006806
0.492	0.009479
0.494	0.012882
0.496	0.014341
0.498	0.024792
0.5	0.009236
0.502	0.004132
0.504	-0.018716
0.506	-0.013612
0.508	-0.026008
0.51	-0.004618
0.512	-0.000486
0.514	-0.007292
0.516	-0.00316
0.518	0.01823
0.52	0.024063
0.522	0.030626
0.524	0.026737
0.526	0.018716
0.528	0.01823
0.53	0.022119
0.532	0.015313
0.534	-0.000243
0.536	0.002674
0.538	0.001701
0.54	-0.001215
0.542	-0.016285
0.544	-0.014098
0.546	-0.008264
0.548	-0.017257
0.55	-0.00875
0.552	-0.025036
0.554	-0.029411
0.556	-0.022119
0.558	-0.021147
0.56	-0.027466
0.562	-0.025765
0.564	-0.017501
0.566	-0.023091
0.568	-0.012882
0.57	-0.012396
0.572	-0.012639
0.574	0.000729
0.576	0.00632
0.578	0.023091
0.58	0.005834
0.582	0.018959
0.584	0.006806
0.586	-0.007778
0.588	-0.010695
0.59	0.013855
0.592	0.016528
0.594	0.008993
0.596	0.002431
0.598	0.000243
0.6	0.000243
0.602	-0.019202
0.604	-0.023091
0.606	-0.040592
0.608	-0.019931
0.61	0.00316
0.612	0.00316
0.614	0.028438
0.616	0.021633
0.618	0.023334
0.62	0.011424
0.622	0.004618
0.624	-0.000729
0.626	0.008507
0.628	-0.005347
0.63	0.006563
0.632	0.002917
0.634	0.007778
0.636	0.028195
0.638	0.023577
0.64	0.02066
0.642	0.009966
0.644	0.002917
0.646	0.010452
0.648	0.006806
0.65	0.003889
0.652	0.002188
0.654	0.004375
0.656	0.022848
0.658	0.010938
0.66	0.009966
0.662	0.008264
0.664	-0.000243
0.666	-0.000486
0.668	-0.001458
0.67	-0.000486
0.672	-0.004375
0.674	0.007292
0.676	-0.003889
0.678	0.001215
0.68	0.002188
0.682	0.007292
0.684	-0.005834
0.686	0.005347
0.688	-0.007535
0.69	-0.020174
0.692	-0.008993
0.694	-0.021876
0.696	-0.027466
0.698	-0.02066
0.7	-0.01191
0.702	-0.012396
0.704	0.007778
0.706	-0.012882
0.708	-0.000243
0.71	-0.011424
0.712	-0.012153
0.714	-0.024792
0.716	-0.011181
0.718	-0.007292
0.72	-0.029168
0.722	-0.013612
0.724	-0.007535
0.726	0.001215
0.728	0.000972
0.73	-0.001215
0.732	0.012882
0.734	-0.007049
0.736	-0.017744
0.738	-0.014584
0.74	-0.025522
0.742	-0.028681
0.744	-0.016771
0.746	0.008021
0.748	-0.004375
0.75	-0.008021
0.752	0.002674
0.754	-0.017257
0.756	-0.000972
0.758	-0.004618
0.76	0.008021
0.762	-0.002431
0.764	-0.004861
0.766	-0.007292
0.768	0.007778
0.77	-0.013368
0.772	-0.019202
0.774	-0.03257
0.776	-0.036946
0.778	-0.029654
0.78	-0.026737
0.782	-0.026251
0.784	-0.031598
0.786	-0.031355
0.788	-0.04521
0.79	-0.028438
0.792	-0.025279
0.794	-0.01823
0.796	-0.007535
0.798	-0.022119
0.8	-0.020417
0.802	-0.014341
0.804	-0.010452
0.806	-0.017014
0.808	-0.001458
0.81	0.010209
0.812	0.015556
0.814	0.022362
0.816	0.029897
0.818	0.026494
0.82	0.034758
0.822	0.040105
0.824	0.034758
0.826	0.009966
0.828	0.012153
0.83	0.024792
0.832	0.028681
0.834	0.036459
0.836	0.04764
0.838	0.019445
0.84	0.000972
0.842	-0.002674
0.844	-0.008507
0.846	-0.012153
0.848	-0.02139
0.85	-0.014584
0.852	-0.008021
0.854	-0.010695
0.856	-0.017257
0.858	-0.032084
0.86	-0.016285
0.862	-0.027709
0.864	-0.020174
0.866	-0.026737
0.868	-0.02066
0.87	-0.020417
0.872	-0.018959
0.874	-0.000729
0.876	-0.001215
0.878	-0.002431
0.88	0.003889
0.882	0.001215
0.884	-0.010695
0.886	-0.005347
0.888	-0.00875
0.89	-0.001215
0.892	-0.000972
0.894	-0.017744
0.896	-0.02066
0.898	-0.021876
0.9	-0.020903
0.902	-0.012396
0.904	-0.002431
0.906	0.008021
0.908	0.034758
0.91	0.040835
0.912	0.040592
0.914	0.048856
0.916	0.028925
0.918	0.008021
0.92	0.02066
0.922	0.030383
0.924	0.011181
0.926	0.0
0.928	-0.006077
0.93	0.00559
0.932	0.007292
0.934	0.023577
0.936	0.016042
0.938	0.017987
0.94	0.007049
0.942	0.027952
0.944	0.005834
0.946	0.005347
0.948	-0.017987
0.95	-0.011667
0.952	-0.009723
0.954	0.005834
0.956	0.016285
0.958	0.027223
0.96	0.033786
0.962	0.025279
0.964	0.013125
0.966	0.000243
0.968	0.021876
0.97	0.033057
0.972	0.025279
0.974	0.025522
0.976	0.014827
0.978	0.005347
0.98	0.024306
0.982	0.026251
0.984	0.013855
0.986	0.007049
0.988	0.005347
0.99	0.012639
0.992	0.003403
0.994	0.00559
0.996	0.008021
0.998	0.003403
1.0	0.007778
1.002	0.0
1.004	0.00632
1.006	0.018959
1.008	0.016285
1.01	0.005834
1.012	0.012153
1.014	0.024063
1.016	0.00316
1.018	0.002188
1.02	0.012396
1.022	0.007292
1.024	0.015556
1.026	0.020417
1.028	0.019445
1.03	0.021147
1.032	0.024792
1.034	0.018473
1.036	0.022605
1.038	0.001458
1.04	0.005834
1.042	0.009966
1.044	-0.002674
1.046	0.016771
1.048	0.017014
1.05	0.014098
1.052	0.018716
1.054	0.02698
1.056	0.039862
1.058	0.03257
1.06	0.023091
1.062	0.019931
1.064	0.025279
1.066	0.021876
1.068	0.014341
1.07	0.016528
1.072	0.007049
1.074	0.014341
1.076	0.01507
1.078	0.015556
1.08	-0.001701
1.082	-0.002188
1.084	-0.020903
1.086	-0.01191
1.088	-0.006077
1.09	0.000972
1.092	-0.016042
1.094	-0.014584
1.096	0.009236
1.098	0.020903
1.1	0.012396
1.102	0.017744
1.104	0.020903
1.106	0.031355
1.108	0.00559
1.11	0.00316
1.112	0.001458
1.114	0.008021
1.116	0.007535
1.118	0.008264
1.12	0.002188
1.122	0.003403
1.124	-0.007778
1.126	-0.00875
1.128	-0.005104
1.13	-0.002431
1.132	-0.000729
1.134	-0.005104
1.136	0.017744
1.138	0.019445
1.14	0.009236
1.142	0.003403
1.144	0.009723
1.146	0.001701
1.148	0.029411
1.15	0.016771
1.152	0.005104
1.154	-0.031841
1.156	-0.032814
1.158	-0.020174
1.16	-0.014341
1.162	-0.010209
1.164	0.00875
1.166	-0.001701
1.168	0.013368
1.17	-0.003403
1.172	-0.006806
1.174	0.000729
1.176	0.008507
1.178	0.015313
1.18	0.015313
1.182	0.019445
1.184	0.016528
1.186	0.017257
1.188	0.029168
1.19	0.033543
1.192	0.028195
1.194	0.020417
1.196	0.043022
1.198	0.014827
1.2	0.007292
1.202	-0.000243
1.204	0.003403
1.206	0.007535
1.208	0.008993
1.21	-0.004861
1.212	-0.010452
1.214	-0.008264
1.216	-0.004375
1.218	-0.007778
1.22	0.00632
1.222	0.009479
1.224	-0.009966
1.226	-0.018473
1.228	-0.006563
1.23	0.004375
1.232	0.013125
1.234	0.008507
1.236	0.007778
1.238	0.004132
1.24	0.001215
1.242	-0.010209
1.244	-0.009236
1.246	-0.000243
1.248	-0.007292
1.25	0.0
1.252	-0.006563
1.254	-0.017501
1.256	-0.024063
1.258	-0.039619
1.26	-0.032327
1.262	-0.022362
1.264	-0.022362
1.266	-0.012153
1.268	-0.015799
1.27	0.007292
1.272	-0.005347
1.274	-0.011667
1.276	-0.026737
1.278	-0.017744
1.28	-0.00632
1.282	-0.009966
1.284	-0.007778
1.286	0.00632
1.288	0.011667
1.29	0.003403
1.292	-0.015799
1.294	-0.027709
1.296	-0.020417
1.298	-0.000243
1.3	0.008264
1.302	0.008021
1.304	0.016042
1.306	0.013125
1.308	0.015556
1.31	0.025036
1.312	0.023091
1.314	0.019931
1.316	0.014341
1.318	0.008021
1.32	0.007049
1.322	0.004375
1.324	-0.00632
1.326	-0.000729
1.328	-0.007292
1.33	0.009966
1.332	0.00316
1.334	-0.004375
1.336	0.013125
1.338	0.018959
1.34	0.010695
1.342	0.020417
1.344	0.034515
1.346	0.017744
1.348	0.004375
1.35	0.01191
1.352	0.014827
1.354	0.014341
1.356	-0.005104
1.358	-0.009236
1.36	-0.008993
1.362	-0.023577
1.364	-0.005104
1.366	-0.010452
1.368	0.003403
1.37	0.001458
1.372	-0.012639
1.374	-0.012639
1.376	-0.010452
1.378	-0.01191
1.38	-0.007778
1.382	-0.024792
1.384	-0.020174
1.386	-0.009723
1.388	-0.012639
1.39	-0.027223
1.392	-0.024306
1.394	-0.024306
1.396	-0.01507
1.398	-0.025036
1.4	-0.020417
1.402	-0.013612
1.404	-0.023334
1.406	-0.023577
1.408	-0.025279
1.41	-0.022362
1.412	-0.023334
1.414	-0.031598
1.416	-0.033786
1.418	-0.017014
1.42	-0.018716
1.422	-0.001458
1.424	-0.007049
1.426	0.001458
1.428	0.019445
1.43	0.010938
1.432	-0.003889
1.434	0.002917
1.436	0.004375
1.438	-0.008507
1.44	-0.015313
1.442	-0.008264
1.444	-0.009723
1.446	-0.004618
1.448	-0.009723
1.45	-0.014827
1.452	-0.013855
1.454	-0.009236
1.456	-0.019688
1.458	0.002431
1.46	0.012882
1.462	0.02698
1.464	0.015313
1.466	-0.007535
1.468	-0.012153
1.47	-0.008021
1.472	-0.01823
1.474	-0.019202
1.476	-0.003889
1.478	-0.006563
1.48	-0.01507
1.482	-0.018959
1.484	-0.02382
1.486	-0.019931
1.488	-0.004132
1.49	-0.02139
1.492	-0.002674
1.494	0.002917
1.496	-0.004132
1.498	0.008264
1.5	0.010209
1.502	0.032327
1.504	0.02066
1.506	0.026494
1.508	0.036216
1.51	0.044724
1.512	0.026737
1.514	0.027952
1.516	0.024549
1.518	0.017501
1.52	0.014584
1.522	0.010695
1.524	0.017257
1.526	0.024063
1.528	0.010452
1.53	0.00559
1.532	0.00316
1.534	-0.00875
1.536	0.000486
1.538	-0.000972
1.54	-0.004375
1.542	0.011181
1.544	0.003646
1.546	0.009966
1.548	0.026008
1.55	0.031355
1.552	0.010938
1.554	0.006077
1.556	0.009723
1.558	-0.00316
1.56	-0.004618
1.562	0.004861
1.564	-0.005104
1.566	0.004132
1.568	-0.001458
1.57	-0.007778
1.572	0.004861
1.574	0.007292
1.576	0.007535
1.578	0.008021
1.58	0.008507
1.582	0.003403
1.584	-0.011181
1.586	-0.016285
1.588	-0.011181
1.59	-0.026494
1.592	-0.030626
1.594	-0.017744
1.596	-0.008264
1.598	-0.002674
1.6	-0.00316
1.602	-0.008264
1.604	-0.017014
1.606	-0.000486
1.608	0.006563
1.61	0.012396
1.612	0.011667
1.614	0.002917
1.616	0.009966
1.618	0.020903
1.62	0.016042
1.622	0.009236
1.624	0.007535
1.626	0.004375
1.628	-0.000486
1.63	-0.01191
1.632	-0.009479
1.634	0.0
1.636	0.005104
1.638	-0.000972
1.64	-0.005834
1.642	-0.001945
1.644	0.003889
1.646	0.00316
1.648	0.003889
1.65	0.008264
1.652	0.001945
1.654	-0.010209
1.656	-0.034029
1.658	-0.013368
1.66	-0.000972
1.662	-0.005104
1.664	-0.013125
1.666	-0.007292
1.668	-0.02139
1.67	-0.004618
1.672	-0.001701
1.674	-0.025036
1.676	-0.041564
1.678	-0.020174
1.68	-0.00875
1.682	-0.016042
1.684	-0.020174
1.686	-0.040105
1.688	-0.040592
1.69	-0.022605
1.692	-0.007535
1.694	-0.017014
1.696	-0.005347
1.698	-0.012639
1.7	-0.018959
1.702	-0.011667
1.704	-0.011667
1.706	-0.007778
1.708	0.002674
1.71	0.008021
1.712	0.026251
1.714	0.022848
1.716	0.014098
1.718	0.008021
1.72	0.018473
1.722	-0.007778
1.724	-0.017744
1.726	-0.010452
1.728	-0.014584
1.73	-0.017501
1.732	-0.023091
1.734	-0.022605
1.736	0.009479
1.738	-0.014098
1.74	-0.02066
1.742	-0.018716
1.744	-0.00559
1.746	-0.005834
1.748	0.010452
1.75	0.010209
1.752	0.010209
1.754	0.020417
1.756	0.007778
1.758	0.005104
1.76	-0.016285
1.762	-0.007535
1.764	0.004618
1.766	-0.003403
1.768	0.00632
1.77	0.026008
1.772	0.023577
1.774	0.007535
1.776	0.004132
1.778	-0.006563
1.78	-0.002431
1.782	-0.010938
1.784	-0.022362
1.786	-0.0333
1.788	-0.023577
1.79	-0.016771
1.792	-0.015313
1.794	-0.005834
1.796	-0.006563
1.798	0.001701
1.8	0.002674
1.802	0.032814
1.804	0.028195
1.806	0.014827
1.808	0.0333
1.81	0.01507
1.812	0.0
1.814	-0.020174
1.816	-0.019202
1.818	-0.007049
1.82	-0.005347
1.822	-0.010209
1.824	-0.007535
1.826	0.004132
1.828	-0.003889
1.83	0.017744
1.832	0.005347
1.834	0.01191
1.836	0.020174
1.838	0.007535
1.84	-0.000972
1.842	0.00316
1.844	0.004375
1.846	0.007049
1.848	-0.001458
1.85	-0.007778
1.852	-0.004132
1.854	-0.013125
1.856	-0.014827
1.858	-0.01507
1.86	-0.014341
1.862	-0.007292
1.864	-0.004375
1.866	-0.002431
1.868	-0.004132
1.87	0.000486
1.872	-0.00632
1.874	-0.02698
1.876	-0.01823
1.878	0.004861
1.88	0.0
1.882	0.004375
1.884	0.014584
1.886	0.014827
1.888	0.029654
1.89	0.024063
1.892	0.028438
1.894	0.030869
1.896	0.029411
1.898	0.018473
1.9	0.016042
1.902	0.008993
1.904	0.008993
1.906	0.008021
1.908	0.020174
1.91	-0.000729
1.912	-0.003403
1.914	-0.008264
1.916	-0.01507
1.918	-0.025765
1.92	-0.011667
1.922	-0.008264
1.924	-0.004861
1.926	-0.001215
1.928	-0.009966
1.93	-0.017501
1.932	-0.022119
1.934	-0.023577
1.936	-0.038404
1.938	-0.024792
1.94	-0.019445
1.942	-0.027709
1.944	-0.022605
1.946	-0.013368
1.948	-0.007535
1.95	0.008507
1.952	-0.002917
1.954	-0.001701
1.956	0.008507
1.958	0.012882
1.96	0.031598
1.962	0.009479
1.964	0.021633
1.966	0.024549
1.968	0.026737
1.97	0.017257
1.972	-0.001701
1.974	0.002674
1.976	-0.000486
1.978	-0.00316
1.98	0.00316
1.982	-0.010938
1.984	-0.002674
1.986	-0.009479
1.988	-0.011424
1.99	0.00316
1.992	0.008993
1.994	0.006077
1.996	0.009966
1.998	-0.00316
2.0	-0.009479
2.002	-0.028925
2.004	0.002431
2.006	0.005834
2.008	-0.012153
2.01	-0.010209
2.012	0.01507
2.014	0.019202
2.016	0.003889
2.018	-0.001458
2.02	-0.006077
2.022	-0.002674
2.024	-0.007535
2.026	0.012882
2.028	0.025036
2.03	0.019931
2.032	0.017257
2.034	-0.002431
2.036	-0.007292
2.038	0.001458
2.04	0.005834
2.042	0.005104
2.044	-0.011667
2.046	-0.003889
2.048	-0.012396
2.05	-0.004861
2.052	-0.002917
2.054	0.017014
2.056	0.00875
2.058	-0.004618
2.06	-0.017014
2.062	-0.005104
2.064	-0.005347
2.066	-0.02139
2.068	-0.003889
2.07	-0.024549
2.072	-0.007292
2.074	0.000729
2.076	-0.004618
2.078	-0.001458
2.08	-0.009236
2.082	0.006077
2.084	0.004861
2.086	0.003403
2.088	-0.00316
2.09	0.003646
2.092	-0.002917
2.094	-0.011667
2.096	-0.009966
2.098	-0.000486
2.1	0.007778
2.102	0.012396
2.104	0.007292
2.106	-0.004375
2.108	-0.014098
2.11	-0.010452
2.112	-0.024792
2.114	-0.013855
2.116	-0.005347
2.118	-0.018473
2.12	-0.021633
2.122	-0.029411
2.124	-0.029168
2.126	-0.010695
2.128	-0.016042
2.13	-0.008507
2.132	-0.00875
2.134	-0.027223
2.136	0.016771
2.138	0.014098
2.14	0.03014
2.142	0.032814
2.144	0.017014
2.146	0.010695
2.148	-0.02139
2.15	-0.008993
2.152	0.003889
2.154	-0.000243
2.156	0.007049
2.158	-0.000243
2.16	-0.000243
2.162	-0.001458
2.164	-0.010452
2.166	-0.001701
2.168	-0.012396
2.17	-0.017014
2.172	-0.014827
2.174	-0.022848
2.176	-0.029654
2.178	-0.020417
2.18	-0.01823
2.182	-0.007292
2.184	-0.01823
2.186	-0.024792
2.188	-0.000972
2.19	-0.006077
2.192	-0.010452
2.194	-0.013855
2.196	-0.005834
2.198	-0.008264
2.2	-0.005834
2.202	-0.023577
2.204	-0.016285
2.206	-0.010695
2.208	0.001215
2.21	0.013125
2.212	0.019202
2.214	0.009479
2.216	0.023091
2.218	-0.004861
2.22	-0.014827
2.222	-0.004861
2.224	-0.021633
2.226	-0.024549
2.228	-0.022848
2.23	-0.014098
2.232	-0.013855
2.234	-0.014584
2.236	-0.010452
2.238	-0.009236
2.24	-0.004132
2.242	0.013125
2.244	0.014341
2.246	0.026494
2.248	0.028438
2.25	0.03573
2.252	0.021633
2.254	0.006563
2.256	-0.002188
2.258	0.017501
2.26	0.003403
2.262	-0.004861
2.264	0.001945
2.266	0.003403
2.268	0.005347
2.27	0.004132
2.272	-0.002431
2.274	0.016771
2.276	0.032084
2.278	0.026251
2.28	0.014827
2.282	0.00316
2.284	0.002917
2.286	0.004375
2.288	0.006077
2.29	0.008993
2.292	0.000243
2.294	0.003889
2.296	-0.000243
2.298	-0.000243
2.3	0.011667
2.302	0.00875
2.304	0.00632
2.306	0.026251
2.308	0.02066
2.31	0.004132
2.312	0.008993
2.314	0.020174
2.316	0.027709
2.318	0.017987
2.32	-0.007778
2.322	-0.00875
2.324	-0.027952
2.326	-0.039133
2.328	-0.034272
2.33	-0.029654
2.332	-0.025765
2.334	-0.022119
2.336	0.003403
2.338	-0.014827
2.34	0.002431
2.342	0.000729
2.344	0.010452
2.346	0.014827

&

0.002	-0.005104
0.004	-0.005347
0.006	-0.00316
0.008	0.00316
0.01	0.001701
0.012	-0.003403
0.014	-0.006806
0.016	-0.006806
0.018	0.002674
0.02	0.006077
0.022	0.001215
0.024	-0.016528
0.026	-0.010452
0.028	-0.007778
0.03	0.0
0.032	0.002674
0.034	-0.009236
0.036	0.001215
0.038	-0.002917
0.04	0.002917
0.042	0.00875
0.044	0.010938
0.046	0.016285
0.048	-0.000729
0.05	0.000486
0.052	0.010695
0.054	0.023577
0.056	0.026494
0.058	0.020903
0.06	0.009966
0.062	-0.011424
0.064	0.005104
0.066	0.005347
0.068	0.005104
0.07	0.008993
0.072	0.009966
0.074	0.026251
0.076	-0.004375
0.078	-0.016042
0.08	-0.022362
0.082	-0.028925
0.084	-0.02139
0.086	-0.026008
0.088	-0.022362
0.09	-0.007049
0.092	-0.003889
0.094	-0.014341
0.096	0.0
0.098	0.011667
0.1	0.009236
0.102	0.020174
0.104	-0.000486
0.106	-0.000972
0.108	0.013612
0.11	0.005347
0.112	0.019445
0.114	0.02698
0.116	0.012882
0.118	-0.002188
0.12	0.004132
0.122	0.006077
0.124	0.005347
0.126	0.006563
0.128	0.020417
0.13	0.013855
0.132	0.015313
0.134	0.007292
0.136	-0.002917
0.138	-0.001701
0.14	-0.008507
0.142	-0.024792
0.144	-0.019931
0.146	-0.023577
0.148	-0.021876
0.15	-0.014341
0.152	-0.018473
0.154	-0.021633
0.156	-0.017501
0.158	0.007778
0.16	0.015556
0.162	0.014098
0.164	0.012153
0.166	0.00875
0.168	0.012396
0.17	0.010938
0.172	0.009236
0.174	0.00875
0.176	0.016285
0.178	0.008507
0.18	0.001701
0.182	0.006077
0.184	-0.002674
0.186	0.008507
0.188	0.013125
0.19	0.002431
0.192	0.008264
0.194	-0.001215
0.196	-0.005834
0.198	-0.002917
0.2	-0.017744
0.202	-0.027466
0.204	-0.033057
0.206	-0.033057
0.208	-0.037918
0.21	-0.037189
0.212	-0.023091
0.214	-0.023091
0.216	-0.007535
0.218	0.011667
0.22	0.013612
0.222	0.014584
0.224	0.009479
0.226	-0.017501
0.228	-0.020903
0.23	-0.017014
0.232	-0.008993
0.234	-0.010938
0.236	-0.013612
0.238	-0.017744
0.24	0.002674
0.242	0.013855
0.244	0.004132
0.246	-0.000486
0.248	0.00316
0.25	0.026251
0.252	0.003403
0.254	0.022848
0.256	0.007778
0.258	0.018473
0.26	0.026008
0.262	0.032084
0.264	0.02139
0.266	0.026008
0.268	0.029411
0.27	-0.002674
0.272	-0.001701
0.274	0.005834
0.276	0.013855
0.278	-0.007049
0.28	0.006806
0.282	-0.011667
0.284	-0.012153
0.286	-0.011181
0.288	0.000729
0.29	0.008021
0.292	-0.004375
0.294	-0.002674
0.296	-0.008993
0.298	-0.018716
0.3	-0.010452
0.302	-0.014098
0.304	-0.005347
0.306	0.002674
0.308	0.013612
0.31	0.005104
0.312	-0.006077
0.314	-0.009236
0.316	-0.002917
0.318	-0.015556
0.32	-0.019445
0.322	-0.026737
0.324	-0.00559
0.326	0.009479
0.328	0.027466
0.33	0.025036
0.332	0.02382
0.334	0.01191
0.336	0.007292
0.338	-0.003646
0.34	-0.003403
0.342	-0.019202
0.344	-0.023091
0.346	-0.02382
0.348	-0.021147
0.35	-0.009966
0.352	-0.03257
0.354	-0.028681
0.356	-0.023334
0.358	-0.018959
0.36	-0.018716
0.362	-0.016528
0.364	-0.027223
0.366	-0.014827
0.368	-0.003403
0.37	-0.01191
0.372	0.001701
0.374	0.007292
0.376	0.026737
0.378	0.022119
0.38	0.025522
0.382	0.003646
0.384	0.007778
0.386	0.009966
0.388	-0.003646
0.39	0.008507
0.392	0.025279
0.394	0.004132
0.396	0.007049
0.398	-0.007535
0.4	-0.009479
0.402	-0.009236
0.404	-0.003403
0.406	0.010209
0.408	0.014341
0.41	0.013125
0.412	0.024549
0.414	0.021876
0.416	0.003403
0.418	-0.003646
0.42	0.004375
0.422	-0.006563
0.424	0.0
0.426	0.00316
0.428	0.017257
0.43	0.01507
0.432	0.009236
0.434	-0.008021
0.436	-0.016528
0.438	-0.029897
0.44	-0.022848
0.442	-0.007292
0.444	0.006806
0.446	0.006806
0.448	0.022848
0.45	0.009236
0.452	0.014584
0.454	0.005347
0.456	0.00316
0.458	-0.01191
0.46	0.002431
0.462	0.00875
0.464	-0.002917
0.466	-0.006077
0.468	-0.019931
0.47	-0.020174
0.472	-0.01507
0.474	-0.004618
0.476	0.00875
0.478	0.008507
0.48	0.009236
0.482	-0.000486
0.484	0.001215
0.486	0.001215
0.488	0.009723
0.49	0.010695
0.492	0.026008
0.494	0.017987
0.496	0.008993
0.498	0.022605
0.5	0.01507
0.502	0.008993
0.504	0.004618
0.506	0.001215
0.508	-0.003403
0.51	-0.002431
0.512	0.004618
0.514	-0.011667
0.516	-0.025036
0.518	-0.007049
0.52	0.001458
0.522	0.001945
0.524	0.000486
0.526	0.014827
0.528	0.010452
0.53	0.012639
0.532	0.008507
0.534	0.030383
0.536	0.025036
0.538	0.025036
0.54	0.010209
0.542	0.005347
0.544	0.009479
0.546	0.000243
0.548	0.010452
0.55	0.013855
0.552	0.004132
0.554	0.031112
0.556	0.026494
0.558	0.014584
0.56	0.00875
0.562	0.009236
0.564	0.017257
0.566	0.016528
0.568	-0.009236
0.57	0.000729
0.572	0.006563
0.574	0.009479
0.576	0.00632
0.578	0.008993
0.58	-0.000486
0.582	0.013368
0.584	0.009479
0.586	0.001458
0.588	-0.007292
0.59	-0.011667
0.592	-0.017014
0.594	-0.005834
0.596	-0.01507
0.598	-0.002674
0.6	0.005104
0.602	0.011667
0.604	0.02382
0.606	0.026008
0.608	0.003646
0.61	-0.014341
0.612	-0.00559
0.614	-0.000729
0.616	0.025036
0.618	0.021876
0.62	0.014341
0.622	0.013612
0.624	0.003403
0.626	0.007535
0.628	-0.012639
0.63	-0.023334
0.632	-0.014827
0.634	-0.009236
0.636	-0.011181
0.638	-0.020174
0.64	-0.019202
0.642	-0.02139
0.644	-0.00875
0.646	-0.022362
0.648	-0.027709
0.65	-0.018716
0.652	-0.013612
0.654	-0.005347
0.656	-0.020417
0.658	-0.003889
0.66	-0.006806
0.662	-0.022848
0.664	-0.00875
0.666	-0.016771
0.668	-0.013855
0.67	-0.013368
0.672	-0.017257
0.674	-0.007778
0.676	-0.004861
0.678	-0.004375
0.68	0.015799
0.682	0.024792
0.684	0.023091
0.686	0.036946
0.688	0.025522
0.69	0.026737
0.692	0.035244
0.694	0.019688
0.696	0.009479
0.698	0.016042
0.7	0.016528
0.702	0.007049
0.704	0.006563
0.706	0.002188
0.708	0.004375
0.71	0.004375
0.712	0.014098
0.714	0.017014
0.716	0.02066
0.718	0.024549
0.72	0.023334
0.722	0.019688
0.724	0.013612
0.726	0.016042
0.728	0.007535
0.73	0.014098
0.732	0.014584
0.734	0.016285
0.736	0.018473
0.738	0.018716
0.74	0.014098
0.742	0.011667
0.744	0.015313
0.746	0.003403
0.748	-0.005104
0.75	-0.008993
0.752	-0.012396
0.754	0.003889
0.756	0.026251
0.758	0.02382
0.76	0.009723
0.762	0.008264
0.764	0.009479
0.766	0.004618
0.768	0.010452
0.77	0.007049
0.772	0.00316
0.774	0.003646
0.776	0.002674
0.778	-0.010695
0.78	-0.016528
0.782	-0.001458
0.784	0.000729
0.786	-0.001458
0.788	-0.000972
0.79	-0.011181
0.792	-0.000243
0.794	-0.000729
0.796	0.007292
0.798	-0.006563
0.8	0.008264
0.802	0.008264
0.804	-0.000486
0.806	-0.001458
0.808	-0.006563
0.81	-0.006077
0.812	-0.017014
0.814	-0.00632
0.816	-0.006077
0.818	0.005104
0.82	-0.011667
0.822	-0.007778
0.824	-0.007535
0.826	0.000486
0.828	0.001215
0.83	-0.014341
0.832	-0.011667
0.834	0.007049
0.836	0.001945
0.838	-0.001945
0.84	-0.002674
0.842	0.013125
0.844	0.026008
0.846	0.012153
0.848	0.014584
0.85	-0.002188
0.852	0.004618
0.854	0.008264
0.856	-0.007292
0.858	-0.013125
0.86	-0.016042
0.862	-0.027466
0.864	-0.032084
0.866	-0.021876
0.868	-0.001458
0.87	-0.008021
0.872	-0.012882
0.874	-0.023091
0.876	-0.034758
0.878	-0.0333
0.88	-0.019202
0.882	-0.009723
0.884	-0.00632
0.886	-0.010209
0.888	-0.008993
0.89	-0.005834
0.892	-0.010452
0.894	-0.027466
0.896	-0.022362
0.898	-0.024063
0.9	-0.029897
0.902	-0.020903
0.904	-0.021876
0.906	-0.019688
0.908	-0.034029
0.91	-0.021876
0.912	-0.031841
0.914	-0.032814
0.916	-0.030626
0.918	-0.031355
0.92	-0.022848
0.922	-0.023334
0.924	-0.03257
0.926	-0.027709
0.928	-0.029654
0.93	-0.030869
0.932	-0.025279
0.934	-0.015556
0.936	-0.014098
0.938	-0.003646
0.94	0.01191
0.942	0.010695
0.944	0.016528
0.946	0.004132
0.948	-0.002431
0.95	-0.016042
0.952	-0.023577
0.954	0.008993
0.956	0.031598
0.958	0.028195
0.96	0.005834
0.962	0.02139
0.964	0.01823
0.966	-0.005834
0.968	0.003889
0.97	0.014341
0.972	0.013855
0.974	0.012396
0.976	0.026251
0.978	0.012396
0.98	-0.019931
0.982	-0.03573
0.984	-0.012396
0.986	0.006806
0.988	-0.010452
0.99	-0.008021
0.992	-0.000486
0.994	0.008264
0.996	-0.003403
0.998	-0.018959
1.0	-0.013125
1.002	-0.009236
1.004	-0.019931
1.006	-0.020174
1.008	-0.017014
1.01	-0.019202
1.012	-0.01191
1.014	0.001215
1.016	-0.004132
1.018	0.002917
1.02	0.000729
1.022	0.016285
1.024	-0.002917
1.026	-0.006563
1.028	0.001945
1.03	0.009236
1.032	0.019202
1.034	0.01507
1.036	0.031598
1.038	0.019202
1.04	0.026008
1.042	0.006806
1.044	-0.012153
1.046	-0.023334
1.048	-0.023577
1.05	-0.019931
1.052	-0.004375
1.054	-0.005347
1.056	0.005834
1.058	0.00559
1.06	0.014341
1.062	0.012153
1.064	0.010938
1.066	-0.000972
1.068	-0.020174
1.07	-0.015799
1.072	-0.007292
1.074	-0.005347
1.076	0.0
1.078	0.004375
1.08	0.000486
1.082	0.008264
1.084	0.01507
1.086	0.006077
1.088	0.00875
1.09	0.010938
1.092	0.006077
1.094	0.012396
1.096	0.00875
1.098	-0.00632
1.1	0.000972
1.102	0.014584
1.104	0.011181
1.106	-0.001458
1.108	-0.01823
1.11	-0.00632
1.112	0.007535
1.114	-0.010938
1.116	-0.012882
1.118	-0.000729
1.12	-0.003646
1.122	-0.001701
1.124	-0.004375
1.126	0.00316
1.128	0.011424
1.13	0.014827
1.132	0.004132
1.134	-0.002431
1.136	0.00632
1.138	0.009236
1.14	-0.002431
1.142	-0.013368
1.144	-0.000972
1.146	-0.017744
1.148	-0.034758
1.15	-0.019688
1.152	-0.010938
1.154	-0.016528
1.156	-0.014098
1.158	-0.019931
1.16	-0.028681
1.162	-0.02066
1.164	-0.015799
1.166	-0.028438
1.168	-0.019931
1.17	-0.014098
1.172	0.002674
1.174	0.013855
1.176	0.00875
1.178	0.011667
1.18	0.017987
1.182	0.002674
1.184	0.006563
1.186	-0.000729
1.188	-0.021876
1.19	0.000729
1.192	0.019445
1.194	0.023091
1.196	0.015313
1.198	-0.008021
1.2	-0.001701
1.202	-0.001458
1.204	-0.000486
1.206	0.004132
1.208	0.000729
1.21	-0.001701
1.212	-0.005834
1.214	-0.002917
1.216	0.009479
1.218	0.004375
1.22	0.014098
1.222	0.015556
1.224	0.017744
1.226	0.008021
1.228	0.002188
1.23	0.000243
1.232	-0.000729
1.234	-0.00632
1.236	0.012882
1.238	0.012396
1.24	0.011424
1.242	0.016285
1.244	0.008264
1.246	0.011424
1.248	0.017014
1.25	0.023091
1.252	0.032814
1.254	0.027952
1.256	0.029654
1.258	0.028681
1.26	0.016771
1.262	0.01191
1.264	0.005347
1.266	0.01191
1.268	0.008264
1.27	0.013125
1.272	0.002188
1.274	0.00875
1.276	0.017014
1.278	0.005347
1.28	-0.008507
1.282	-0.004375
1.284	0.011181
1.286	0.018473
1.288	0.033786
1.29	0.025036
1.292	0.032084
1.294	0.031355
1.296	0.020417
1.298	0.04205
1.3	0.033057
1.302	0.043265
1.304	0.036946
1.306	0.032084
1.308	0.014584
1.31	0.023577
1.312	0.030383
1.314	0.041807
1.316	0.03014
1.318	0.023577
1.32	0.018716
1.322	0.008264
1.324	-0.004375
1.326	-0.020174
1.328	-0.015313
1.33	-0.020903
1.332	-0.022119
1.334	-0.023334
1.336	-0.010209
1.338	-0.010938
1.34	0.000243
1.342	0.002188
1.344	0.020417
1.346	0.015799
1.348	0.018473
1.35	0.033786
1.352	0.029654
1.354	0.044724
1.356	0.017014
1.358	-0.002188
1.36	0.000972
1.362	0.001458
1.364	0.012639
1.366	0.013612
1.368	0.016285
1.37	-0.003889
1.372	-0.027466
1.374	-0.010695
1.376	-0.014098
1.378	-0.007535
1.38	-0.009236
1.382	-0.005104
1.384	-0.010938
1.386	0.001701
1.388	0.002917
1.39	0.019931
1.392	0.022362
1.394	0.011667
1.396	0.017987
1.398	0.004375
1.4	-0.001701
1.402	-0.009236
1.404	0.007535
1.406	0.003646
1.408	0.017987
1.41	0.013855
1.412	0.007049
1.414	0.013125
1.416	0.011424
1.418	-0.007049
1.42	-0.007778
1.422	-0.012882
1.424	-0.009966
1.426	0.001215
1.428	0.011667
1.43	-0.010209
1.432	-0.012396
1.434	-0.010209
1.436	-0.009479
1.438	-0.009966
1.44	0.005834
1.442	-0.009236
1.444	0.000729
1.446	-0.001701
1.448	-0.015313
1.45	-0.013855
1.452	-0.013612
1.454	0.001458
1.456	0.022119
1.458	0.008021
1.46	-0.003403
1.462	-0.00316
1.464	-0.002917
1.466	0.005347
1.468	-0.001945
1.47	-0.005104
1.472	-0.02698
1.474	-0.031355
1.476	-0.017987
1.478	-0.017501
1.48	-0.02382
1.482	-0.019202
1.484	-0.01191
1.486	-0.011667
1.488	-0.027709
1.49	-0.02066
1.492	-0.020174
1.494	-0.015556
1.496	-0.00632
1.498	0.002917
1.5	0.002917
1.502	0.022605
1.504	0.00875
1.506	0.017501
1.508	0.028438
1.51	0.021876
1.512	0.017014
1.514	0.019931
1.516	0.000243
1.518	0.010938
1.52	-0.004861
1.522	0.019202
1.524	0.013612
1.526	0.013368
1.528	-0.002674
1.53	-0.024549
1.532	-0.005104
1.534	-0.004375
1.536	0.008264
1.538	0.01507
1.54	0.006563
1.542	0.00632
1.544	0.002188
1.546	0.014341
1.548	0.017744
1.55	0.015313
1.552	0.017744
1.554	0.006806
1.556	0.006806
1.558	0.005347
1.56	0.006077
1.562	0.015313
1.564	0.026251
1.566	0.034029
1.568	0.027466
1.57	0.031598
1.572	0.022605
1.574	0.019931
1.576	0.025522
1.578	0.039862
1.58	0.026737
1.582	0.013368
1.584	0.023091
1.586	0.025522
1.588	0.005104
1.59	0.002431
1.592	0.012153
1.594	0.018959
1.596	0.026251
1.598	0.020903
1.6	0.004618
1.602	0.007292
1.604	-0.001215
1.606	0.00559
1.608	0.009479
1.61	0.006806
1.612	0.011667
1.614	0.011424
1.616	-0.003889
1.618	-0.000972
1.62	0.000729
1.622	0.000972
1.624	-0.00559
1.626	-0.004618
1.628	-0.006077
1.63	0.004132
1.632	0.000729
1.634	-0.00316
1.636	0.006077
1.638	0.002917
1.64	-0.001458
1.642	0.006077
1.644	-0.008507
1.646	-0.00316
1.648	0.005347
1.65	-0.019688
1.652	-0.026008
1.654	-0.019445
1.656	-0.020417
1.658	-0.010695
1.66	-0.015313
1.662	-0.017501
1.664	-0.015313
1.666	-0.009966
1.668	-0.012882
1.67	-0.008993
1.672	0.004618
1.674	0.014341
1.676	0.028681
1.678	0.01507
1.68	0.022119
1.682	0.020903
1.684	0.017987
1.686	0.025279
1.688	0.007535
1.69	-0.003403
1.692	-0.005347
1.694	-0.003646
1.696	0.008993
1.698	0.010695
1.7	0.011667
1.702	0.011424
1.704	0.016042
1.706	0.002188
1.708	-0.026008
1.71	-0.030383
1.712	-0.018473
1.714	-0.008264
1.716	-0.036946
1.718	-0.033057
1.72	-0.034515
1.722	-0.024792
1.724	-0.024549
1.726	-0.017014
1.728	-0.02139
1.73	-0.017744
1.732	-0.014341
1.734	-0.025036
1.736	-0.02066
1.738	-0.027466
1.74	-0.025522
1.742	-0.012639
1.744	-0.010452
1.746	-0.021147
1.748	-0.022848
1.75	-0.014584
1.752	-0.007292
1.754	-0.000486
1.756	-0.013125
1.758	-0.004861
1.76	0.013612
1.762	0.003889
1.764	0.007292
1.766	0.001945
1.768	-0.013612
1.77	-0.015313
1.772	-0.017014
1.774	-0.028925
1.776	-0.014827
1.778	-0.009723
1.78	-0.00632
1.782	-0.001701
1.784	-0.001701
1.786	0.001458
1.788	0.000972
1.79	0.003403
1.792	0.011181
1.794	0.011424
1.796	0.007292
1.798	-0.009723
1.8	-0.010452
1.802	-0.002431
1.804	-0.00559
1.806	-0.006806
1.808	-0.007049
1.81	-0.000729
1.812	-0.001458
1.814	-0.006563
1.816	0.004132
1.818	-0.009479
1.82	-0.012153
1.822	-0.017257
1.824	-0.007049
1.826	-0.004861
1.828	-0.010938
1.83	-0.00559
1.832	0.0
1.834	0.019931
1.836	0.030383
1.838	0.011424
1.84	0.013368
1.842	0.01823
1.844	0.014341
1.846	0.018959
1.848	-0.000729
1.85	0.001458
1.852	0.006806
1.854	0.012153
1.856	0.017257
1.858	0.005347
1.86	0.010209
1.862	0.016285
1.864	0.008993
1.866	0.01191
1.868	-0.014341
1.87	-0.019931
1.872	-0.003403
1.874	-0.007535
1.876	0.00316
1.878	0.016285
1.88	0.029897
1.882	0.014584
1.884	0.00559
1.886	0.001458
1.888	-0.009966
1.89	-0.008507
1.892	-0.015313
1.894	0.000972
1.896	-0.000486
1.898	0.010695
1.9	0.000243
1.902	0.004861
1.904	0.014341
1.906	0.019202
1.908	0.002674
1.91	0.009723
1.912	0.012882
1.914	0.02698
1.916	0.031112
1.918	0.043508
1.92	0.04837
1.922	0.015313
1.924	0.00316
1.926	0.00632
1.928	-0.000729
1.93	0.001945
1.932	0.010938
1.934	0.013855
1.936	-0.001215
1.938	-0.008993
1.94	-0.00316
1.942	-0.006077
1.944	-0.014584
1.946	0.001215
1.948	-0.002431
1.95	-0.002674
1.952	0.001945
1.954	0.000486
1.956	-0.021147
1.958	-0.018473
1.96	-0.012153
1.962	-0.024063
1.964	0.000972
1.966	0.005347
1.968	0.006563
1.97	0.031841
1.972	0.011181
1.974	0.001458
1.976	0.000486
1.978	0.012882
1.98	0.019931
1.982	0.014584
1.984	0.011424
1.986	0.013855
1.988	0.01507
1.99	0.014584
1.992	0.032084
1.994	0.028438
1.996	0.041078
1.998	0.026008
2.0	0.02066
2.002	0.024306
2.004	0.01823
2.006	0.012153
2.008	0.005347
2.01	0.00875
2.012	-0.004375
2.014	-0.003889
2.016	0.012153
2.018	0.023091
2.02	0.031355
2.022	0.01823
2.024	0.010209
2.026	0.014098
2.028	0.003646
2.03	0.006077
2.032	0.001701
2.034	-0.009479
2.036	0.025036
2.038	-0.004861
2.04	0.002431
2.042	-0.004132
2.044	0.007535
2.046	0.011181
2.048	0.039619
2.05	0.029654
2.052	0.010938
2.054	-0.003403
2.056	-0.019688
2.058	-0.018959
2.06	-0.016285
2.062	-0.010452
2.064	-0.01507
2.066	-0.013368
2.068	0.002431
2.07	-0.00632
2.072	-0.017744
2.074	-0.016285
2.076	-0.005347
2.078	-0.006563
2.08	-0.009479
2.082	-0.018473
2.084	0.011181
2.086	0.016771
2.088	0.009723
2.09	0.019445
2.092	0.025279
2.094	0.022119
2.096	0.009966
2.098	0.010209
2.1	0.026008
2.102	0.028681
2.104	0.026008
2.106	0.023091
2.108	0.019202
2.11	0.039133
2.112	0.037189
2.114	0.036216
2.116	0.033057
2.118	0.02382
2.12	0.02066
2.122	0.018959
2.124	0.028681
2.126	0.019445
2.128	0.016528
2.13	0.026008
2.132	0.028681
2.134	0.024063
2.136	0.01507
2.138	0.019445
2.14	0.017257
2.142	0.023091
2.144	0.007535
2.146	0.004132
2.148	-0.007292
2.15	-0.001458
2.152	0.005834
2.154	0.018959
2.156	0.02139
2.158	0.019445
2.16	0.010452
2.162	0.01507
2.164	0.010695
2.166	0.005834
2.168	0.001701
2.17	-0.012639
2.172	-0.007292
2.174	-0.011424
2.176	-0.016771
2.178	-0.014827
2.18	-0.011181
2.182	-0.031355
2.184	-0.0333
2.186	-0.029411
2.188	-0.037675
2.19	-0.026251
2.192	-0.010452
2.194	-0.01507
2.196	-0.009723
2.198	0.015799
2.2	0.036946
2.202	0.010938
2.204	-0.004132
2.206	-0.011181
2.208	-0.001945
2.21	0.000486
2.212	0.004375
2.214	-0.003889
2.216	-0.007049
2.218	-0.020174
2.22	-0.027466
2.222	-0.002431
2.224	-0.013855
2.226	-0.007535
2.228	-0.005104
2.23	0.001215
2.232	0.002674
2.234	0.000729
2.236	-0.005834
2.238	0.014827
2.24	0.018716
2.242	0.026008
2.244	0.005347
2.246	-0.001458
2.248	-0.00632
2.25	-0.016771
2.252	-0.028438
2.254	-0.032084
2.256	-0.021876
2.258	-0.025036
2.26	-0.024792
2.262	-0.010209
2.264	0.001701
2.266	0.002917
2.268	0.010452
2.27	0.009479
2.272	0.014584
2.274	0.025036
2.276	0.016042
2.278	0.014341
2.28	0.00559
2.282	-0.000972
2.284	0.002188
2.286	0.011424
2.288	0.034029
2.29	0.025279
2.292	0.018716
2.294	0.020417
2.296	0.025279
2.298	0.011181
2.3	0.019688
2.302	-0.009479
2.304	-0.017744
2.306	-0.020174
2.308	-0.000486
2.31	-0.002188
2.312	-0.003646
2.314	-0.004861
2.316	-0.012639
2.318	-0.010209
2.32	-0.005834
2.322	0.000486
2.324	-0.000486
2.326	0.03014
2.328	0.029168
2.33	0.029411
2.332	0.038404
2.334	0.016528
2.336	0.00316
2.338	-0.001701
2.34	-0.012153
2.342	-0.009236
2.344	-0.000729
2.346	-0.02382

&

0.002	5.8e-05
0.004	0.000163
0.006	0.000605
0.008	0.00071
0.01	0.000931
0.012	0.000966
0.014	0.001012
0.016	0.001489
0.018	0.001536
0.02	0.001803
0.022	0.002199
0.024	0.002397
0.026	0.002676
0.028	0.002816
0.03	0.003258
0.032	0.003491
0.034	0.003642
0.036	0.003782
0.038	0.00391
0.04	0.003875
0.042	0.004072
0.044	0.00427
0.046	0.004782
0.048	0.00491
0.05	0.005201
0.052	0.005794
0.054	0.005911
0.056	0.006283
0.058	0.006993
0.06	0.006993
0.062	0.006772
0.064	0.006749
0.066	0.007016
0.068	0.007226
0.07	0.007447
0.072	0.00761
0.074	0.008226
0.076	0.008634
0.078	0.009262
0.08	0.008506
0.082	0.008913
0.084	0.008156
0.086	0.008587
0.088	0.008273
0.09	0.008482
0.092	0.008983
0.094	0.009099
0.096	0.009739
0.098	0.009052
0.1	0.009087
0.102	0.009134
0.104	0.009367
0.106	0.009308
0.108	0.009506
0.11	0.009518
0.112	0.009436
0.114	0.009925
0.116	0.010484
0.118	0.010565
0.12	0.010565
0.122	0.011007
0.124	0.011054
0.126	0.01103
0.128	0.011321
0.13	0.011205
0.132	0.011763
0.134	0.012171
0.136	0.011915
0.138	0.012718
0.14	0.012997
0.142	0.012136
0.144	0.012089
0.146	0.012275
0.148	0.012392
0.15	0.010507
0.152	0.010332
0.154	0.010356
0.156	0.009122
0.158	0.009506
0.16	0.009913
0.162	0.010228
0.164	0.010379
0.166	0.010588
0.168	0.010891
0.17	0.010705
0.172	0.01167
0.174	0.011624
0.176	0.011659
0.178	0.012066
0.18	0.011379
0.182	0.010088
0.184	0.0101
0.186	0.010414
0.188	0.010402
0.19	0.010286
0.192	0.010856
0.194	0.011519
0.196	0.01167
0.198	0.011833
0.2	0.011868
0.202	0.012101
0.204	0.012089
0.206	0.012206
0.208	0.012659
0.21	0.012415
0.212	0.012415
0.214	0.011507
0.216	0.01174
0.218	0.011926
0.22	0.011915
0.222	0.012066
0.224	0.012136
0.226	0.013183
0.228	0.013323
0.23	0.012089
0.232	0.011182
0.234	0.010914
0.236	0.010868
0.238	0.011077
0.24	0.010961
0.242	0.010646
0.244	0.010646
0.246	0.0106
0.248	0.010705
0.25	0.010577
0.252	0.011473
0.254	0.012019
0.256	0.012392
0.258	0.012485
0.26	0.012241
0.262	0.012171
0.264	0.012229
0.266	0.012613
0.268	0.01245
0.27	0.011717
0.272	0.012008
0.274	0.012043
0.276	0.012299
0.278	0.012997
0.28	0.013567
0.282	0.013811
0.284	0.014277
0.286	0.014416
0.288	0.014277
0.29	0.014684
0.292	0.014858
0.294	0.014928
0.296	0.015626
0.298	0.015173
0.3	0.015848
0.302	0.01615
0.304	0.015813
0.306	0.01508
0.308	0.014986
0.31	0.013695
0.312	0.014381
0.314	0.014905
0.316	0.014731
0.318	0.014963
0.32	0.015789
0.322	0.015906
0.324	0.016406
0.326	0.015836
0.328	0.014882
0.33	0.014835
0.332	0.015161
0.334	0.015603
0.336	0.015173
0.338	0.015603
0.34	0.015743
0.342	0.014347
0.344	0.014905
0.346	0.014032
0.348	0.014486
0.35	0.015557
0.352	0.015906
0.354	0.015673
0.356	0.014672
0.358	0.015184
0.36	0.014125
0.362	0.014253
0.364	0.014603
0.366	0.015056
0.368	0.01544
0.37	0.015906
0.372	0.015836
0.374	0.015673
0.376	0.015626
0.378	0.014812
0.38	0.015708
0.382	0.016325
0.384	0.016453
0.386	0.016557
0.388	0.016441
0.39	0.016546
0.392	0.01501
0.394	0.015242
0.396	0.015429
0.398	0.015859
0.4	0.014963
0.402	0.015184
0.404	0.015487
0.406	0.015882
0.408	0.015906
0.41	0.016138
0.412	0.015533
0.414	0.014637
0.416	0.012718
0.418	0.012648
0.42	0.011857
0.422	0.012636
0.424	0.013241
0.426	0.012729
0.428	0.013625
0.43	0.014242
0.432	0.014393
0.434	0.013823
0.436	0.014079
0.438	0.013067
0.44	0.013136
0.442	0.012357
0.444	0.012683
0.446	0.012857
0.448	0.012811
0.45	0.012403
0.452	0.011461
0.454	0.01174
0.456	0.011891
0.458	0.012229
0.46	0.012403
0.462	0.011694
0.464	0.012054
0.466	0.012636
0.468	0.01288
0.47	0.012974
0.472	0.013195
0.474	0.01316
0.476	0.011577
0.478	0.011926
0.48	0.012578
0.482	0.012846
0.484	0.012834
0.486	0.013148
0.488	0.01316
0.49	0.013381
0.492	0.013963
0.494	0.014091
0.496	0.014149
0.498	0.013951
0.5	0.012939
0.502	0.013032
0.504	0.013334
0.506	0.013579
0.508	0.013067
0.51	0.012974
0.512	0.012997
0.514	0.012124
0.516	0.012427
0.518	0.012496
0.52	0.012671
0.522	0.012869
0.524	0.012636
0.526	0.012752
0.528	0.01252
0.53	0.01309
0.532	0.013078
0.534	0.013241
0.536	0.012799
0.538	0.012915
0.54	0.013416
0.542	0.013858
0.544	0.014021
0.546	0.014626
0.548	0.014219
0.55	0.014253
0.552	0.014219
0.554	0.014812
0.556	0.015289
0.558	0.015394
0.56	0.015068
0.562	0.014428
0.564	0.013672
0.566	0.013811
0.568	0.013136
0.57	0.013241
0.572	0.013206
0.574	0.013637
0.576	0.013753
0.578	0.014079
0.58	0.013986
0.582	0.014184
0.584	0.014347
0.586	0.014428
0.588	0.014358
0.59	0.014393
0.592	0.01373
0.594	0.013881
0.596	0.014219
0.598	0.014754
0.6	0.014475
0.602	0.015347
0.604	0.015231
0.606	0.015498
0.608	0.015836
0.61	0.016173
0.612	0.017081
0.614	0.016313
0.616	0.01743
0.618	0.015754
0.62	0.016546
0.622	0.015533
0.624	0.013741
0.626	0.013939
0.628	0.014451
0.63	0.014882
0.632	0.015068
0.634	0.01508
0.636	0.014288
0.638	0.014661
0.64	0.01501
0.642	0.015045
0.644	0.015405
0.646	0.015673
0.648	0.015987
0.65	0.016208
0.652	0.016045
0.654	0.01629
0.656	0.015382
0.658	0.015929
0.66	0.015859
0.662	0.015778
0.664	0.016464
0.666	0.017232
0.668	0.017255
0.67	0.016022
0.672	0.016138
0.674	0.014777
0.676	0.014917
0.678	0.014509
0.68	0.014568
0.682	0.014754
0.684	0.015045
0.686	0.015498
0.688	0.016127
0.69	0.016045
0.692	0.016173
0.694	0.015091
0.696	0.01508
0.698	0.015557
0.7	0.015673
0.702	0.015894
0.704	0.014975
0.706	0.015242
0.708	0.015626
0.71	0.015836
0.712	0.015917
0.714	0.01608
0.716	0.01672
0.718	0.016115
0.72	0.016336
0.722	0.015324
0.724	0.01544
0.726	0.014975
0.728	0.015045
0.73	0.015208
0.732	0.015394
0.734	0.015522
0.736	0.01551
0.738	0.015626
0.74	0.015417
0.742	0.015894
0.744	0.01601
0.746	0.015533
0.748	0.015184
0.75	0.015359
0.752	0.015941
0.754	0.016418
0.756	0.01629
0.758	0.016627
0.76	0.016743
0.762	0.01608
0.764	0.016185
0.766	0.016627
0.768	0.016487
0.77	0.016778
0.772	0.01508
0.774	0.015068
0.776	0.014696
0.778	0.014731
0.78	0.015173
0.782	0.015498
0.784	0.015533
0.786	0.015743
0.788	0.015149
0.79	0.015766
0.792	0.015487
0.794	0.015382
0.796	0.014463
0.798	0.014847
0.8	0.015452
0.802	0.015626
0.804	0.01558
0.806	0.016429
0.808	0.016813
0.81	0.01686
0.812	0.016197
0.814	0.016243
0.816	0.016127
0.818	0.016615
0.82	0.017488
0.822	0.017279
0.824	0.016848
0.826	0.017465
0.828	0.017465
0.83	0.017814
0.832	0.018128
0.834	0.017791
0.836	0.018361
0.838	0.017546
0.84	0.016255
0.842	0.016441
0.844	0.016615
0.846	0.01722
0.848	0.01729
0.85	0.017302
0.852	0.017244
0.854	0.016965
0.856	0.017046
0.858	0.016336
0.86	0.017093
0.862	0.017255
0.864	0.016092
0.866	0.01487
0.868	0.013928
0.87	0.014067
0.872	0.014253
0.874	0.014591
0.876	0.01501
0.878	0.014975
0.88	0.014742
0.882	0.015301
0.884	0.015661
0.886	0.015871
0.888	0.01686
0.89	0.016906
0.892	0.016115
0.894	0.015871
0.896	0.016022
0.898	0.015975
0.9	0.016441
0.902	0.01672
0.904	0.01757
0.906	0.016127
0.908	0.016138
0.91	0.015545
0.912	0.015522
0.914	0.014824
0.916	0.015859
0.918	0.01608
0.92	0.01679
0.922	0.016837
0.924	0.016802
0.926	0.014893
0.928	0.014556
0.93	0.013986
0.932	0.012101
0.934	0.012159
0.936	0.012357
0.938	0.012485
0.94	0.012403
0.942	0.012648
0.944	0.012543
0.946	0.012531
0.948	0.012729
0.95	0.012334
0.952	0.013113
0.954	0.013462
0.956	0.013579
0.958	0.013776
0.96	0.013835
0.962	0.013218
0.964	0.013136
0.966	0.013043
0.968	0.013451
0.97	0.013392
0.972	0.013369
0.974	0.013776
0.976	0.014277
0.978	0.014184
0.98	0.0148
0.982	0.01444
0.984	0.015242
0.986	0.015114
0.988	0.014137
0.99	0.01309
0.992	0.01252
0.994	0.011205
0.996	0.011438
0.998	0.010449
1.0	0.010937
1.002	0.010937
1.004	0.011147
1.006	0.011135
1.008	0.010437
1.01	0.010716
1.012	0.010902
1.014	0.011426
1.016	0.010379
1.018	0.010414
1.02	0.010379
1.022	0.010344
1.024	0.010542
1.026	0.010786
1.028	0.010751
1.03	0.011182
1.032	0.011461
1.034	0.011263
1.036	0.010996
1.038	0.011438
1.04	0.011926
1.042	0.01195
1.044	0.011717
1.046	0.009623
1.048	0.009739
1.05	0.010286
1.052	0.010088
1.054	0.010181
1.056	0.0101
1.058	0.010018
1.06	0.010262
1.062	0.010356
1.064	0.010041
1.066	0.010309
1.068	0.010193
1.07	0.008645
1.072	0.008506
1.074	0.007691
1.076	0.007772
1.078	0.007796
1.08	0.007877
1.082	0.007947
1.084	0.00854
1.086	0.008727
1.088	0.008529
1.09	0.008343
1.092	0.008715
1.094	0.008692
1.096	0.009634
1.098	0.009355
1.1	0.009716
1.102	0.010065
1.104	0.010123
1.106	0.010437
1.108	0.010612
1.11	0.011019
1.112	0.011531
1.114	0.011473
1.116	0.011775
1.118	0.01195
1.12	0.012334
1.122	0.012578
1.124	0.011868
1.126	0.012136
1.128	0.012287
1.13	0.012997
1.132	0.013497
1.134	0.013532
1.136	0.013695
1.138	0.013823
1.14	0.013916
1.142	0.012718
1.144	0.012962
1.146	0.013404
1.148	0.014451
1.15	0.014312
1.152	0.014591
1.154	0.015464
1.156	0.015487
1.158	0.01565
1.16	0.016045
1.162	0.015417
1.164	0.015673
1.166	0.015429
1.168	0.015464
1.17	0.015987
1.172	0.014626
1.174	0.014149
1.176	0.014323
1.178	0.014533
1.18	0.014603
1.182	0.014765
1.184	0.015138
1.186	0.015429
1.188	0.015708
1.19	0.015557
1.192	0.015638
1.194	0.016534
1.196	0.016336
1.198	0.015778
1.2	0.014952
1.202	0.015161
1.204	0.014591
1.206	0.014521
1.208	0.013707
1.21	0.013695
1.212	0.013811
1.214	0.0138
1.216	0.014044
1.218	0.014265
1.22	0.014056
1.222	0.014626
1.224	0.014009
1.226	0.014323
1.228	0.014335
1.23	0.014044
1.232	0.01423
1.234	0.014719
1.236	0.014277
1.238	0.014172
1.24	0.014405
1.242	0.014603
1.244	0.01487
1.246	0.014893
1.248	0.01501
1.25	0.015394
1.252	0.015731
1.254	0.014649
1.256	0.014975
1.258	0.014882
1.26	0.015149
1.262	0.014858
1.264	0.013753
1.266	0.014556
1.268	0.014858
1.27	0.014521
1.272	0.015021
1.274	0.0148
1.276	0.014847
1.278	0.01551
1.28	0.014626
1.282	0.014556
1.284	0.014986
1.286	0.015429
1.288	0.015301
1.29	0.015138
1.292	0.015324
1.294	0.016069
1.296	0.016313
1.298	0.016243
1.3	0.016406
1.302	0.017023
1.304	0.01729
1.306	0.017151
1.308	0.017174
1.31	0.016662
1.312	0.017314
1.314	0.017872
1.316	0.016371
1.318	0.015685
1.32	0.015638
1.322	0.015638
1.324	0.015778
1.326	0.015778
1.328	0.015743
1.33	0.015999
1.332	0.015708
1.334	0.015917
1.336	0.015801
1.338	0.016581
1.34	0.016348
1.342	0.016185
1.344	0.016453
1.346	0.016313
1.348	0.01629
1.35	0.016103
1.352	0.014882
1.354	0.014858
1.356	0.014044
1.358	0.014044
1.36	0.014277
1.362	0.014905
1.364	0.014998
1.366	0.015301
1.368	0.015626
1.37	0.015801
1.372	0.01565
1.374	0.016173
1.376	0.016185
1.378	0.016197
1.38	0.016313
1.382	0.016231
1.384	0.017383
1.386	0.01665
1.388	0.017034
1.39	0.016313
1.392	0.016243
1.394	0.015754
1.396	0.016336
1.398	0.015417
1.4	0.015254
1.402	0.01487
1.404	0.014905
1.406	0.014731
1.408	0.015568
1.41	0.016115
1.412	0.016162
1.414	0.016336
1.416	0.016871
1.418	0.016837
1.42	0.016371
1.422	0.016604
1.424	0.016522
1.426	0.016813
1.428	0.017244
1.43	0.017186
1.432	0.017023
1.434	0.016173
1.436	0.016557
1.438	0.016941
1.44	0.01679
1.442	0.016243
1.444	0.016534
1.446	0.017104
1.448	0.015813
1.45	0.015894
1.452	0.015859
1.454	0.016127
1.456	0.016336
1.458	0.01551
1.46	0.014928
1.462	0.015126
1.464	0.015068
1.466	0.015603
1.468	0.015941
1.47	0.016895
1.472	0.016034
1.474	0.016639
1.476	0.01722
1.478	0.016883
1.48	0.015708
1.482	0.016092
1.484	0.015487
1.486	0.01494
1.488	0.015138
1.49	0.015347
1.492	0.015754
1.494	0.015103
1.496	0.015254
1.498	0.01508
1.5	0.015429
1.502	0.014172
1.504	0.013951
1.506	0.014044
1.508	0.014195
1.51	0.013288
1.512	0.013451
1.514	0.013718
1.516	0.013916
1.518	0.012997
1.52	0.013451
1.522	0.013346
1.524	0.013299
1.526	0.013637
1.528	0.013869
1.53	0.014102
1.532	0.014824
1.534	0.015219
1.536	0.014917
1.538	0.01501
1.54	0.014021
1.542	0.014591
1.544	0.013916
1.546	0.014428
1.548	0.014568
1.55	0.014661
1.552	0.014754
1.554	0.015021
1.556	0.01501
1.558	0.015021
1.56	0.014661
1.562	0.01551
1.564	0.015417
1.566	0.014579
1.568	0.014603
1.57	0.014056
1.572	0.012811
1.574	0.0138
1.576	0.013916
1.578	0.014114
1.58	0.013765
1.582	0.014603
1.584	0.013648
1.586	0.013963
1.588	0.014323
1.59	0.014463
1.592	0.014219
1.594	0.014184
1.596	0.013753
1.598	0.013974
1.6	0.012194
1.602	0.01259
1.604	0.012811
1.606	0.01316
1.608	0.013264
1.61	0.013043
1.612	0.013078
1.614	0.013602
1.616	0.01302
1.618	0.013148
1.62	0.013299
1.622	0.014125
1.624	0.014149
1.626	0.014044
1.628	0.014277
1.63	0.014754
1.632	0.014405
1.634	0.015068
1.636	0.013683
1.638	0.013869
1.64	0.014172
1.642	0.014044
1.644	0.014463
1.646	0.014172
1.648	0.014195
1.65	0.014649
1.652	0.01444
1.654	0.014079
1.656	0.013637
1.658	0.013672
1.66	0.013788
1.662	0.014067
1.664	0.014184
1.666	0.014347
1.668	0.014347
1.67	0.014684
1.672	0.014544
1.674	0.014475
1.676	0.015068
1.678	0.01537
1.68	0.015347
1.682	0.015173
1.684	0.015603
1.686	0.015859
1.688	0.015964
1.69	0.016627
1.692	0.017302
1.694	0.017232
1.696	0.017767
1.698	0.017197
1.7	0.017523
1.702	0.017535
1.704	0.016569
1.706	0.016069
1.708	0.016546
1.71	0.017058
1.712	0.016918
1.714	0.015498
1.716	0.015615
1.718	0.015789
1.72	0.015917
1.722	0.016034
1.724	0.015615
1.726	0.01572
1.728	0.016313
1.73	0.015301
1.732	0.015242
1.734	0.015568
1.736	0.015917
1.738	0.015068
1.74	0.013963
1.742	0.014067
1.744	0.014358
1.746	0.014603
1.748	0.014603
1.75	0.014707
1.752	0.014824
1.754	0.014102
1.756	0.014288
1.758	0.013369
1.76	0.013486
1.762	0.013602
1.764	0.014347
1.766	0.014498
1.768	0.015336
1.77	0.015033
1.772	0.014044
1.774	0.014777
1.776	0.014475
1.778	0.015254
1.78	0.015033
1.782	0.015429
1.784	0.015975
1.786	0.016115
1.788	0.01679
1.79	0.016627
1.792	0.016348
1.794	0.015603
1.796	0.015999
1.798	0.014952
1.8	0.01373
1.802	0.013951
1.804	0.014137
1.806	0.014696
1.808	0.01494
1.81	0.013835
1.812	0.014661
1.814	0.014824
1.816	0.014777
1.818	0.013753
1.82	0.014219
1.822	0.014509
1.824	0.014893
1.826	0.014696
1.828	0.014975
1.83	0.015103
1.832	0.015103
1.834	0.015277
1.836	0.014893
1.838	0.01352
1.84	0.013346
1.842	0.01352
1.844	0.013416
1.846	0.013276
1.848	0.012299
1.85	0.012217
1.852	0.012462
1.854	0.012566
1.856	0.012636
1.858	0.012822
1.86	0.012741
1.862	0.01309
1.864	0.012159
1.866	0.012624
1.868	0.012078
1.87	0.012124
1.872	0.013078
1.874	0.013288
1.876	0.013311
1.878	0.013532
1.88	0.013928
1.882	0.013683
1.884	0.014044
1.886	0.013928
1.888	0.014091
1.89	0.014428
1.892	0.014265
1.894	0.014742
1.896	0.013835
1.898	0.013776
1.9	0.014114
1.902	0.01416
1.904	0.015359
1.906	0.014032
1.908	0.014568
1.91	0.015045
1.912	0.014486
1.914	0.013858
1.916	0.014754
1.918	0.014742
1.92	0.015301
1.922	0.014789
1.924	0.015254
1.926	0.015114
1.928	0.015708
1.93	0.015522
1.932	0.015568
1.934	0.015405
1.936	0.014323
1.938	0.014277
1.94	0.014393
1.942	0.014649
1.944	0.014742
1.946	0.015242
1.948	0.015487
1.95	0.014428
1.952	0.014731
1.954	0.014765
1.956	0.015312
1.958	0.015533
1.96	0.015638
1.962	0.01615
1.964	0.016697
1.966	0.016627
1.968	0.016557
1.97	0.016662
1.972	0.017139
1.974	0.017535
1.976	0.015615
1.978	0.0148
1.98	0.014603
1.982	0.014626
1.984	0.014707
1.986	0.014963
1.988	0.014975
1.99	0.014765
1.992	0.014696
1.994	0.014637
1.996	0.014707
1.998	0.01373
2.0	0.013032
2.002	0.013462
2.004	0.013183
2.006	0.013381
2.008	0.013427
2.01	0.013823
2.012	0.014358
2.014	0.014765
2.016	0.015452
2.018	0.015487
2.02	0.015452
2.022	0.015429
2.024	0.015208
2.026	0.015533
2.028	0.015754
2.03	0.015789
2.032	0.015871
2.034	0.016557
2.036	0.016557
2.038	0.01622
2.04	0.015568
2.042	0.014731
2.044	0.014672
2.046	0.014824
2.048	0.015242
2.05	0.014242
2.052	0.015045
2.054	0.015498
2.056	0.015929
2.058	0.015789
2.06	0.01565
2.062	0.015545
2.064	0.015848
2.066	0.016278
2.068	0.017104
2.07	0.015975
2.072	0.015929
2.074	0.016266
2.076	0.015208
2.078	0.015673
2.08	0.015906
2.082	0.016185
2.084	0.015917
2.086	0.016231
2.088	0.016743
2.09	0.016115
2.092	0.015568
2.094	0.015999
2.096	0.015545
2.098	0.015778
2.1	0.015347
2.102	0.015929
2.104	0.015394
2.106	0.014649
2.108	0.015603
2.11	0.016359
2.112	0.015277
2.114	0.015336
2.116	0.015056
2.118	0.015033
2.12	0.015429
2.122	0.01558
2.124	0.01622
2.126	0.016522
2.128	0.016709
2.13	0.017104
2.132	0.017453
2.134	0.017744
2.136	0.016976
2.138	0.017197
2.14	0.017279
2.142	0.017546
2.144	0.015859
2.146	0.015673
2.148	0.015522
2.15	0.016069
2.152	0.015848
2.154	0.016511
2.156	0.016557
2.158	0.016999
2.16	0.01622
2.162	0.014963
2.164	0.014463
2.166	0.014835
2.168	0.014056
2.17	0.013939
2.172	0.01437
2.174	0.01323
2.176	0.01302
2.178	0.013672
2.18	0.013253
2.182	0.013439
2.184	0.01359
2.186	0.013811
2.188	0.013974
2.19	0.014533
2.192	0.013776
2.194	0.014253
2.196	0.013683
2.198	0.012462
2.2	0.012427
2.202	0.011379
2.204	0.011286
2.206	0.011729
2.208	0.012066
2.21	0.011659
2.212	0.011973
2.214	0.011857
2.216	0.012241
2.218	0.012438
2.22	0.0111
2.222	0.010821
2.224	0.011426
2.226	0.012078
2.228	0.012252
2.23	0.012462
2.232	0.012636
2.234	0.011996
2.236	0.012787
2.238	0.012997
2.24	0.013148
2.242	0.013835
2.244	0.013788
2.246	0.013625
2.248	0.014207
2.25	0.014637
2.252	0.012822
2.254	0.013835
2.256	0.014463
2.258	0.014672
2.26	0.014917
2.262	0.015266
2.264	0.015882
2.266	0.015778
2.268	0.015533
2.27	0.015312
2.272	0.015894
2.274	0.015661
2.276	0.015103
2.278	0.013835
2.28	0.013939
2.282	0.014719
2.284	0.014253
2.286	0.014579
2.288	0.014696
2.29	0.015068
2.292	0.015359
2.294	0.01501
2.296	0.013299
2.298	0.013439
2.3	0.014323
2.302	0.014114
2.304	0.014323
2.306	0.013741
2.308	0.014067
2.31	0.014335
2.312	0.014568
2.314	0.014835
2.316	0.0148
2.318	0.014242
2.32	0.014731
2.322	0.012939
2.324	0.012182
2.326	0.012252
2.328	0.012648
2.33	0.012578
2.332	0.01259
2.334	0.01288
2.336	0.013043
2.338	0.013078
2.34	0.013241
2.342	0.012974
2.344	0.012915
2.346	0.01288

&

