0.01	0.008021
0.02	0.003403
0.03	0.003403
0.04	0.008993
0.05	0.003889
0.06	0.003889
0.07	-0.000486
0.08	-0.006806
0.09	-0.001701
0.1	0.002431
0.11	0.001215
0.12	-0.008021
0.13	-0.009723
0.14	0.003889
0.15	0.000972
0.16	0.001458
0.17	-0.005347
0.18	-0.001945
0.19	-0.009723
0.2	0.010209
0.21	0.009966
0.22	0.001701
0.23	0.012639
0.24	0.016771
0.25	0.00875
0.26	0.014827
0.27	0.014098
0.28	0.017014
0.29	0.010452
0.3	0.006563
0.31	0.004132
0.32	0.000729
0.33	0.004375
0.34	-0.004375
0.35	0.004618
0.36	-0.01191
0.37	-0.014341
0.38	-0.018716
0.39	-0.019931
0.4	-0.005834
0.41	-0.002674
0.42	-0.000729
0.43	0.002917
0.44	0.010695
0.45	0.004618
0.46	-0.000486
0.47	-0.003403
0.48	0.0
0.49	0.000486
0.5	-0.011667
0.51	-0.012153
0.52	-0.007535
0.53	-0.001215
0.54	-0.002188
0.55	0.008264
0.56	0.006806
0.57	0.002188
0.58	0.014584
0.59	0.020417
0.6	0.017744
0.61	0.012153
0.62	0.001458
0.63	0.006806
0.64	0.000486
0.65	-0.001945
0.66	-0.003646
0.67	-0.001458
0.68	-0.013368
0.69	-0.010938
0.7	0.003403
0.71	0.015313
0.72	0.012396
0.73	0.016528
0.74	0.013612
0.75	0.010938
0.76	0.007535
0.77	0.00316
0.78	0.004861
0.79	0.00875
0.8	-0.016042
0.81	-0.014584
0.82	-0.021876
0.83	-0.018716
0.84	-0.033543
0.85	-0.039133
0.86	-0.036459
0.87	-0.036216
0.88	-0.022362
0.89	-0.024792
0.9	-0.022362
0.91	-0.001458
0.92	-0.004861
0.93	-0.006563
0.94	-0.006806
0.95	-0.008993
0.96	0.015799
0.97	0.008507
0.98	0.006563
0.99	-0.013368
1.0	-0.022362
1.01	0.001945
1.02	0.013855
1.03	0.017987
1.04	-0.001215
1.05	0.0
1.06	-0.005347
1.07	0.003646
1.08	0.00559
1.09	-0.016528
1.1	0.00875
1.11	0.004618
1.12	0.000972
1.13	-0.004375
1.14	-0.000972
1.15	-0.008264
1.16	-0.007292
1.17	-0.019202
1.18	-0.008264
1.19	-0.005834
1.2	-0.002431
1.21	0.006563
1.22	0.001215
1.23	-0.014584
1.24	-0.016042
1.25	-0.005347
1.26	0.006077
1.27	0.001215
1.28	0.010452
1.29	0.004618
1.3	-0.001701
1.31	0.009236
1.32	0.00559
1.33	0.001215
1.34	-0.013612
1.35	-0.025279
1.36	-0.018473
1.37	-0.013125
1.38	-0.005104
1.39	0.010209
1.4	0.021633
1.41	0.016528
1.42	0.030626
1.43	0.016285
1.44	0.02066
1.45	0.02066
1.46	0.015313
1.47	0.02698
1.48	0.019445
1.49	0.009479
1.5	0.006563
1.51	0.005834
1.52	0.007049
1.53	0.00316
1.54	0.003403
1.55	-0.005104
1.56	-0.013368
1.57	-0.006806
1.58	0.002188
1.59	0.007535
1.6	0.002188
1.61	0.005834
1.62	0.010452
1.63	0.016042
1.64	0.03257
1.65	0.03257
1.66	0.004132
1.67	0.004618
1.68	-0.007778
1.69	0.000972
1.7	0.001945
1.71	0.013855
1.72	0.004375
1.73	0.010695
1.74	0.016528
1.75	0.002431
1.76	-0.011667
1.77	0.002431
1.78	-0.012882
1.79	-0.012639
1.8	-0.010938
1.81	-0.02698
1.82	-0.030869
1.83	-0.027223
1.84	-0.00316
1.85	0.00632
1.86	-0.001458
1.87	-0.011181
1.88	0.001701
1.89	0.004861
1.9	-0.010695
1.91	0.001945
1.92	0.027223
1.93	0.025279
1.94	0.014827
1.95	0.014827
1.96	0.027466
1.97	0.007778
1.98	0.017987
1.99	0.017501
2.0	0.013368
2.01	0.024063
2.02	0.012396
2.03	0.002188
2.04	-0.004132
2.05	0.009966
2.06	-0.005834
2.07	0.005104
2.08	0.00316
2.09	-0.005104
2.1	0.004618
2.11	0.025765
2.12	0.01823
2.13	0.017744
2.14	0.012153
2.15	0.016528
2.16	-0.009479
2.17	-0.015556
2.18	-0.005104
2.19	-0.014341
2.2	0.004618
2.21	-0.009723
2.22	-0.000729
2.23	0.00316
2.24	-0.000729
2.25	-0.011667
2.26	-0.013612
2.27	-0.023577
2.28	-0.007292
2.29	0.016285
2.3	0.015556
2.31	0.006563
2.32	0.010209
2.33	0.009236
2.34	-0.005104
2.35	-0.007778
2.36	0.00632
2.37	0.032327
2.38	0.009236
2.39	-0.011424
2.4	-0.015313
2.41	-0.019445
2.42	-0.009966
2.43	-0.011667
2.44	-0.026008
2.45	-0.028195
2.46	-0.024792
2.47	-0.019688
2.48	-0.012882
2.49	-0.017014
2.5	-0.007535
2.51	-0.018473
2.52	0.014098
2.53	0.010695
2.54	0.009723
2.55	0.007049
2.56	0.005347
2.57	0.008021
2.58	-0.003889
2.59	-0.012882
2.6	-0.016528
2.61	-0.00632
2.62	-0.02066
2.63	-0.009966
2.64	-0.016771
2.65	-0.010695
2.66	-0.020174
2.67	-0.016042
2.68	-0.008993
2.69	-0.032327
2.7	-0.021876
2.71	-0.017744
2.72	-0.010209
2.73	-0.004132
2.74	0.006806
2.75	-0.005834
2.76	0.002188
2.77	0.013612
2.78	0.023334
2.79	0.037432
2.8	0.017257
2.81	0.011667
2.82	0.007778
2.83	0.022362
2.84	0.003646
2.85	-0.009966
2.86	-0.000243
2.87	-0.004375
2.88	-0.000972
2.89	-0.014098
2.9	-0.009723
2.91	-0.015313
2.92	-0.00559
2.93	-0.013855
2.94	-0.037918
2.95	-0.03257
2.96	-0.051529
2.97	-0.033786
2.98	-0.028925
2.99	0.003403
3.0	0.000729
3.01	0.01507
3.02	0.016528
3.03	0.034272
3.04	0.022362
3.05	0.009966
3.06	0.002917
3.07	-0.001215
3.08	-0.016042
3.09	-0.022119
3.1	-0.026494
3.11	-0.010938
3.12	-0.004861
3.13	-0.007778
3.14	-0.019445
3.15	-0.009966
3.16	0.002431
3.17	0.022605
3.18	0.010938
3.19	0.019931
3.2	0.002674
3.21	-0.000729
3.22	0.006077
3.23	-0.019931
3.24	-0.004375
3.25	-0.01191
3.26	-0.007049
3.27	-0.002431
3.28	0.0
3.29	0.004375
3.3	0.007535
3.31	0.014098
3.32	0.018473
3.33	0.002188
3.34	-0.009966
3.35	-0.025522
3.36	-0.025765
3.37	-0.020903
3.38	-0.016285
3.39	-0.028195
3.4	-0.021147
3.41	-0.022848
3.42	-0.00316
3.43	0.007049
3.44	0.025036
3.45	0.023091
3.46	0.005834
3.47	0.003403
3.48	0.007292
3.49	0.009479
3.5	0.008264
3.51	0.009966
3.52	0.004618
3.53	0.026494
3.54	0.027952
3.55	0.037675
3.56	0.015313
3.57	0.015313
3.58	0.023091
3.59	0.021147
3.6	0.029168
3.61	0.026251
3.62	0.018959
3.63	0.027466
3.64	0.009236
3.65	-0.011181
3.66	-0.007049
3.67	0.003403
3.68	0.006806
3.69	-0.001701
3.7	0.021147
3.71	0.014827
3.72	0.023334
3.73	0.008507
3.74	-0.020417
3.75	-0.025036
3.76	-0.018959
3.77	-0.005347
3.78	-0.007778
3.79	-0.007049
3.8	-0.002431
3.81	0.004861
3.82	0.011181
3.83	0.016771
3.84	0.020174
3.85	0.012153
3.86	0.023334
3.87	0.026494
3.88	0.019445
3.89	0.007535
3.9	0.011181
3.91	-0.003646
3.92	0.001701
3.93	0.012396
3.94	0.00875
3.95	0.001945
3.96	0.00316
3.97	0.022605
3.98	0.018959
3.99	0.009236
4.0	0.00875
4.01	0.003646
4.02	0.00559
4.03	0.010452
4.04	-0.00632
4.05	0.003889
4.06	0.00632
4.07	0.009723
4.08	-0.014827
4.09	-0.005104
4.1	0.001215
4.11	-0.010209
4.12	-0.006077
4.13	-0.00316
4.14	-0.005104
4.15	-0.008021
4.16	-0.000729
4.17	-0.022119
4.18	-0.017257
4.19	-0.036216
4.2	-0.039133
4.21	-0.030626
4.22	-0.005834
4.23	0.023091
4.24	-0.00316
4.25	-0.008993
4.26	-0.015799
4.27	-0.008507
4.28	-0.014341
4.29	0.009723
4.3	0.003403
4.31	0.000729
4.32	-0.003646
4.33	0.006077
4.34	-0.008021
4.35	-0.009479
4.36	0.002431
4.37	-0.002674
4.38	-0.000972
4.39	-0.00316
4.4	-0.012639
4.41	-0.018473
4.42	-0.002431
4.43	-0.00875
4.44	0.004375
4.45	0.017257
4.46	0.022605
4.47	0.005104
4.48	0.000243
4.49	0.003646
4.5	0.00559
4.51	0.011667
4.52	0.011181
4.53	0.013855
4.54	0.010209
4.55	0.013368
4.56	0.017744
4.57	0.002674
4.58	0.020417
4.59	0.03889
4.6	0.024792
4.61	0.011424
4.62	0.007778
4.63	0.007535
4.64	-0.000243
4.65	-0.017014
4.66	-0.028438
4.67	-0.029897
4.68	-0.026494
4.69	-0.02698
4.7	0.016285
4.71	0.022605
4.72	0.027709
4.73	0.004132
4.74	0.019445
4.75	0.025765
4.76	0.016285
4.77	0.00632
4.78	0.00559
4.79	-0.003646
4.8	-0.01507
4.81	0.001215
4.82	-0.019202
4.83	-0.020417
4.84	-0.013125
4.85	-0.03014
4.86	-0.041321
4.87	-0.014098
4.88	-0.007049
4.89	0.001215
4.9	0.013125
4.91	-0.00559
4.92	0.000972
4.93	0.020417
4.94	0.006563
4.95	0.00559
4.96	0.0
4.97	0.004861
4.98	0.004618
4.99	-0.012639
5.0	-0.009479
5.01	-0.017987
5.02	-0.01191
5.03	0.004132
5.04	-0.017257
5.05	-0.002674
5.06	0.009723
5.07	-0.002917
5.08	-0.012639
5.09	-0.004375
5.1	-0.006077
5.11	0.002674
5.12	0.009723
5.13	0.020903
5.14	-0.000243
5.15	0.011181
5.16	0.013855
5.17	0.024063
5.18	-0.007535
5.19	0.000972
5.2	-0.015556
5.21	-0.015799
5.22	-0.012153
5.23	0.001945
5.24	0.002431
5.25	-0.018473
5.26	-0.010452
5.27	0.004375
5.28	0.001945
5.29	-0.014827
5.3	-0.011667
5.31	-0.00559
5.32	-0.010938
5.33	-0.014827
5.34	-0.00875
5.35	-0.007292
5.36	-0.014584
5.37	-0.01823
5.38	-0.013855
5.39	-0.007292
5.4	-0.000486
5.41	-0.006563
5.42	0.002674
5.43	-0.005104
5.44	-0.003889
5.45	-0.001458
5.46	0.001945
5.47	-0.002431
5.48	0.005834
5.49	0.001701
5.5	-0.010452
5.51	-0.032327
5.52	-0.028681
5.53	-0.017257
5.54	-0.029411
5.55	-0.030626
5.56	-0.016285
5.57	-0.013368
5.58	-0.021876
5.59	-0.009723
5.6	0.004861
5.61	-0.015556
5.62	-0.001701
5.63	-0.007535
5.64	0.008264
5.65	0.00875
5.66	0.004132
5.67	0.013855
5.68	0.012882
5.69	0.001945
5.7	-0.007535
5.71	-0.002917
5.72	0.009966
5.73	0.016528
5.74	0.000486
5.75	0.003403
5.76	0.014827
5.77	0.002917
5.78	-0.001215
5.79	0.009966
5.8	0.006563
5.81	-0.000243
5.82	0.009479
5.83	0.011667
5.84	0.02066
5.85	0.01823
5.86	-0.00559
5.87	-0.022848
5.88	-0.008507
5.89	-0.009723
5.9	0.000972
5.91	-0.000243
5.92	0.009479
5.93	0.007049
5.94	0.011667
5.95	0.007535
5.96	0.008993
5.97	0.021633
5.98	-0.012153
5.99	-0.01191
6.0	-0.017744
6.01	-0.034758
6.02	-0.021876
6.03	-0.027466
6.04	-0.036703
6.05	-0.031355
6.06	-0.022119
6.07	-0.017014
6.08	-0.010695
6.09	-0.004618
6.1	0.004375
6.11	-0.002917
6.12	0.007049
6.13	0.006563
6.14	0.001945
6.15	0.006077
6.16	0.012153
6.17	0.018473
6.18	0.019202
6.19	0.009723
6.2	0.014584
6.21	0.020903
6.22	0.001701
6.23	0.016285
6.24	0.009479
6.25	0.002188
6.26	-0.007535
6.27	-0.015556
6.28	-0.014341
6.29	-0.008021
6.3	-0.006077
6.31	0.001215
6.32	0.019202
6.33	0.002431
6.34	0.008993
6.35	0.014341
6.36	0.016042
6.37	0.001945
6.38	0.008021
6.39	0.019445
6.4	0.002917
6.41	0.002188
6.42	-0.010695
6.43	0.004861
6.44	-0.011424
6.45	-0.013612
6.46	-0.008993
6.47	-0.0333
6.48	-0.01191
6.49	-0.004618
6.5	0.002917
6.51	-0.024306
6.52	-0.018716
6.53	0.018716
6.54	0.022848
6.55	0.018959
6.56	0.014584
6.57	0.002674
6.58	-0.010209
6.59	-0.004375
6.6	0.004861
6.61	-0.003646
6.62	0.002431
6.63	0.014098
6.64	0.006563
6.65	0.020903
6.66	0.024306
6.67	0.0333
6.68	0.021633
6.69	0.01507
6.7	0.020174
6.71	0.007778
6.72	-0.001215
6.73	-0.010938
6.74	-0.000486
6.75	-0.011424
6.76	-0.015556
6.77	-0.026737
6.78	-0.011181
6.79	-0.010209
6.8	-0.000486
6.81	-0.002917
6.82	-0.021876
6.83	-0.029411
6.84	-0.023334
6.85	-0.008021
6.86	-0.022848
6.87	-0.021147
6.88	-0.016042
6.89	-0.006563
6.9	0.004861
6.91	0.006563
6.92	0.022362
6.93	0.015313
6.94	-0.010452
6.95	0.004861
6.96	0.002188
6.97	0.003889
6.98	0.006077
6.99	0.014827
7.0	0.017501
7.01	0.009479
7.02	0.00632
7.03	-0.008993
7.04	-0.013855
7.05	-0.018959
7.06	-0.017257
7.07	-0.019202
7.08	-0.015556
7.09	-0.010938
7.1	-0.02066
7.11	-0.009479
7.12	0.016771
7.13	0.02066
7.14	0.015556
7.15	0.009966
7.16	0.008993
7.17	0.024792
7.18	0.017014
7.19	0.004618
7.2	0.007778
7.21	0.010452
7.22	0.015556
7.23	0.013855
7.24	0.017257
7.25	0.014098
7.26	0.01191
7.27	-0.002188
7.28	0.004375
7.29	0.009236
7.3	0.008993
7.31	0.005347
7.32	-0.005104
7.33	-0.013368
7.34	-0.012396
7.35	0.008507
7.36	0.00632
7.37	-0.002674
7.38	-0.022605
7.39	-0.03014
7.4	-0.03014
7.41	-0.019688
7.42	-0.006806
7.43	-0.009236
7.44	-0.017744
7.45	0.000243
7.46	-0.00316
7.47	-0.020903
7.48	-0.008021
7.49	0.01191
7.5	-0.018959
7.51	-0.004132
7.52	0.009479
7.53	0.025765
7.54	0.031112
7.55	0.016528
7.56	-0.005104
7.57	-0.013612
7.58	-0.017501
7.59	-0.004375
7.6	-0.005834
7.61	0.002431
7.62	0.001701
7.63	0.001945
7.64	-0.00875
7.65	-0.017257
7.66	0.00875
7.67	0.012639
7.68	0.025765
7.69	0.028438
7.7	-0.005834
7.71	-0.010209
7.72	-0.012153
7.73	-0.004132
7.74	0.012882
7.75	0.00632
7.76	-0.004375
7.77	-0.002188
7.78	-0.005347
7.79	0.002674
7.8	0.012639
7.81	0.010209
7.82	0.016285
7.83	0.024306
7.84	0.028925
7.85	0.01823
7.86	0.017014
7.87	0.025522
7.88	0.015556
7.89	0.007535
7.9	0.041078
7.91	0.019202
7.92	0.00875
7.93	0.017987
7.94	-0.009236
7.95	-0.003646
7.96	-0.002188
7.97	-0.004375
7.98	-0.011424
7.99	-0.018959
8.0	-0.000729
8.01	0.006077
8.02	-0.009236
8.03	0.000729
8.04	-0.009479
8.05	-0.018959
8.06	-0.026008
8.07	-0.039133
8.08	-0.041078
8.09	-0.035973
8.1	-0.032814
8.11	-0.027466
8.12	-0.01191
8.13	-0.017744
8.14	-0.017987
8.15	-0.001945
8.16	0.002188
8.17	-0.000486
8.18	0.000486
8.19	-0.009479
8.2	-0.00316
8.21	0.000243
8.22	0.019202
8.23	0.01507
8.24	0.014584
8.25	0.03573
8.26	0.025765
8.27	0.010452
8.28	-0.006806
8.29	-0.000243
8.3	0.005834
8.31	-0.007535
8.32	-0.005834
8.33	-0.000729
8.34	0.002917
8.35	0.013368
8.36	0.012153
8.37	0.002431
8.38	-0.02066
8.39	-0.022605
8.4	-0.013368
8.41	0.000486
8.42	0.007292
8.43	-0.001215
8.44	0.024306
8.45	0.023577
8.46	0.028438
8.47	0.02698
8.48	0.02698
8.49	0.012153
8.5	-0.012882
8.51	-0.002188
8.52	0.004375
8.53	-0.016528
8.54	-0.023577
8.55	-0.010695
8.56	-0.012396
8.57	-0.023091
8.58	-0.021876
8.59	-0.020174
8.6	-0.015799
8.61	-0.023334
8.62	-0.034515
8.63	-0.032084
8.64	-0.021147
8.65	-0.018959
8.66	-0.033543
8.67	-0.012396
8.68	-0.008993
8.69	-0.026008
8.7	0.008993
8.71	-0.006077
8.72	-0.012153
8.73	-0.00632
8.74	0.001945
8.75	0.009479
8.76	-0.00316
8.77	0.01823
8.78	0.027466
8.79	0.025036
8.8	0.013855
8.81	0.017744
8.82	-0.002188
8.83	-0.011181
8.84	-0.019445
8.85	-0.016285
8.86	-0.012882
8.87	-0.010938
8.88	-0.024306
8.89	-0.012639
8.9	-0.010695
8.91	-0.015799
8.92	-0.009723
8.93	0.007049
8.94	0.019931
8.95	0.016528
8.96	0.008021
8.97	0.011667
8.98	0.019931
8.99	0.019202
9.0	0.010695
9.01	0.004861
9.02	0.014584
9.03	-0.004618
9.04	-0.006077
9.05	-0.007292
9.06	-0.001215
9.07	-0.004861
9.08	-0.000729
9.09	0.008264
9.1	0.00316
9.11	-0.000243
9.12	-0.00316
9.13	-0.005104
9.14	-0.010938
9.15	-0.003403
9.16	0.005347
9.17	0.028195
9.18	0.011424
9.19	0.009966
9.2	-0.002188
9.21	0.002674
9.22	0.009966
9.23	0.000243
9.24	0.005347
9.25	-0.004132
9.26	-0.013125
9.27	-0.029411
9.28	-0.007049
9.29	0.005347
9.3	0.012639
9.31	0.00875
9.32	0.022605
9.33	0.018959
9.34	0.016042
9.35	0.025036
9.36	0.013368
9.37	0.017501
9.38	0.002917
9.39	-0.002188
9.4	-0.001458
9.41	0.022119
9.42	0.005834
9.43	0.008993
9.44	0.008264
9.45	0.01507
9.46	0.003646
9.47	0.018959
9.48	0.003646
9.49	-0.016285
9.5	-0.012639
9.51	0.000972
9.52	-0.001215
9.53	0.002674
9.54	0.00559
9.55	0.016042
9.56	0.007535
9.57	0.008507
9.58	0.002431
9.59	0.005104
9.6	-0.018473
9.61	-0.021633
9.62	-0.030626
9.63	-0.023334
9.64	-0.02698
9.65	-0.023091
9.66	-0.005347
9.67	-0.005104
9.68	-0.007778
9.69	-0.002188
9.7	-0.001945
9.71	-0.00632
9.72	-0.014584
9.73	-0.008021
9.74	0.006806
9.75	0.002431
9.76	-0.007292
9.77	-0.016528
9.78	-0.021147
9.79	-0.017987
9.8	-0.016528
9.81	-0.010209
9.82	-0.006077
9.83	0.000486
9.84	0.001945
9.85	-0.004132
9.86	-0.009723
9.87	-0.014827
9.88	-0.004861
9.89	-0.001945
9.9	0.014827
9.91	0.026008
9.92	0.018959
9.93	0.003889
9.94	0.002188
9.95	-0.002188
9.96	0.008021
9.97	0.004861
9.98	0.003403
9.99	0.008507
10.0	0.012396
10.01	0.010695
10.02	0.010452
10.03	0.015799
10.04	0.0
10.05	-0.005834
10.06	-0.008021
10.07	0.006563
10.08	0.013612
10.09	0.000972
10.1	0.00875
10.11	-0.003889
10.12	-0.008021
10.13	0.000243
10.14	-0.008993
10.15	0.011424
10.16	0.023334
10.17	-0.006077
10.18	-0.010452
10.19	-0.001701
10.2	-0.000729
10.21	-0.010695
10.22	-0.015313
10.23	-0.003889
10.24	-0.002188
10.25	-0.002917
10.26	0.013612
10.27	0.010452
10.28	-0.008993
10.29	-0.004132
10.3	-0.017987
10.31	-0.014098
10.32	-0.017987
10.33	-0.033057
10.34	-0.027709
10.35	-0.026737
10.36	-0.017257
10.37	-0.02698
10.38	-0.035244
10.39	-0.013368
10.4	-0.006563
10.41	-0.008507
10.42	-0.023091
10.43	-0.009723
10.44	-0.004861
10.45	-0.000729
10.46	-0.010938
10.47	-0.017987
10.48	-0.017744
10.49	-0.000972
10.5	-0.005347
10.51	0.011424
10.52	0.010938
10.53	0.008993
10.54	0.012639
10.55	0.00316
10.56	0.005347
10.57	-0.007049
10.58	-0.02139
10.59	-0.012396
10.6	-0.008021
10.61	-0.014827
10.62	-0.011181
10.63	-0.017501
10.64	-0.008507
10.65	0.003889
10.66	0.003889
10.67	0.009966
10.68	0.014584
10.69	-0.000729
10.7	0.004618
10.71	0.000243
10.72	-0.011181
10.73	-0.01507
10.74	-0.015313
10.75	0.001215
10.76	0.016771
10.77	0.017501
10.78	0.010209
10.79	-0.004618
10.8	-0.010938
10.81	-0.009966
10.82	-0.010695
10.83	-0.023091
10.84	-0.02139
10.85	-0.012882
10.86	0.000243
10.87	-0.001701
10.88	-0.005104
10.89	-0.011424
10.9	-0.027223
10.91	-0.04521
10.92	-0.041078
10.93	-0.021633
10.94	-0.001945
10.95	0.009966
10.96	-0.002917
10.97	-0.012396
10.98	-0.002917
10.99	-0.002431
11.0	0.014098
11.01	0.017744
11.02	0.015556
11.03	0.024792
11.04	0.005834
11.05	-0.000729
11.06	0.007049
11.07	-0.010695
11.08	-0.017501
11.09	-0.039376
11.1	-0.028195
11.11	-0.005834
11.12	-0.009236
11.13	-0.005347
11.14	-0.010938
11.15	-0.009966
11.16	-0.002188
11.17	0.009236
11.18	-0.002188
11.19	-0.019688
11.2	-0.013368
11.21	-0.018959
11.22	-0.008507
11.23	-0.011181
11.24	-0.022605
11.25	-0.008264
11.26	0.014827
11.27	0.030869
11.28	0.020417
11.29	0.006806
11.3	-0.007049
11.31	-0.007292
11.32	-0.017744
11.33	-0.007292
11.34	-0.006077
11.35	0.000972
11.36	-0.000729
11.37	-0.00632
11.38	0.0
11.39	0.007049
11.4	0.017501
11.41	0.008507
11.42	0.017257
11.43	0.017744
11.44	0.006077
11.45	-0.001701
11.46	-0.003646
11.47	-0.00316
11.48	0.016285
11.49	0.02382
11.5	0.002188
11.51	0.01823
11.52	0.024063
11.53	0.013612
11.54	0.012396
11.55	0.012882
11.56	0.00559
11.57	0.004132
11.58	-0.010695
11.59	-0.012882
11.6	-0.008507
11.61	0.004618
11.62	0.024792
11.63	0.016771
11.64	0.01823
11.65	0.023577
11.66	0.00559
11.67	0.0
11.68	-0.011181
11.69	-0.002917
11.7	-0.000243
11.71	0.016285
11.72	0.016771
11.73	0.006806
11.74	0.001458
11.75	-0.002431
11.76	0.003646
11.77	0.003403
11.78	-0.000486
11.79	-0.015556
11.8	-0.02382
11.81	-0.008993
11.82	-0.011424
11.83	-0.012639
11.84	-0.008264
11.85	-0.013368
11.86	-0.027952
11.87	-0.030869
11.88	-0.014827
11.89	-0.003889
11.9	-0.013855
11.91	-0.009236
11.92	-0.011667
11.93	-0.009236
11.94	-0.013368
11.95	-0.006806
11.96	-0.001215
11.97	-0.003889
11.98	-0.000729
11.99	0.00632
12.0	0.00316
12.01	0.004861
12.02	0.015313
12.03	0.019445
12.04	0.01191
12.05	0.006563
12.06	0.01507
12.07	0.02382
12.08	-0.005347
12.09	0.001701
12.1	-0.020903
12.11	-0.013368
12.12	-0.018716
12.13	-0.010695
12.14	-0.02139
12.15	-0.013368
12.16	0.008021
12.17	0.016528
12.18	0.015556
12.19	-0.009723
12.2	-0.02139
12.21	-0.00559
12.22	-0.009966
12.23	0.007292
12.24	-0.004375
12.25	0.002917
12.26	-0.007292
12.27	-0.00875
12.28	0.008993
12.29	0.000243
12.3	-0.009479
12.31	-0.022605
12.32	-0.03257
12.33	-0.007049
12.34	0.001701
12.35	-0.000972
12.36	-0.003889
12.37	0.000243
12.38	0.002917
12.39	-0.009723
12.4	-0.009479
12.41	0.003403
12.42	-0.008993
12.43	-0.000243
12.44	-0.010209
12.45	0.002917
12.46	0.01507
12.47	0.021633
12.48	0.014827
12.49	-0.000729
12.5	0.015313
12.51	0.004618
12.52	0.027952
12.53	0.013855
12.54	0.014341
12.55	0.016528
12.56	-0.001458
12.57	-0.012153
12.58	-0.006077
12.59	-0.001945
12.6	0.000972
12.61	-0.006077
12.62	-0.010209
12.63	-0.008021
12.64	-0.019445
12.65	-0.013125
12.66	0.007778
12.67	0.021876
12.68	0.007778
12.69	-0.00316
12.7	0.002917
12.71	-0.004132
12.72	0.001701
12.73	-0.003889
12.74	-0.012639
12.75	-0.001701
12.76	-0.000972
12.77	-0.009966
12.78	-0.002674
12.79	0.00316
12.8	-0.002188
12.81	0.001945
12.82	-0.012639
12.83	-0.007535
12.84	-0.01507
12.85	-0.004375
12.86	-0.018473
12.87	-0.039376
12.88	-0.029654
12.89	-0.029411
12.9	-0.028195
12.91	-0.027952
12.92	-0.019202
12.93	0.009723
12.94	0.001458
12.95	-0.000729
12.96	0.013612
12.97	0.017501
12.98	0.00632
12.99	0.017257
13.0	0.007292
13.01	0.006563
13.02	0.009723
13.03	0.017257
13.04	0.023577
13.05	0.025765
13.06	0.043265
13.07	0.014827
13.08	0.021147
13.09	0.013855
13.1	0.02066
13.11	0.028681
13.12	0.035001
13.13	0.034758
13.14	0.022119
13.15	0.010209
13.16	-0.010209
13.17	0.008507
13.18	-0.002674
13.19	-0.007535
13.2	-0.001215
13.21	0.004132
13.22	0.011667
13.23	0.007292
13.24	-0.001458
13.25	-0.010695
13.26	-0.002917
13.27	-0.00316
13.28	-0.009966
13.29	-0.024306
13.3	-0.010452
13.31	-0.010695
13.32	-0.029897
13.33	-0.016528
13.34	-0.02066
13.35	-0.009236
13.36	-0.008021
13.37	-0.016528
13.38	-0.027223
13.39	-0.018959
13.4	-0.028681
13.41	-0.016042
13.42	-0.008507
13.43	0.00632
13.44	0.007292
13.45	0.013125
13.46	0.005834
13.47	-0.00632
13.48	-0.007778
13.49	0.038647
13.5	-0.000243
13.51	-0.005834
13.52	-0.021147
13.53	0.009966
13.54	-0.002917
13.55	0.012153
13.56	0.019202
13.57	0.014341
13.58	0.007292
13.59	-0.002431
13.6	-0.018716
13.61	-0.011667
13.62	-0.000729
13.63	-0.002917
13.64	0.001701
13.65	0.002917
13.66	0.005347
13.67	-0.007049
13.68	-0.001945
13.69	0.004618
13.7	-0.000729
13.71	0.006563
13.72	0.004861
13.73	0.004132
13.74	0.007292
13.75	0.017014
13.76	-0.009479
13.77	0.000243
13.78	0.00316
13.79	0.002674
13.8	-0.002188
13.81	-0.001701
13.82	0.007292
13.83	-0.004861
13.84	0.0
13.85	-0.003403
13.86	0.003403
13.87	0.001458
13.88	-0.010938
13.89	-0.001458
13.9	0.008507
13.91	0.017501
13.92	0.022848
13.93	0.008507
13.94	0.017744
13.95	0.027223
13.96	0.024306
13.97	0.03573
13.98	0.013125
13.99	-0.009236
14.0	-0.006077
14.01	-0.013125
14.02	-0.009236
14.03	0.004375
14.04	0.027952
14.05	0.030383
14.06	0.017501
14.07	0.009966
14.08	-0.000729
14.09	0.004132
14.1	-0.006563
14.11	0.002188
14.12	-0.010938
14.13	-0.010938
14.14	-0.010938
14.15	-0.017501
14.16	0.014584
14.17	0.019688
14.18	0.016042
14.19	0.002431
14.2	-0.004618
14.21	-0.007535
14.22	0.002188
14.23	-0.020174
14.24	0.003889
14.25	0.003403
14.26	-0.007535
14.27	-0.015799
14.28	-0.014827
14.29	-0.008264
14.3	-0.014341
14.31	-0.008264
14.32	-0.002431
14.33	-0.014341
14.34	-0.013368
14.35	0.006806
14.36	0.016285
14.37	0.001701
14.38	0.026008
14.39	0.009723
14.4	0.028681
14.41	0.013125
14.42	0.012396
14.43	0.011667
14.44	-0.00316
14.45	-0.004132
14.46	-0.00559
14.47	0.001458
14.48	0.007535
14.49	0.002431
14.5	0.005347
14.51	0.00632
14.52	0.01507
14.53	0.010695
14.54	0.005347
14.55	0.013855
14.56	0.016042
14.57	0.017501
14.58	0.018716
14.59	0.00632
14.6	0.000243
14.61	-0.002674
14.62	-0.004375
14.63	0.001215
14.64	-0.009723
14.65	-0.008993
14.66	0.005834
14.67	-0.011667
14.68	-0.017257
14.69	0.00875
14.7	-0.008264
14.71	-0.009236
14.72	-0.001458
14.73	-0.012396
14.74	-0.008021
14.75	-0.003403
14.76	0.009236
14.77	0.009966
14.78	0.004618
14.79	0.013612
14.8	0.017744
14.81	0.017257
14.82	0.006563
14.83	0.024306
14.84	0.023334
14.85	-0.006077
14.86	-0.002674
14.87	-0.017501
14.88	-0.003646
14.89	0.009723
14.9	-0.003403
14.91	0.007049
14.92	-0.002917
14.93	0.002188
14.94	0.004861
14.95	0.014827
14.96	0.0
14.97	0.006077
14.98	0.015313
14.99	0.006077
15.0	0.009236
15.01	-0.007535
15.02	0.004861
15.03	0.02066
15.04	-0.000486
15.05	0.002917
15.06	0.017501
15.07	0.0
15.08	-0.010452
15.09	-0.002431
15.1	0.019931
15.11	0.007535
15.12	0.015313
15.13	0.017257
15.14	0.022848
15.15	-0.003889
15.16	-0.000972

&

0.01	-0.001458
0.02	-0.001215
0.03	-0.001215
0.04	0.000486
0.05	-0.002917
0.06	-0.002917
0.07	-0.009723
0.08	-0.010695
0.09	-0.004618
0.1	-0.008021
0.11	-0.000972
0.12	0.000972
0.13	0.000243
0.14	-0.003646
0.15	0.001701
0.16	-0.004618
0.17	0.004618
0.18	0.006806
0.19	0.000729
0.2	-0.002431
0.21	0.003889
0.22	-0.000972
0.23	0.006563
0.24	0.013125
0.25	0.013368
0.26	0.013612
0.27	0.012882
0.28	0.003646
0.29	-0.001701
0.3	-0.001458
0.31	0.00559
0.32	0.012882
0.33	-0.002188
0.34	-0.002674
0.35	-0.000729
0.36	-0.004375
0.37	-0.007292
0.38	-0.005104
0.39	0.010209
0.4	0.001458
0.41	0.014098
0.42	-0.004861
0.43	0.004132
0.44	-0.004132
0.45	-0.000729
0.46	0.007049
0.47	0.00559
0.48	-0.00632
0.49	0.001701
0.5	0.011667
0.51	-0.000486
0.52	0.007292
0.53	0.002917
0.54	-0.00559
0.55	0.004375
0.56	0.002917
0.57	-0.00875
0.58	-0.002188
0.59	-0.001945
0.6	-0.006563
0.61	-0.014584
0.62	-0.013612
0.63	-0.017501
0.64	-0.012396
0.65	-0.017744
0.66	-0.012882
0.67	-0.01823
0.68	-0.001701
0.69	-0.002431
0.7	-0.01507
0.71	-0.009966
0.72	-0.010452
0.73	-0.012882
0.74	0.005104
0.75	-0.005104
0.76	-0.012153
0.77	0.007049
0.78	0.003403
0.79	0.010938
0.8	0.002431
0.81	0.010938
0.82	0.021876
0.83	0.018473
0.84	0.018959
0.85	-0.004618
0.86	-0.008507
0.87	-0.016285
0.88	-0.009479
0.89	-0.016285
0.9	-0.024306
0.91	-0.009966
0.92	-0.013368
0.93	0.011181
0.94	0.005834
0.95	0.003889
0.96	0.015799
0.97	0.009966
0.98	-0.011181
0.99	-0.022848
1.0	-0.000729
1.01	0.000486
1.02	-0.00559
1.03	-0.004861
1.04	0.002674
1.05	0.001458
1.06	-0.001215
1.07	0.000972
1.08	0.000972
1.09	0.004618
1.1	0.005347
1.11	0.000486
1.12	-0.008993
1.13	-0.019202
1.14	-0.02139
1.15	-0.010938
1.16	-0.003646
1.17	-0.013125
1.18	-0.010209
1.19	-0.002674
1.2	0.002431
1.21	-0.003889
1.22	0.0
1.23	-0.004618
1.24	-0.006077
1.25	0.006563
1.26	-0.000972
1.27	-0.013855
1.28	-0.006077
1.29	0.00316
1.3	-0.014827
1.31	-0.010695
1.32	0.001945
1.33	-0.004861
1.34	-0.016771
1.35	-0.02139
1.36	-0.010695
1.37	0.005834
1.38	0.004132
1.39	0.00875
1.4	0.006806
1.41	0.013612
1.42	0.011667
1.43	0.013368
1.44	0.003403
1.45	0.001458
1.46	-0.005834
1.47	-0.008507
1.48	-0.000486
1.49	0.000486
1.5	-0.027709
1.51	-0.025765
1.52	-0.021876
1.53	-0.021876
1.54	-0.039133
1.55	-0.014341
1.56	-0.020903
1.57	-0.018473
1.58	-0.008021
1.59	-0.001215
1.6	0.002917
1.61	0.026737
1.62	0.018716
1.63	0.014341
1.64	0.02139
1.65	0.013368
1.66	0.008507
1.67	0.029168
1.68	0.013368
1.69	0.030869
1.7	0.028438
1.71	0.025522
1.72	0.027709
1.73	0.029168
1.74	0.011667
1.75	0.025279
1.76	0.027709
1.77	0.022848
1.78	0.038161
1.79	0.010695
1.8	0.008507
1.81	-0.006806
1.82	-0.01823
1.83	-0.007535
1.84	-0.004375
1.85	0.005347
1.86	0.018473
1.87	0.019445
1.88	0.003403
1.89	0.008021
1.9	-0.007535
1.91	-0.021147
1.92	-0.012396
1.93	-0.004375
1.94	0.000486
1.95	0.000972
1.96	-0.014098
1.97	-0.000729
1.98	-0.009966
1.99	-0.011181
2.0	-0.020417
2.01	-0.00632
2.02	0.017014
2.03	0.000243
2.04	-0.017014
2.05	-0.010209
2.06	-0.002431
2.07	-0.007778
2.08	-0.008021
2.09	-0.018716
2.1	-0.013612
2.11	-0.004132
2.12	0.008993
2.13	0.011424
2.14	0.020417
2.15	0.000729
2.16	0.004861
2.17	0.008264
2.18	0.001215
2.19	-0.009236
2.2	0.017501
2.21	0.002188
2.22	0.013125
2.23	0.021147
2.24	0.002917
2.25	0.023334
2.26	0.014098
2.27	0.015799
2.28	-0.014098
2.29	-0.010938
2.3	0.001701
2.31	0.003646
2.32	0.000486
2.33	-0.006806
2.34	0.00632
2.35	0.002431
2.36	0.011424
2.37	0.015313
2.38	0.008264
2.39	-0.001945
2.4	0.008021
2.41	0.007535
2.42	0.027709
2.43	0.011424
2.44	0.019202
2.45	0.019931
2.46	0.026494
2.47	0.019931
2.48	0.014584
2.49	0.019202
2.5	-0.01507
2.51	0.009479
2.52	0.008507
2.53	0.004861
2.54	0.001701
2.55	0.008507
2.56	0.001701
2.57	-0.000243
2.58	-0.012153
2.59	-0.004375
2.6	-0.013125
2.61	-0.006077
2.62	-0.01191
2.63	-0.006563
2.64	-0.002188
2.65	0.012396
2.66	0.007292
2.67	0.017257
2.68	0.014584
2.69	0.003403
2.7	0.014827
2.71	0.013368
2.72	0.001701
2.73	0.003403
2.74	0.000972
2.75	0.002917
2.76	0.013125
2.77	0.012882
2.78	-0.008264
2.79	-0.001215
2.8	-0.003889
2.81	0.012396
2.82	0.016285
2.83	0.017257
2.84	0.007778
2.85	0.007292
2.86	0.029654
2.87	0.015556
2.88	0.007778
2.89	0.011181
2.9	0.022119
2.91	0.023577
2.92	0.010209
2.93	-0.001701
2.94	0.006563
2.95	-0.02066
2.96	-0.016042
2.97	-0.024306
2.98	-0.004132
2.99	-0.004375
3.0	0.001458
3.01	0.00559
3.02	0.02698
3.03	0.013125
3.04	0.009479
3.05	-0.004861
3.06	-0.010938
3.07	-0.008021
3.08	0.013125
3.09	0.007778
3.1	0.008264
3.11	0.001701
3.12	0.005834
3.13	0.00875
3.14	0.012396
3.15	0.016528
3.16	0.022605
3.17	0.010209
3.18	-0.004375
3.19	0.013125
3.2	-0.000729
3.21	-0.001945
3.22	0.005834
3.23	0.014098
3.24	0.002674
3.25	0.010695
3.26	-0.008264
3.27	-0.013368
3.28	-0.020417
3.29	-0.01507
3.3	-0.005347
3.31	-0.010209
3.32	-0.012639
3.33	-0.024063
3.34	-0.025036
3.35	-0.021876
3.36	-0.017257
3.37	-0.037675
3.38	-0.028681
3.39	-0.033057
3.4	-0.025279
3.41	-0.022605
3.42	-0.02066
3.43	-0.01823
3.44	-0.00875
3.45	0.008021
3.46	0.002431
3.47	0.003646
3.48	-0.004618
3.49	-0.025279
3.5	-0.003646
3.51	-0.006077
3.52	-0.018959
3.53	-0.023334
3.54	-0.025036
3.55	-0.021633
3.56	-0.027466
3.57	-0.030383
3.58	-0.0333
3.59	-0.018959
3.6	-0.016771
3.61	-0.014341
3.62	-0.010695
3.63	-0.001215
3.64	0.011424
3.65	-0.000729
3.66	-0.000729
3.67	0.003646
3.68	0.002674
3.69	0.007049
3.7	0.010452
3.71	0.004861
3.72	0.003403
3.73	-0.007292
3.74	-0.001701
3.75	0.009236
3.76	0.013612
3.77	-0.000972
3.78	0.002431
3.79	-0.006806
3.8	-0.009723
3.81	-0.02139
3.82	0.003403
3.83	-0.012153
3.84	-0.028195
3.85	-0.015799
3.86	-0.001458
3.87	-0.020417
3.88	-0.014827
3.89	-0.014584
3.9	-0.01507
3.91	-0.008993
3.92	0.006806
3.93	0.003889
3.94	-0.016528
3.95	0.00559
3.96	0.013855
3.97	0.01191
3.98	0.021876
3.99	0.016042
4.0	0.017257
4.01	0.026494
4.02	0.002188
4.03	0.004861
4.04	0.000243
4.05	0.015799
4.06	0.01823
4.07	0.000972
4.08	0.010209
4.09	0.022848
4.1	-0.000729
4.11	0.013855
4.12	0.0
4.13	-0.002431
4.14	-0.002917
4.15	0.004861
4.16	-0.001945
4.17	-0.026737
4.18	-0.021633
4.19	-0.00875
4.2	0.005347
4.21	0.004861
4.22	-0.002431
4.23	-0.000729
4.24	0.022119
4.25	0.023334
4.26	-0.000972
4.27	-0.000486
4.28	-0.017987
4.29	-0.011667
4.3	0.005834
4.31	0.003889
4.32	0.010209
4.33	0.023091
4.34	0.027709
4.35	0.025279
4.36	0.012639
4.37	0.015313
4.38	0.001458
4.39	-0.006806
4.4	-0.004861
4.41	-0.022119
4.42	-0.006563
4.43	0.010452
4.44	0.014098
4.45	0.010938
4.46	0.002917
4.47	-0.004375
4.48	-0.001215
4.49	0.011667
4.5	0.012639
4.51	0.007778
4.52	0.005104
4.53	0.013368
4.54	0.02066
4.55	0.01823
4.56	0.012396
4.57	0.012153
4.58	0.018716
4.59	0.015313
4.6	0.017257
4.61	0.017987
4.62	0.016042
4.63	-0.002188
4.64	-0.015799
4.65	-0.014827
4.66	-0.01191
4.67	-0.002674
4.68	-0.000243
4.69	0.002431
4.7	0.002431
4.71	-0.002188
4.72	-0.009966
4.73	0.003889
4.74	0.010209
4.75	0.00875
4.76	0.010209
4.77	0.030383
4.78	0.02139
4.79	0.001701
4.8	-0.012153
4.81	-0.017987
4.82	-0.012882
4.83	-0.008021
4.84	-0.004618
4.85	0.005834
4.86	0.011424
4.87	-0.004618
4.88	0.014827
4.89	0.001701
4.9	0.025036
4.91	0.021876
4.92	0.006563
4.93	0.003403
4.94	0.017257
4.95	0.00316
4.96	-0.016771
4.97	-0.01823
4.98	-0.004375
4.99	-0.020417
5.0	-0.008993
5.01	0.002188
5.02	-0.002431
5.03	-0.00875
5.04	0.005347
5.05	-0.008021
5.06	-0.025522
5.07	0.004618
5.08	0.001945
5.09	-0.000486
5.1	0.005104
5.11	-0.012153
5.12	-0.001945
5.13	0.001215
5.14	-0.012396
5.15	-0.007535
5.16	0.002431
5.17	0.008993
5.18	0.019202
5.19	0.019202
5.2	0.020174
5.21	0.036703
5.22	-0.003403
5.23	-0.004132
5.24	-0.00875
5.25	-0.010695
5.26	-0.01507
5.27	-0.008264
5.28	-0.012153
5.29	0.000729
5.3	-0.009236
5.31	0.003889
5.32	0.007292
5.33	0.003403
5.34	-0.001701
5.35	-0.002188
5.36	0.0
5.37	-0.010209
5.38	0.002674
5.39	0.005104
5.4	0.008264
5.41	0.010695
5.42	0.023577
5.43	0.012882
5.44	-0.002188
5.45	-0.005104
5.46	-0.008264
5.47	-0.008264
5.48	-0.003889
5.49	0.001215
5.5	-0.004618
5.51	-0.008264
5.52	0.000972
5.53	-0.027952
5.54	-0.00559
5.55	-0.012396
5.56	-0.022362
5.57	-0.004132
5.58	0.012396
5.59	0.009723
5.6	0.019445
5.61	0.007778
5.62	-0.008507
5.63	-0.000486
5.64	-0.008993
5.65	-0.020417
5.66	0.00875
5.67	0.013855
5.68	-0.010695
5.69	0.002188
5.7	-0.012639
5.71	-0.011181
5.72	-0.032327
5.73	-0.037675
5.74	-0.034758
5.75	-0.012153
5.76	-0.005347
5.77	-0.01191
5.78	-0.027709
5.79	-0.029654
5.8	-0.004861
5.81	0.012639
5.82	-0.009236
5.83	-0.002674
5.84	-0.000972
5.85	-0.005104
5.86	-0.003889
5.87	-0.006563
5.88	-0.000972
5.89	0.010695
5.9	0.017501
5.91	0.023334
5.92	0.034272
5.93	0.040349
5.94	0.014098
5.95	0.015556
5.96	0.026251
5.97	0.024306
5.98	0.000729
5.99	0.016528
6.0	0.021147
6.01	0.022362
6.02	0.016528
6.03	0.005834
6.04	0.004861
6.05	0.007049
6.06	0.0
6.07	0.000729
6.08	-0.001945
6.09	-0.009236
6.1	0.005104
6.11	-0.00316
6.12	-0.010938
6.13	-0.014827
6.14	-0.017744
6.15	-0.012396
6.16	-0.00316
6.17	0.001215
6.18	-0.006077
6.19	-0.013612
6.2	-0.020417
6.21	-0.010209
6.22	-0.008507
6.23	-0.011667
6.24	0.001215
6.25	0.00632
6.26	0.007778
6.27	0.008264
6.28	0.004132
6.29	-0.001458
6.3	0.001701
6.31	0.00316
6.32	0.013855
6.33	-0.008507
6.34	-0.003403
6.35	-0.004375
6.36	0.004618
6.37	-0.00875
6.38	-0.002917
6.39	0.026251
6.4	0.022848
6.41	0.018473
6.42	0.019931
6.43	0.002917
6.44	0.007778
6.45	0.001945
6.46	0.00316
6.47	0.007292
6.48	0.004132
6.49	-0.004132
6.5	-0.008021
6.51	-0.013612
6.52	-0.028438
6.53	-0.027466
6.54	-0.024792
6.55	-0.02382
6.56	-0.010938
6.57	-0.003403
6.58	0.0
6.59	-0.007292
6.6	0.00559
6.61	0.006806
6.62	0.000729
6.63	0.009479
6.64	0.004132
6.65	-0.002674
6.66	-0.000486
6.67	0.004375
6.68	-0.017257
6.69	-0.002674
6.7	-0.004132
6.71	-0.004618
6.72	-0.015313
6.73	-0.002431
6.74	0.019931
6.75	0.016042
6.76	0.029411
6.77	0.025036
6.78	0.011424
6.79	0.020417
6.8	0.017744
6.81	-0.008993
6.82	-0.001945
6.83	-0.00316
6.84	0.013368
6.85	-0.002917
6.86	0.006806
6.87	0.010209
6.88	0.00316
6.89	-0.007049
6.9	0.013368
6.91	0.008021
6.92	0.010938
6.93	0.000486
6.94	-0.014098
6.95	-0.010695
6.96	0.011181
6.97	0.011181
6.98	-0.00875
6.99	0.00632
7.0	-0.000729
7.01	0.006806
7.02	0.005834
7.03	-0.008264
7.04	0.020417
7.05	0.002674
7.06	0.001945
7.07	-0.012882
7.08	-0.001458
7.09	0.001458
7.1	0.001945
7.11	0.021147
7.12	0.028195
7.13	0.018473
7.14	0.007535
7.15	0.022119
7.16	0.018473
7.17	0.010938
7.18	0.024549
7.19	-0.003889
7.2	0.000243
7.21	-0.016285
7.22	-0.01823
7.23	-0.023334
7.24	-0.02698
7.25	-0.019688
7.26	-0.018716
7.27	-0.017257
7.28	-0.009966
7.29	-0.000486
7.3	-0.026251
7.31	-0.031598
7.32	-0.029411
7.33	-0.028438
7.34	-0.030626
7.35	-0.026737
7.36	-0.024306
7.37	-0.030383
7.38	-0.002674
7.39	-0.007778
7.4	-0.009479
7.41	-0.010938
7.42	-0.013612
7.43	-0.00559
7.44	-0.018473
7.45	0.001458
7.46	0.014827
7.47	0.011667
7.48	0.028681
7.49	0.014827
7.5	0.035244
7.51	0.012396
7.52	0.017501
7.53	-0.000486
7.54	-0.01507
7.55	-0.028681
7.56	-0.006563
7.57	0.01507
7.58	0.008993
7.59	0.000486
7.6	-0.001215
7.61	-0.008507
7.62	-0.000729
7.63	-0.014827
7.64	-0.029654
7.65	-0.029654
7.66	-0.030626
7.67	-0.007778
7.68	-0.006806
7.69	0.011181
7.7	0.014584
7.71	0.023334
7.72	0.018716
7.73	0.006077
7.74	-0.011667
7.75	-0.004861
7.76	0.013855
7.77	0.022119
7.78	0.005834
7.79	0.017257
7.8	0.02066
7.81	0.012396
7.82	0.006806
7.83	-0.007535
7.84	-0.010209
7.85	0.004618
7.86	-0.004132
7.87	-0.009723
7.88	-0.028925
7.89	-0.022848
7.9	-0.001215
7.91	0.001458
7.92	-0.000486
7.93	0.006563
7.94	0.014827
7.95	0.018716
7.96	-0.000486
7.97	-0.00316
7.98	-0.009479
7.99	0.004132
8.0	-0.005347
8.01	0.003646
8.02	0.006563
8.03	0.003403
8.04	-0.005834
8.05	-0.009236
8.06	0.003889
8.07	0.010209
8.08	0.017987
8.09	0.018473
8.1	0.017014
8.11	0.037675
8.12	0.013855
8.13	0.00316
8.14	-0.001458
8.15	0.001458
8.16	-0.005834
8.17	0.013612
8.18	0.001701
8.19	0.015799
8.2	0.011667
8.21	0.003646
8.22	0.012396
8.23	0.005104
8.24	0.024549
8.25	0.036216
8.26	0.03257
8.27	0.041807
8.28	0.039619
8.29	0.03014
8.3	-0.012882
8.31	-0.025522
8.32	-0.023091
8.33	-0.005347
8.34	-0.008021
8.35	0.004132
8.36	0.013855
8.37	0.016042
8.38	0.027466
8.39	0.011181
8.4	0.01191
8.41	0.009966
8.42	0.003403
8.43	0.036216
8.44	0.021876
8.45	0.021633
8.46	0.021147
8.47	0.026737
8.48	0.019202
8.49	-0.000486
8.5	-0.019445
8.51	-0.003889
8.52	-0.006077
8.53	-0.004861
8.54	0.000243
8.55	-0.014098
8.56	-0.02066
8.57	-0.006077
8.58	-0.001945
8.59	0.012396
8.6	0.024549
8.61	0.031355
8.62	0.026251
8.63	-0.006806
8.64	-0.008264
8.65	0.010452
8.66	0.017987
8.67	0.001945
8.68	0.015799
8.69	0.029897
8.7	0.024792
8.71	0.012153
8.72	0.011181
8.73	-0.005347
8.74	-0.002188
8.75	0.006806
8.76	0.003889
8.77	-0.017501
8.78	-0.014341
8.79	-0.008993
8.8	-0.007778
8.81	-0.01191
8.82	-0.006806
8.83	0.017501
8.84	0.014341
8.85	0.011424
8.86	0.000243
8.87	0.00559
8.88	0.010209
8.89	0.021147
8.9	0.022119
8.91	0.010695
8.92	-0.001945
8.93	-0.031355
8.94	-0.031112
8.95	-0.012396
8.96	-0.000486
8.97	0.015313
8.98	0.012882
8.99	-0.009723
9.0	-0.00316
9.01	0.011424
9.02	-0.000486
9.03	0.01507
9.04	0.004861
9.05	0.000729
9.06	0.005104
9.07	-0.008507
9.08	-0.017744
9.09	-0.01507
9.1	-0.019445
9.11	-0.008507
9.12	0.004132
9.13	0.016771
9.14	0.016285
9.15	-0.002917
9.16	-0.008507
9.17	0.00316
9.18	0.006806
9.19	0.023091
9.2	0.014827
9.21	0.032327
9.22	0.034272
9.23	0.017744
9.24	0.026737
9.25	0.005347
9.26	0.010938
9.27	0.050314
9.28	0.044481
9.29	0.020417
9.3	0.015313
9.31	0.025522
9.32	0.006077
9.33	0.021147
9.34	0.00559
9.35	-0.003403
9.36	-0.00875
9.37	-0.011424
9.38	-0.007778
9.39	0.005104
9.4	0.001215
9.41	-0.014827
9.42	-0.013612
9.43	-0.002917
9.44	-0.004618
9.45	-0.032327
9.46	-0.008264
9.47	-0.006077
9.48	-0.000729
9.49	0.00316
9.5	0.013855
9.51	0.019445
9.52	0.017501
9.53	0.025036
9.54	0.02139
9.55	0.007778
9.56	-0.004132
9.57	-0.018716
9.58	-0.014098
9.59	0.003403
9.6	0.012639
9.61	0.014098
9.62	0.002188
9.63	0.016285
9.64	0.014827
9.65	0.025036
9.66	0.013125
9.67	0.00316
9.68	0.008993
9.69	0.008993
9.7	0.00632
9.71	0.008507
9.72	0.008021
9.73	0.016771
9.74	0.007292
9.75	-0.000486
9.76	-0.016285
9.77	0.013125
9.78	0.028195
9.79	0.032814
9.8	0.02698
9.81	0.018716
9.82	0.022119
9.83	0.028925
9.84	0.02066
9.85	0.014098
9.86	-0.002917
9.87	-0.017257
9.88	-0.016042
9.89	-0.019688
9.9	-0.019688
9.91	-0.022119
9.92	-0.015313
9.93	0.001215
9.94	0.008507
9.95	0.009966
9.96	-0.007535
9.97	-0.00632
9.98	0.000729
9.99	0.002917
10.0	-0.000972
10.01	-0.000729
10.02	-0.00316
10.03	-0.006077
10.04	-0.000243
10.05	-0.002674
10.06	-0.003403
10.07	0.000729
10.08	-0.008264
10.09	-0.010452
10.1	-0.010938
10.11	-0.004132
10.12	-0.006563
10.13	-0.017987
10.14	-0.021147
10.15	-0.012153
10.16	-0.02066
10.17	-0.001701
10.18	-0.006563
10.19	-0.008021
10.2	0.005347
10.21	0.01191
10.22	0.007049
10.23	0.017987
10.24	0.034272
10.25	0.012639
10.26	-0.002674
10.27	-0.006077
10.28	0.007535
10.29	0.002188
10.3	-0.013855
10.31	-0.005104
10.32	0.00316
10.33	0.000972
10.34	0.016528
10.35	-0.001215
10.36	-0.004132
10.37	-0.006077
10.38	0.007535
10.39	0.014341
10.4	0.007049
10.41	0.005347
10.42	0.007292
10.43	0.024306
10.44	0.029654
10.45	0.022119
10.46	0.035244
10.47	0.026737
10.48	0.026251
10.49	0.01191
10.5	0.011424
10.51	0.024063
10.52	0.020903
10.53	0.015556
10.54	0.002674
10.55	0.013125
10.56	0.02139
10.57	-0.019688
10.58	-0.022119
10.59	-0.018959
10.6	-0.007292
10.61	0.002917
10.62	-0.008507
10.63	0.00559
10.64	0.010695
10.65	0.004132
10.66	-0.017744
10.67	-0.011181
10.68	-0.01507
10.69	-0.023091
10.7	-0.026251
10.71	-0.007292
10.72	-0.001458
10.73	-0.007778
10.74	-0.012396
10.75	-0.003403
10.76	0.003646
10.77	0.001945
10.78	-0.001215
10.79	-0.021876
10.8	-0.021633
10.81	-0.024063
10.82	-0.002674
10.83	0.012396
10.84	0.008021
10.85	0.000243
10.86	-0.004618
10.87	0.003403
10.88	0.013855
10.89	0.020903
10.9	0.011424
10.91	0.013855
10.92	0.013125
10.93	0.013125
10.94	0.014827
10.95	0.013368
10.96	-0.005104
10.97	-0.017501
10.98	-0.013368
10.99	-0.016042
11.0	-0.008993
11.01	-0.020174
11.02	-0.033786
11.03	-0.027952
11.04	-0.012639
11.05	-0.008507
11.06	-0.01823
11.07	-0.016042
11.08	-0.03014
11.09	-0.02139
11.1	-0.008507
11.11	-0.007049
11.12	-0.018716
11.13	-0.014098
11.14	-0.003646
11.15	-0.003403
11.16	-0.021876
11.17	-0.009723
11.18	-0.004375
11.19	-0.024306
11.2	-0.022362
11.21	-0.013125
11.22	-0.004861
11.23	-0.002188
11.24	-0.000486
11.25	-0.00632
11.26	-0.007292
11.27	-0.005347
11.28	-0.001945
11.29	-0.008264
11.3	-0.01191
11.31	-0.004618
11.32	-0.000243
11.33	-0.009723
11.34	-0.011424
11.35	-0.005104
11.36	-0.00559
11.37	-0.024063
11.38	-0.019202
11.39	-0.007778
11.4	-0.017014
11.41	-0.013855
11.42	-0.015313
11.43	0.002188
11.44	0.000729
11.45	0.00316
11.46	-0.006563
11.47	-0.025765
11.48	-0.023334
11.49	-0.008021
11.5	-0.009723
11.51	-0.004375
11.52	0.00316
11.53	0.024792
11.54	0.036703
11.55	0.013612
11.56	0.002431
11.57	-0.001701
11.58	-0.004861
11.59	-0.014584
11.6	0.001215
11.61	-0.004618
11.62	0.010452
11.63	0.027223
11.64	0.022848
11.65	0.040835
11.66	0.034758
11.67	0.015313
11.68	0.017014
11.69	0.010938
11.7	0.009236
11.71	-0.018473
11.72	-0.010938
11.73	0.017501
11.74	0.022848
11.75	0.014827
11.76	-0.01191
11.77	0.018473
11.78	0.017501
11.79	0.011424
11.8	-0.000486
11.81	-0.020174
11.82	-0.023334
11.83	-0.019445
11.84	-0.019445
11.85	0.005104
11.86	0.004132
11.87	-0.013368
11.88	-0.000243
11.89	0.002674
11.9	0.000243
11.91	0.004132
11.92	-0.014098
11.93	-0.014098
11.94	0.005347
11.95	0.009723
11.96	0.00875
11.97	0.001701
11.98	-0.006563
11.99	-0.001215
12.0	0.00316
12.01	-0.004861
12.02	-0.010452
12.03	-0.001215
12.04	-0.017014
12.05	0.003646
12.06	-0.010938
12.07	-0.012396
12.08	0.004375
12.09	0.009479
12.1	0.010938
12.11	0.014584
12.12	0.006806
12.13	-0.009723
12.14	-0.014098
12.15	-0.007535
12.16	-0.019202
12.17	-0.004618
12.18	-0.004375
12.19	-0.009723
12.2	-0.01823
12.21	-0.026737
12.22	0.005834
12.23	0.00316
12.24	0.008507
12.25	0.017257
12.26	-0.003403
12.27	0.007292
12.28	-0.008021
12.29	-0.02066
12.3	-0.014098
12.31	-0.007535
12.32	0.010938
12.33	0.014584
12.34	0.021876
12.35	0.018716
12.36	-0.002188
12.37	0.0
12.38	-0.006563
12.39	-0.00632
12.4	-0.012639
12.41	0.012396
12.42	0.011667
12.43	0.004861
12.44	-0.000486
12.45	-0.009479
12.46	0.022119
12.47	-0.004618
12.48	0.003646
12.49	-0.006563
12.5	-0.001215
12.51	-0.016042
12.52	-0.024792
12.53	-0.024792
12.54	-0.021147
12.55	-0.036459
12.56	-0.018473
12.57	-0.013855
12.58	-0.006806
12.59	-0.008021
12.6	-0.035244
12.61	-0.026008
12.62	-0.026008
12.63	-0.024549
12.64	-0.008264
12.65	-0.009236
12.66	-0.007292
12.67	-0.002917
12.68	0.017501
12.69	0.017257
12.7	0.01507
12.71	0.024306
12.72	0.015556
12.73	0.006806
12.74	-0.023091
12.75	-0.028195
12.76	-0.022119
12.77	0.002917
12.78	0.019202
12.79	-0.008507
12.8	-0.020174
12.81	-0.018716
12.82	-0.02698
12.83	-0.031598
12.84	-0.043508
12.85	-0.042536
12.86	-0.024792
12.87	-0.012639
12.88	0.010695
12.89	0.009723
12.9	-0.002431
12.91	-0.011424
12.92	-0.017257
12.93	-0.01823
12.94	-0.014827
12.95	-0.017501
12.96	-0.005834
12.97	-0.010938
12.98	-0.018959
12.99	-0.013612
13.0	-0.013855
13.01	-0.009236
13.02	-0.024063
13.03	-0.017501
13.04	-0.022848
13.05	-0.006806
13.06	-0.012882
13.07	0.005834
13.08	0.017014
13.09	0.012153
13.1	0.008507
13.11	0.019931
13.12	0.026494
13.13	0.006563
13.14	0.004618
13.15	0.008021
13.16	0.012639
13.17	0.012153
13.18	0.014098
13.19	0.019688
13.2	0.003889
13.21	0.0
13.22	0.004861
13.23	0.007049
13.24	0.001215
13.25	-0.021633
13.26	-0.024306
13.27	-0.013612
13.28	0.00559
13.29	-0.004132
13.3	0.017987
13.31	0.007778
13.32	0.008507
13.33	0.019445
13.34	0.022848
13.35	0.036703
13.36	0.017014
13.37	0.004375
13.38	-0.002431
13.39	0.006806
13.4	0.008993
13.41	-0.005104
13.42	-0.02698
13.43	-0.020417
13.44	-0.030869
13.45	-0.022848
13.46	-0.018716
13.47	0.004132
13.48	0.009479
13.49	-0.000243
13.5	-0.019931
13.51	-0.011181
13.52	-0.005347
13.53	0.000972
13.54	0.005834
13.55	0.00632
13.56	0.00875
13.57	0.010938
13.58	0.001458
13.59	0.006563
13.6	-0.005104
13.61	-0.02382
13.62	-0.014584
13.63	-0.013368
13.64	-0.025765
13.65	-0.028195
13.66	-0.006077
13.67	-0.006563
13.68	0.000486
13.69	0.005834
13.7	-0.000729
13.71	0.001701
13.72	-0.003403
13.73	-0.007049
13.74	0.022605
13.75	0.004375
13.76	0.017744
13.77	0.014098
13.78	0.005104
13.79	0.000486
13.8	0.008993
13.81	0.008264
13.82	-0.002917
13.83	-0.00559
13.84	-0.013612
13.85	-0.013855
13.86	0.007292
13.87	-0.001701
13.88	-0.004375
13.89	-0.005347
13.9	-0.018716
13.91	-0.001701
13.92	0.000972
13.93	0.003889
13.94	-0.005347
13.95	-0.037918
13.96	-0.022848
13.97	-0.02139
13.98	-0.00316
13.99	-0.006077
14.0	0.021633
14.01	0.011424
14.02	0.006563
14.03	0.00559
14.04	-0.017744
14.05	0.002917
14.06	0.008993
14.07	0.022605
14.08	0.013368
14.09	0.013125
14.1	0.022848
14.11	0.02066
14.12	0.01191
14.13	0.017257
14.14	0.014098
14.15	-0.001701
14.16	-0.001215
14.17	-0.004132
14.18	-0.006077
14.19	0.008507
14.2	-0.00632
14.21	-0.008021
14.22	-0.021876
14.23	-0.018716
14.24	0.004618
14.25	-0.001701
14.26	-0.00632
14.27	0.000972
14.28	-0.005347
14.29	-0.002917
14.3	-0.00559
14.31	-0.00559
14.32	0.000729
14.33	0.000243
14.34	0.009966
14.35	0.012639
14.36	0.015799
14.37	0.019931
14.38	0.007292
14.39	0.011667
14.4	0.010452
14.41	0.007535
14.42	0.004618
14.43	-0.002188
14.44	0.005834
14.45	0.001458
14.46	-0.003889
14.47	-0.011667
14.48	0.009966
14.49	0.01191
14.5	0.02066
14.51	0.020417
14.52	0.018716
14.53	0.02698
14.54	0.026008
14.55	0.010938
14.56	0.014584
14.57	0.011181
14.58	0.009236
14.59	0.003646
14.6	-0.007292
14.61	-0.005347
14.62	-0.017014
14.63	-0.013612
14.64	-0.004132
14.65	0.001458
14.66	-0.017501
14.67	-0.020417
14.68	-0.017257
14.69	-0.013125
14.7	-0.002431
14.71	0.008507
14.72	0.010209
14.73	0.018716
14.74	0.027709
14.75	0.003889
14.76	0.020417
14.77	0.028681
14.78	0.035244
14.79	0.036459
14.8	0.031112
14.81	0.024306
14.82	0.019688
14.83	0.007535
14.84	0.005834
14.85	-0.00316
14.86	-0.002188
14.87	-0.016285
14.88	-0.009479
14.89	-0.008021
14.9	-0.006563
14.91	-0.001215
14.92	-0.001701
14.93	0.00316
14.94	-0.000729
14.95	0.016528
14.96	0.023577
14.97	0.008993
14.98	-0.00875
14.99	0.014827
15.0	-0.000486
15.01	0.003889
15.02	0.009479
15.03	0.008507
15.04	-0.002674
15.05	0.015313
15.06	0.01507
15.07	-0.01823
15.08	-0.00559
15.09	-0.004375
15.1	0.007778
15.11	0.001215
15.12	-0.000243
15.13	0.005347
15.14	0.006077
15.15	-0.013368
15.16	-0.025036

&

0.01	0.000244
0.02	0.000221
0.03	0.000221
0.04	0.000291
0.05	0.000372
0.06	0.000372
0.07	0.000628
0.08	0.000908
0.09	0.00135
0.1	0.001431
0.11	0.001664
0.12	0.001827
0.13	0.00192
0.14	0.002059
0.15	0.002246
0.16	0.002362
0.17	0.002246
0.18	0.002257
0.19	0.002502
0.2	0.00263
0.21	0.002315
0.22	0.002595
0.23	0.002827
0.24	0.002874
0.25	0.002874
0.26	0.002804
0.27	0.002804
0.28	0.002734
0.29	0.002746
0.3	0.003107
0.31	0.003142
0.32	0.003328
0.33	0.003409
0.34	0.00327
0.35	0.003351
0.36	0.003619
0.37	0.003875
0.38	0.003654
0.39	0.00377
0.4	0.003747
0.41	0.004224
0.42	0.0042
0.43	0.004293
0.44	0.004247
0.45	0.004259
0.46	0.004643
0.47	0.004596
0.48	0.004398
0.49	0.0042
0.5	0.004375
0.51	0.004421
0.52	0.004503
0.53	0.00448
0.54	0.004608
0.55	0.004515
0.56	0.004887
0.57	0.005364
0.58	0.00548
0.59	0.005515
0.6	0.005376
0.61	0.005632
0.62	0.005655
0.63	0.005748
0.64	0.005946
0.65	0.005992
0.66	0.00619
0.67	0.006248
0.68	0.006609
0.69	0.00676
0.7	0.006818
0.71	0.006702
0.72	0.006935
0.73	0.006714
0.74	0.006783
0.75	0.006749
0.76	0.006946
0.77	0.007214
0.78	0.007028
0.79	0.007412
0.8	0.007749
0.81	0.007645
0.82	0.007796
0.83	0.007645
0.84	0.007563
0.85	0.007749
0.86	0.007924
0.87	0.007679
0.88	0.008063
0.89	0.00804
0.9	0.008331
0.91	0.00818
0.92	0.008273
0.93	0.008459
0.94	0.008075
0.95	0.008575
0.96	0.008564
0.97	0.008703
0.98	0.008203
0.99	0.008762
1.0	0.008924
1.01	0.00882
1.02	0.009122
1.03	0.009145
1.04	0.009308
1.05	0.009401
1.06	0.009436
1.07	0.008785
1.08	0.008831
1.09	0.007854
1.1	0.008028
1.11	0.008296
1.12	0.00825
1.13	0.008878
1.14	0.009145
1.15	0.009204
1.16	0.00932
1.17	0.009157
1.18	0.009704
1.19	0.009483
1.2	0.009285
1.21	0.009041
1.22	0.00918
1.23	0.009087
1.24	0.008971
1.25	0.008948
1.26	0.00925
1.27	0.009355
1.28	0.009471
1.29	0.009425
1.3	0.008564
1.31	0.008378
1.32	0.008762
1.33	0.008808
1.34	0.008924
1.35	0.009332
1.36	0.009355
1.37	0.009215
1.38	0.009751
1.39	0.008983
1.4	0.008808
1.41	0.008889
1.42	0.009099
1.43	0.008308
1.44	0.008133
1.45	0.008133
1.46	0.008412
1.47	0.00875
1.48	0.008773
1.49	0.008762
1.5	0.009111
1.51	0.009122
1.52	0.009157
1.53	0.009064
1.54	0.009692
1.55	0.010076
1.56	0.009762
1.57	0.00989
1.58	0.010239
1.59	0.01003
1.6	0.01046
1.61	0.010216
1.62	0.010542
1.63	0.010437
1.64	0.010379
1.65	0.010228
1.66	0.009471
1.67	0.009506
1.68	0.009716
1.69	0.009716
1.7	0.009879
1.71	0.009634
1.72	0.01003
1.73	0.010123
1.74	0.010425
1.75	0.010868
1.76	0.010658
1.77	0.011007
1.78	0.011124
1.79	0.01124
1.8	0.011868
1.81	0.011601
1.82	0.011659
1.83	0.01167
1.84	0.011601
1.85	0.012054
1.86	0.011729
1.87	0.011798
1.88	0.01174
1.89	0.011926
1.9	0.012066
1.91	0.012671
1.92	0.012555
1.93	0.011938
1.94	0.011624
1.95	0.01167
1.96	0.011647
1.97	0.012043
1.98	0.012322
1.99	0.012241
2.0	0.012136
2.01	0.011973
2.02	0.011903
2.03	0.012473
2.04	0.012229
2.05	0.012741
2.06	0.012683
2.07	0.012741
2.08	0.013008
2.09	0.013358
2.1	0.013299
2.11	0.012369
2.12	0.012752
2.13	0.013008
2.14	0.012799
2.15	0.01302
2.16	0.01309
2.17	0.012776
2.18	0.013008
2.19	0.012811
2.2	0.012741
2.21	0.012718
2.22	0.012764
2.23	0.012846
2.24	0.01323
2.25	0.013241
2.26	0.013381
2.27	0.012287
2.28	0.012217
2.29	0.012357
2.3	0.012043
2.31	0.012008
2.32	0.012078
2.33	0.012217
2.34	0.012229
2.35	0.011286
2.36	0.011461
2.37	0.011822
2.38	0.012264
2.39	0.012299
2.4	0.01231
2.41	0.012159
2.42	0.012369
2.43	0.012485
2.44	0.012566
2.45	0.012613
2.46	0.012624
2.47	0.012438
2.48	0.012113
2.49	0.012694
2.5	0.012555
2.51	0.012694
2.52	0.01295
2.53	0.011449
2.54	0.011251
2.55	0.011635
2.56	0.012229
2.57	0.011147
2.58	0.01124
2.59	0.011251
2.6	0.011403
2.61	0.011833
2.62	0.011729
2.63	0.012217
2.64	0.01245
2.65	0.011926
2.66	0.012438
2.67	0.01181
2.68	0.01167
2.69	0.011368
2.7	0.011903
2.71	0.011286
2.72	0.011601
2.73	0.01181
2.74	0.011938
2.75	0.011891
2.76	0.012089
2.77	0.01188
2.78	0.012171
2.79	0.012392
2.8	0.012578
2.81	0.012369
2.82	0.012322
2.83	0.01302
2.84	0.012834
2.85	0.012671
2.86	0.012974
2.87	0.012915
2.88	0.013008
2.89	0.013148
2.9	0.012857
2.91	0.013264
2.92	0.012834
2.93	0.013032
2.94	0.012834
2.95	0.012997
2.96	0.013171
2.97	0.012694
2.98	0.013078
2.99	0.013032
3.0	0.01316
3.01	0.01309
3.02	0.013602
3.03	0.012415
3.04	0.012485
3.05	0.012648
3.06	0.011926
3.07	0.012008
3.08	0.011682
3.09	0.011391
3.1	0.011577
3.11	0.011473
3.12	0.011705
3.13	0.011775
3.14	0.011577
3.15	0.011926
3.16	0.011973
3.17	0.012089
3.18	0.012136
3.19	0.011124
3.2	0.011403
3.21	0.011321
3.22	0.011554
3.23	0.011961
3.24	0.012369
3.25	0.012252
3.26	0.012252
3.27	0.012438
3.28	0.011333
3.29	0.011403
3.3	0.011298
3.31	0.011333
3.32	0.011054
3.33	0.011659
3.34	0.011705
3.35	0.01181
3.36	0.010926
3.37	0.010786
3.38	0.010809
3.39	0.010612
3.4	0.010553
3.41	0.010786
3.42	0.010588
3.43	0.010542
3.44	0.010902
3.45	0.010961
3.46	0.010961
3.47	0.010065
3.48	0.010251
3.49	0.01053
3.5	0.01046
3.51	0.010286
3.52	0.01046
3.53	0.010949
3.54	0.011217
3.55	0.011403
3.56	0.011496
3.57	0.011403
3.58	0.011403
3.59	0.011554
3.6	0.011531
3.61	0.011926
3.62	0.012264
3.63	0.012566
3.64	0.012555
3.65	0.011461
3.66	0.011705
3.67	0.012066
3.68	0.012089
3.69	0.01231
3.7	0.012264
3.71	0.012206
3.72	0.011985
3.73	0.012555
3.74	0.012299
3.75	0.01288
3.76	0.012613
3.77	0.012822
3.78	0.01252
3.79	0.012392
3.8	0.012752
3.81	0.013288
3.82	0.013427
3.83	0.013183
3.84	0.013555
3.85	0.013648
3.86	0.013008
3.87	0.01309
3.88	0.012974
3.89	0.01309
3.9	0.013008
3.91	0.012939
3.92	0.012578
3.93	0.013253
3.94	0.012776
3.95	0.012811
3.96	0.013055
3.97	0.013544
3.98	0.01373
3.99	0.013707
4.0	0.013951
4.01	0.012752
4.02	0.013171
4.03	0.01316
4.04	0.013183
4.05	0.012206
4.06	0.012252
4.07	0.012124
4.08	0.012671
4.09	0.012741
4.1	0.013288
4.11	0.013648
4.12	0.013672
4.13	0.014114
4.14	0.01423
4.15	0.014486
4.16	0.014789
4.17	0.014998
4.18	0.014777
4.19	0.015254
4.2	0.015021
4.21	0.014079
4.22	0.01373
4.23	0.014195
4.24	0.014661
4.25	0.014021
4.26	0.013974
4.27	0.01444
4.28	0.013881
4.29	0.013776
4.3	0.014032
4.31	0.014067
4.32	0.01423
4.33	0.014568
4.34	0.015114
4.35	0.015254
4.36	0.015173
4.37	0.015685
4.38	0.015708
4.39	0.015999
4.4	0.015452
4.41	0.015836
4.42	0.015859
4.43	0.016115
4.44	0.016522
4.45	0.016383
4.46	0.016767
4.47	0.017069
4.48	0.01736
4.49	0.017325
4.5	0.017744
4.51	0.017709
4.52	0.017046
4.53	0.017127
4.54	0.017139
4.55	0.017197
4.56	0.017686
4.57	0.016627
4.58	0.015929
4.59	0.016325
4.6	0.016604
4.61	0.016185
4.62	0.015312
4.63	0.015429
4.64	0.014125
4.65	0.014486
4.66	0.0148
4.67	0.01494
4.68	0.015592
4.69	0.016208
4.7	0.015626
4.71	0.015475
4.72	0.014579
4.73	0.014742
4.74	0.014684
4.75	0.014754
4.76	0.014928
4.77	0.014486
4.78	0.014416
4.79	0.013823
4.8	0.013846
4.81	0.013928
4.82	0.014451
4.83	0.014253
4.84	0.014416
4.85	0.0138
4.86	0.01316
4.87	0.013625
4.88	0.013869
4.89	0.013846
4.9	0.014114
4.91	0.014463
4.92	0.014696
4.93	0.014777
4.94	0.01494
4.95	0.015266
4.96	0.015301
4.97	0.01544
4.98	0.015696
4.99	0.014824
5.0	0.014893
5.01	0.014253
5.02	0.014556
5.03	0.014858
5.04	0.0143
5.05	0.013753
5.06	0.014184
5.07	0.012462
5.08	0.012427
5.09	0.012613
5.1	0.012101
5.11	0.012415
5.12	0.01252
5.13	0.012485
5.14	0.012706
5.15	0.012718
5.16	0.012974
5.17	0.013288
5.18	0.012543
5.19	0.012438
5.2	0.012485
5.21	0.012543
5.22	0.012752
5.23	0.013206
5.24	0.013241
5.25	0.013195
5.26	0.01316
5.27	0.01352
5.28	0.012985
5.29	0.013264
5.3	0.013055
5.31	0.011857
5.32	0.012019
5.33	0.012019
5.34	0.012229
5.35	0.012508
5.36	0.012915
5.37	0.012857
5.38	0.013148
5.39	0.012787
5.4	0.013148
5.41	0.01302
5.42	0.013102
5.43	0.01231
5.44	0.012764
5.45	0.012508
5.46	0.013032
5.47	0.013195
5.48	0.011519
5.49	0.011333
5.5	0.011542
5.51	0.011694
5.52	0.011985
5.53	0.011961
5.54	0.011589
5.55	0.01181
5.56	0.011787
5.57	0.011496
5.58	0.011577
5.59	0.010705
5.6	0.010984
5.61	0.011426
5.62	0.01131
5.63	0.011182
5.64	0.011112
5.65	0.011356
5.66	0.011461
5.67	0.011566
5.68	0.012159
5.69	0.012136
5.7	0.011996
5.71	0.011682
5.72	0.011985
5.73	0.012089
5.74	0.012113
5.75	0.012194
5.76	0.012182
5.77	0.012066
5.78	0.012159
5.79	0.012252
5.8	0.012438
5.81	0.012741
5.82	0.011531
5.83	0.011926
5.84	0.011694
5.85	0.011077
5.86	0.011461
5.87	0.011833
5.88	0.0106
5.89	0.010751
5.9	0.011217
5.91	0.011345
5.92	0.011286
5.93	0.011763
5.94	0.011612
5.95	0.011763
5.96	0.011996
5.97	0.011182
5.98	0.010856
5.99	0.011112
6.0	0.01117
6.01	0.011368
6.02	0.011193
6.03	0.011228
6.04	0.010204
6.05	0.010961
6.06	0.011135
6.07	0.011158
6.08	0.011193
6.09	0.011065
6.1	0.011228
6.11	0.011228
6.12	0.011566
6.13	0.011635
6.14	0.011577
6.15	0.011775
6.16	0.01195
6.17	0.01174
6.18	0.011729
6.19	0.011659
6.2	0.012101
6.21	0.011356
6.22	0.01103
6.23	0.011298
6.24	0.011217
6.25	0.010018
6.26	0.01039
6.27	0.010402
6.28	0.010518
6.29	0.010693
6.3	0.010984
6.31	0.010844
6.32	0.011333
6.33	0.011507
6.34	0.011973
6.35	0.011694
6.36	0.012136
6.37	0.011682
6.38	0.011694
6.39	0.012124
6.4	0.012194
6.41	0.011903
6.42	0.011891
6.43	0.011961
6.44	0.012392
6.45	0.012217
6.46	0.012101
6.47	0.012671
6.48	0.011961
6.49	0.012054
6.5	0.012043
6.51	0.012054
6.52	0.011496
6.53	0.011496
6.54	0.011077
6.55	0.010984
6.56	0.011065
6.57	0.011042
6.58	0.011054
6.59	0.011054
6.6	0.011298
6.61	0.011391
6.62	0.011461
6.63	0.01188
6.64	0.012171
6.65	0.011112
6.66	0.011007
6.67	0.010926
6.68	0.010844
6.69	0.010949
6.7	0.011007
6.71	0.010996
6.72	0.011054
6.73	0.010088
6.74	0.009913
6.75	0.010553
6.76	0.010577
6.77	0.010344
6.78	0.010344
6.79	0.010332
6.8	0.010134
6.81	0.009972
6.82	0.010169
6.83	0.010495
6.84	0.010134
6.85	0.01053
6.86	0.010635
6.87	0.010553
6.88	0.009506
6.89	0.0101
6.9	0.010181
6.91	0.010449
6.92	0.01067
6.93	0.010856
6.94	0.010646
6.95	0.010937
6.96	0.011042
6.97	0.01124
6.98	0.011484
6.99	0.011601
7.0	0.011624
7.01	0.011996
7.02	0.011891
7.03	0.011251
7.04	0.010321
7.05	0.010181
7.06	0.010833
7.07	0.010984
7.08	0.011124
7.09	0.010902
7.1	0.011228
7.11	0.011659
7.12	0.01188
7.13	0.011833
7.14	0.012043
7.15	0.012566
7.16	0.011577
7.17	0.011484
7.18	0.011624
7.19	0.012113
7.2	0.012555
7.21	0.012822
7.22	0.012834
7.23	0.012741
7.24	0.012683
7.25	0.012764
7.26	0.012613
7.27	0.013055
7.28	0.013253
7.29	0.013078
7.3	0.01288
7.31	0.013125
7.32	0.013078
7.33	0.013334
7.34	0.013439
7.35	0.013439
7.36	0.013613
7.37	0.014125
7.38	0.014102
7.39	0.014149
7.4	0.013648
7.41	0.014009
7.42	0.013916
7.43	0.01416
7.44	0.013206
7.45	0.013253
7.46	0.013567
7.47	0.01359
7.48	0.013369
7.49	0.01373
7.5	0.013881
7.51	0.013846
7.52	0.013881
7.53	0.014195
7.54	0.014079
7.55	0.014312
7.56	0.014451
7.57	0.014195
7.58	0.014719
7.59	0.014754
7.6	0.015091
7.61	0.014975
7.62	0.014963
7.63	0.015184
7.64	0.015336
7.65	0.015324
7.66	0.015359
7.67	0.015592
7.68	0.015801
7.69	0.016301
7.7	0.015173
7.71	0.015638
7.72	0.01544
7.73	0.015638
7.74	0.015929
7.75	0.016243
7.76	0.015906
7.77	0.016522
7.78	0.016266
7.79	0.015754
7.8	0.015487
7.81	0.015347
7.82	0.014556
7.83	0.013928
7.84	0.014091
7.85	0.014335
7.86	0.014486
7.87	0.014649
7.88	0.014858
7.89	0.014789
7.9	0.014847
7.91	0.014998
7.92	0.015312
7.93	0.015347
7.94	0.01537
7.95	0.015592
7.96	0.01537
7.97	0.01572
7.98	0.014917
7.99	0.014044
8.0	0.014416
8.01	0.014777
8.02	0.015184
8.03	0.014114
8.04	0.014393
8.05	0.01487
8.06	0.014649
8.07	0.014463
8.08	0.013439
8.09	0.013869
8.1	0.013881
8.11	0.014079
8.12	0.013916
8.13	0.014381
8.14	0.014288
8.15	0.014568
8.16	0.01437
8.17	0.014824
8.18	0.014975
8.19	0.015126
8.2	0.015161
8.21	0.01508
8.22	0.015522
8.23	0.015673
8.24	0.01558
8.25	0.015638
8.26	0.015894
8.27	0.015929
8.28	0.016092
8.29	0.016231
8.3	0.016348
8.31	0.016522
8.32	0.016883
8.33	0.016697
8.34	0.016953
8.35	0.017034
8.36	0.016069
8.37	0.015056
8.38	0.015126
8.39	0.015254
8.4	0.015475
8.41	0.015277
8.42	0.015731
8.43	0.014707
8.44	0.014498
8.45	0.014707
8.46	0.014614
8.47	0.015068
8.48	0.014893
8.49	0.014614
8.5	0.014858
8.51	0.014463
8.52	0.014044
8.53	0.014614
8.54	0.014754
8.55	0.014824
8.56	0.015266
8.57	0.015266
8.58	0.015661
8.59	0.014754
8.6	0.014986
8.61	0.014858
8.62	0.014079
8.63	0.014125
8.64	0.013625
8.65	0.013858
8.66	0.014312
8.67	0.014579
8.68	0.013334
8.69	0.013893
8.7	0.013858
8.71	0.01302
8.72	0.013195
8.73	0.012892
8.74	0.01316
8.75	0.013416
8.76	0.013509
8.77	0.012671
8.78	0.011542
8.79	0.011519
8.8	0.011624
8.81	0.012241
8.82	0.012113
8.83	0.012427
8.84	0.012438
8.85	0.012264
8.86	0.012496
8.87	0.01252
8.88	0.012985
8.89	0.013486
8.9	0.013136
8.91	0.012578
8.92	0.012706
8.93	0.013171
8.94	0.013451
8.95	0.013323
8.96	0.013416
8.97	0.013346
8.98	0.013369
8.99	0.013509
9.0	0.013835
9.01	0.014114
9.02	0.014637
9.03	0.014533
9.04	0.01444
9.05	0.014347
9.06	0.014731
9.07	0.014719
9.08	0.01494
9.09	0.015173
9.1	0.014975
9.11	0.014661
9.12	0.015242
9.13	0.015452
9.14	0.015592
9.15	0.015661
9.16	0.015789
9.17	0.015184
9.18	0.015068
9.19	0.014544
9.2	0.014777
9.21	0.014544
9.22	0.014917
9.23	0.014568
9.24	0.014498
9.25	0.014789
9.26	0.012904
9.27	0.012892
9.28	0.013055
9.29	0.013404
9.3	0.013043
9.31	0.013369
9.32	0.013381
9.33	0.013323
9.34	0.013392
9.35	0.013323
9.36	0.013509
9.37	0.012811
9.38	0.013171
9.39	0.0138
9.4	0.013718
9.41	0.014195
9.42	0.014661
9.43	0.014277
9.44	0.014556
9.45	0.015138
9.46	0.014835
9.47	0.014928
9.48	0.015219
9.49	0.015615
9.5	0.014556
9.51	0.014498
9.52	0.014463
9.53	0.014521
9.54	0.014626
9.55	0.014893
9.56	0.014312
9.57	0.014219
9.58	0.014684
9.59	0.013788
9.6	0.012822
9.61	0.012718
9.62	0.012857
9.63	0.01302
9.64	0.013195
9.65	0.013497
9.66	0.013869
9.67	0.014149
9.68	0.014277
9.69	0.014288
9.7	0.013544
9.71	0.013788
9.72	0.013765
9.73	0.013939
9.74	0.014358
9.75	0.014568
9.76	0.01437
9.77	0.014288
9.78	0.01416
9.79	0.014114
9.8	0.01444
9.81	0.014416
9.82	0.014451
9.83	0.014579
9.84	0.014789
9.85	0.014626
9.86	0.01501
9.87	0.013055
9.88	0.013288
9.89	0.013509
9.9	0.013264
9.91	0.013474
9.92	0.012671
9.93	0.012787
9.94	0.012683
9.95	0.011566
9.96	0.011845
9.97	0.011938
9.98	0.011996
9.99	0.012229
10.0	0.012345
10.01	0.012369
10.02	0.012101
10.03	0.012496
10.04	0.01288
10.05	0.012764
10.06	0.012811
10.07	0.012915
10.08	0.012101
10.09	0.012206
10.1	0.012113
10.11	0.012066
10.12	0.012264
10.13	0.012369
10.14	0.01252
10.15	0.012997
10.16	0.013043
10.17	0.013125
10.18	0.013195
10.19	0.012962
10.2	0.013067
10.21	0.012229
10.22	0.01245
10.23	0.01245
10.24	0.01259
10.25	0.012403
10.26	0.012857
10.27	0.013218
10.28	0.013148
10.29	0.013241
10.3	0.013439
10.31	0.013555
10.32	0.013648
10.33	0.013776
10.34	0.01352
10.35	0.013555
10.36	0.013776
10.37	0.014288
10.38	0.013078
10.39	0.013241
10.4	0.013241
10.41	0.013067
10.42	0.013253
10.43	0.012357
10.44	0.012636
10.45	0.012846
10.46	0.012939
10.47	0.013148
10.48	0.012834
10.49	0.01295
10.5	0.013276
10.51	0.0138
10.52	0.012694
10.53	0.01302
10.54	0.01288
10.55	0.012997
10.56	0.013334
10.57	0.012822
10.58	0.012974
10.59	0.01316
10.6	0.013323
10.61	0.013928
10.62	0.014277
10.63	0.013299
10.64	0.013346
10.65	0.013113
10.66	0.012438
10.67	0.012787
10.68	0.012962
10.69	0.012939
10.7	0.01323
10.71	0.013299
10.72	0.013358
10.73	0.013474
10.74	0.013567
10.75	0.013602
10.76	0.012683
10.77	0.01252
10.78	0.012601
10.79	0.01195
10.8	0.011868
10.81	0.011915
10.82	0.012229
10.83	0.011938
10.84	0.011833
10.85	0.012241
10.86	0.01252
10.87	0.012578
10.88	0.012869
10.89	0.01188
10.9	0.01174
10.91	0.011973
10.92	0.011996
10.93	0.012462
10.94	0.012671
10.95	0.012962
10.96	0.012182
10.97	0.012182
10.98	0.012159
10.99	0.012171
11.0	0.012019
11.01	0.012194
11.02	0.012415
11.03	0.012694
11.04	0.011798
11.05	0.011961
11.06	0.012241
11.07	0.01259
11.08	0.01252
11.09	0.013008
11.1	0.012974
11.11	0.01316
11.12	0.013206
11.13	0.013427
11.14	0.013893
11.15	0.013765
11.16	0.013974
11.17	0.0138
11.18	0.01416
11.19	0.014044
11.2	0.014649
11.21	0.014544
11.22	0.014533
11.23	0.014672
11.24	0.014091
11.25	0.014288
11.26	0.014649
11.27	0.01544
11.28	0.015266
11.29	0.013753
11.3	0.014032
11.31	0.014021
11.32	0.013241
11.33	0.013032
11.34	0.013195
11.35	0.013067
11.36	0.013753
11.37	0.013765
11.38	0.013881
11.39	0.013625
11.4	0.013637
11.41	0.013939
11.42	0.014079
11.43	0.014079
11.44	0.014614
11.45	0.014381
11.46	0.014847
11.47	0.015557
11.48	0.015603
11.49	0.014789
11.5	0.014044
11.51	0.01444
11.52	0.014381
11.53	0.014451
11.54	0.014824
11.55	0.014998
11.56	0.014998
11.57	0.014521
11.58	0.014614
11.59	0.015487
11.6	0.015405
11.61	0.015778
11.62	0.015906
11.63	0.016092
11.64	0.015254
11.65	0.015487
11.66	0.015801
11.67	0.015859
11.68	0.014754
11.69	0.013858
11.7	0.013928
11.71	0.013206
11.72	0.013241
11.73	0.012752
11.74	0.013381
11.75	0.012694
11.76	0.013055
11.77	0.012008
11.78	0.012031
11.79	0.012229
11.8	0.012171
11.81	0.011217
11.82	0.011205
11.83	0.011147
11.84	0.011193
11.85	0.011007
11.86	0.011077
11.87	0.011054
11.88	0.010262
11.89	0.009948
11.9	0.00982
11.91	0.009948
11.92	0.010169
11.93	0.010402
11.94	0.010437
11.95	0.009588
11.96	0.009716
11.97	0.009762
11.98	0.009727
11.99	0.009762
12.0	0.010169
12.01	0.00989
12.02	0.009099
12.03	0.008855
12.04	0.009669
12.05	0.009797
12.06	0.009367
12.07	0.008831
12.08	0.008936
12.09	0.009239
12.1	0.009343
12.11	0.010041
12.12	0.009972
12.13	0.0101
12.14	0.010169
12.15	0.010239
12.16	0.010309
12.17	0.010251
12.18	0.010472
12.19	0.010356
12.2	0.010507
12.21	0.010553
12.22	0.010367
12.23	0.010809
12.24	0.010623
12.25	0.010065
12.26	0.009937
12.27	0.008913
12.28	0.008843
12.29	0.00861
12.3	0.008971
12.31	0.008634
12.32	0.009087
12.33	0.009064
12.34	0.00925
12.35	0.009134
12.36	0.00939
12.37	0.00925
12.38	0.009343
12.39	0.009169
12.4	0.009529
12.41	0.010018
12.42	0.010134
12.43	0.010251
12.44	0.009704
12.45	0.009762
12.46	0.010134
12.47	0.010449
12.48	0.010216
12.49	0.009448
12.5	0.009681
12.51	0.009809
12.52	0.009879
12.53	0.009902
12.54	0.010193
12.55	0.010542
12.56	0.010891
12.57	0.011089
12.58	0.011461
12.59	0.011507
12.6	0.011973
12.61	0.01124
12.62	0.011182
12.63	0.011845
12.64	0.011635
12.65	0.010588
12.66	0.010937
12.67	0.011217
12.68	0.010937
12.69	0.010914
12.7	0.010914
12.71	0.010902
12.72	0.011298
12.73	0.011356
12.74	0.011554
12.75	0.011554
12.76	0.011484
12.77	0.011763
12.78	0.011845
12.79	0.011938
12.8	0.012031
12.81	0.011833
12.82	0.012182
12.83	0.011926
12.84	0.01174
12.85	0.011926
12.86	0.011961
12.87	0.011752
12.88	0.011705
12.89	0.012275
12.9	0.011054
12.91	0.011077
12.92	0.011635
12.93	0.011647
12.94	0.011321
12.95	0.011345
12.96	0.011124
12.97	0.011414
12.98	0.011333
12.99	0.011205
13.0	0.011321
13.01	0.011368
13.02	0.011345
13.03	0.011368
13.04	0.01174
13.05	0.011961
13.06	0.012019
13.07	0.012415
13.08	0.012206
13.09	0.012252
13.1	0.012357
13.11	0.012264
13.12	0.012508
13.13	0.012776
13.14	0.013195
13.15	0.01316
13.16	0.014032
13.17	0.013881
13.18	0.0143
13.19	0.014288
13.2	0.014184
13.21	0.013672
13.22	0.0138
13.23	0.012811
13.24	0.012927
13.25	0.012299
13.26	0.012241
13.27	0.012508
13.28	0.012915
13.29	0.012927
13.3	0.013043
13.31	0.013497
13.32	0.013497
13.33	0.013753
13.34	0.013439
13.35	0.013555
13.36	0.013416
13.37	0.013637
13.38	0.013171
13.39	0.012287
13.4	0.011368
13.41	0.011507
13.42	0.011705
13.43	0.011845
13.44	0.012229
13.45	0.012846
13.46	0.012671
13.47	0.012694
13.48	0.012601
13.49	0.012659
13.5	0.012857
13.51	0.012822
13.52	0.01295
13.53	0.012182
13.54	0.012869
13.55	0.012752
13.56	0.013067
13.57	0.013311
13.58	0.013148
13.59	0.013067
13.6	0.013474
13.61	0.013381
13.62	0.013695
13.63	0.013648
13.64	0.013928
13.65	0.014125
13.66	0.013346
13.67	0.0138
13.68	0.013986
13.69	0.013811
13.7	0.014242
13.71	0.014405
13.72	0.014498
13.73	0.014475
13.74	0.014509
13.75	0.014893
13.76	0.01487
13.77	0.013881
13.78	0.014032
13.79	0.01416
13.8	0.013125
13.81	0.013625
13.82	0.013776
13.83	0.012857
13.84	0.013125
13.85	0.01174
13.86	0.011868
13.87	0.011996
13.88	0.012369
13.89	0.01238
13.9	0.012776
13.91	0.01302
13.92	0.013078
13.93	0.01288
13.94	0.013416
13.95	0.013451
13.96	0.013148
13.97	0.013136
13.98	0.013253
13.99	0.01302
14.0	0.01231
14.01	0.012811
14.02	0.013043
14.03	0.013276
14.04	0.014032
14.05	0.013788
14.06	0.013811
14.07	0.013753
14.08	0.012776
14.09	0.01302
14.1	0.012671
14.11	0.013148
14.12	0.012031
14.13	0.012078
14.14	0.012043
14.15	0.012113
14.16	0.011903
14.17	0.012566
14.18	0.012718
14.19	0.01295
14.2	0.013136
14.21	0.013148
14.22	0.01309
14.23	0.013544
14.24	0.013462
14.25	0.013369
14.26	0.012019
14.27	0.012182
14.28	0.011251
14.29	0.011356
14.3	0.011379
14.31	0.011833
14.32	0.011857
14.33	0.011659
14.34	0.011496
14.35	0.011612
14.36	0.011775
14.37	0.011554
14.38	0.010786
14.39	0.010402
14.4	0.010414
14.41	0.0106
14.42	0.010681
14.43	0.010809
14.44	0.01053
14.45	0.010716
14.46	0.01067
14.47	0.010588
14.48	0.010658
14.49	0.01074
14.5	0.011438
14.51	0.011379
14.52	0.011251
14.53	0.011182
14.54	0.011135
14.55	0.011193
14.56	0.011333
14.57	0.011356
14.58	0.011089
14.59	0.011251
14.6	0.011391
14.61	0.011205
14.62	0.011379
14.63	0.010251
14.64	0.010251
14.65	0.010484
14.66	0.010751
14.67	0.01103
14.68	0.011124
14.69	0.011286
14.7	0.011496
14.71	0.011717
14.72	0.010751
14.73	0.009425
14.74	0.009762
14.75	0.009983
14.76	0.009913
14.77	0.010181
14.78	0.010449
14.79	0.010774
14.8	0.010716
14.81	0.01074
14.82	0.010681
14.83	0.011135
14.84	0.010518
14.85	0.010588
14.86	0.010379
14.87	0.010879
14.88	0.011217
14.89	0.011135
14.9	0.01074
14.91	0.009634
14.92	0.010274
14.93	0.010262
14.94	0.010204
14.95	0.0106
14.96	0.010367
14.97	0.010821
14.98	0.010856
14.99	0.010984
15.0	0.011193
15.01	0.011275
15.02	0.011345
15.03	0.011589
15.04	0.011484
15.05	0.011345
15.06	0.011496
15.07	0.011926
15.08	0.011961
15.09	0.011938
15.1	0.011938
15.11	0.012171
15.12	0.012147
15.13	0.012113
15.14	0.011903
15.15	0.011857
15.16	0.012043

&

