0.1	0.00168
0.2	0.00141
0.3	0.00117
0.4	0.001275
0.5	0.001005
0.6	0.00072
0.7	0.001935
0.8	0.002415
0.9	0.002535
1.0	0.002445
1.1	0.00246
1.2	0.00177
1.3	0.00207
1.4	0.00363
1.5	0.004215
1.6	0.001665
1.7	0.000795
1.8	-0.000585
1.9	0.000675
2.0	-0.000855
2.1	-0.000255
2.2	-0.00141
2.3	-0.00072
2.4	0.002865
2.5	0.000555
2.6	0.00204
2.7	0.00114
2.8	0.00024
2.9	0.00144
3.0	1.5e-05
3.1	-0.00105
3.2	-0.001545
3.3	-0.00234
3.4	0.000495
3.5	0.000465
3.6	0.002415
3.7	0.003315
3.8	0.004215
3.9	0.005025
4.0	0.00324
4.1	0.003165
4.2	0.00276
4.3	0.002925
4.4	-0.000585
4.5	-0.002685
4.6	-0.00075
4.7	-0.000495
4.8	-0.00024
4.9	0.001275
5.0	0.00039
5.1	-0.000735
5.2	-1.5e-05
5.3	0.001095
5.4	-0.000165
5.5	-0.00132
5.6	0.00294
5.7	0.00264
5.8	0.004035
5.9	0.004305
6.0	0.0033
6.1	-0.000795
6.2	-0.00066
6.3	7.5e-05
6.4	-0.001035
6.5	0.00099
6.6	0.001755
6.7	0.002535
6.8	-0.00201
6.9	0.00063
7.0	-0.001305
7.1	9e-05
7.2	0.001065
7.3	0.00192
7.4	0.005025
7.5	0.001785
7.6	-0.00024
7.7	9e-05
7.8	0.00162
7.9	0.00123
8.0	0.0075
8.1	0.00513
8.2	0.00687
8.3	0.007215
8.4	0.006345
8.5	0.002085
8.6	0.002145
8.7	0.000555
8.8	0.002775
8.9	0.000525
9.0	0.000375
9.1	0.00543
9.2	0.003795
9.3	0.005625
9.4	0.00246
9.5	0.004515
9.6	0.005115
9.7	0.006585
9.8	0.010679
9.9	0.008715
10.0	0.00672
10.1	0.004455
10.2	0.003105
10.3	0.00048
10.4	0.00129
10.5	0.00219
10.6	0.000195
10.7	0.00015
10.8	0.00102
10.9	0.001155
11.0	-0.001065
11.1	-0.00036
11.2	-0.004395
11.3	-0.00192
11.4	-0.00243
11.5	-0.00093
11.6	0.00171
11.7	0.00207
11.8	-3e-05
11.9	0.000705
12.0	0.00198
12.1	0.00186
12.2	0.002145
12.3	-0.000735
12.4	0.002895
12.5	0.0012
12.6	0.001185
12.7	0.00105
12.8	-0.0006
12.9	-0.00246
13.0	-0.0057
13.1	-0.003315
13.2	-0.002745
13.3	-0.00051
13.4	-0.00174
13.5	-0.001215
13.6	-0.001245
13.7	-0.00096
13.8	-0.002115
13.9	-0.003045
14.0	-0.003045
14.1	-0.00732
14.2	-0.003975
14.3	-0.003195
14.4	-0.00183
14.5	-0.002265
14.6	-0.00147
14.7	0.002535
14.8	0.001965
14.9	0.00246
15.0	0.006015
15.1	0.00603
15.2	0.006165
15.3	0.00867
15.4	0.005325
15.5	0.003615
15.6	0.005355
15.7	0.004935
15.8	0.00585
15.9	0.006435
16.0	0.005655
16.1	0.004275
16.2	0.00441
16.3	0.00108
16.4	0.00237
16.5	0.00144
16.6	0.00189
16.7	0.002835
16.8	0.003
16.9	0.000555
17.0	-0.001845
17.1	0.00033
17.2	-0.00021
17.3	-0.000765
17.4	0.000435
17.5	0.00132
17.6	0.003075
17.7	0.0006
17.8	0.00171
17.9	0.0042
18.0	0.00546
18.1	0.00507
18.2	0.001545
18.3	0.001305
18.4	0.00366
18.5	0.007575
18.6	0.00717
18.7	0.003105
18.8	0.00282
18.9	0.00159
19.0	0.00243
19.1	0.000765
19.2	0.00042
19.3	0.00129
19.4	0.004125
19.5	0.002775
19.6	-0.001605
19.7	-0.002085
19.8	-0.003855
19.9	-0.003525
20.0	0.000465
20.1	0.00129
20.2	-0.00021
20.3	-0.001815
20.4	-0.00393
20.5	-0.00279
20.6	-0.002565
20.7	-0.003765
20.8	-0.000645
20.9	0.002895
21.0	0.003255
21.1	9e-05
21.2	0.0
21.3	0.00174
21.4	0.00126
21.5	0.00246
21.6	0.002175
21.7	0.00243
21.8	0.00234
21.9	0.00555
22.0	0.00216
22.1	0.00327
22.2	0.005385
22.3	0.003585
22.4	0.004815
22.5	0.00345
22.6	0.004455
22.7	0.00606
22.8	0.006705
22.9	0.00285
23.0	0.002145
23.1	0.004605
23.2	0.00366
23.3	0.004845
23.4	0.00078
23.5	0.0036
23.6	0.00366
23.7	0.00171
23.8	0.00378
23.9	0.00261
24.0	0.001815
24.1	0.003945
24.2	0.00495
24.3	0.005265
24.4	0.003645
24.5	0.000585
24.6	-0.004125
24.7	-0.00303
24.8	-0.00213
24.9	-0.002295
25.0	-0.000285
25.1	-0.00093
25.2	-0.000675
25.3	0.00177
25.4	0.00249
25.5	0.00315
25.6	-0.002625
25.7	-0.004845
25.8	-0.00585
25.9	-0.00591
26.0	-0.004425
26.1	-0.0021
26.2	-0.00426
26.3	-0.00447
26.4	-0.004875
26.5	-0.00297
26.6	-0.0021
26.7	0.000285
26.8	-0.00339
26.9	0.00114
27.0	0.000915
27.1	0.000285
27.2	0.003585
27.3	0.00117
27.4	-0.000615
27.5	-0.00363
27.6	-0.005355
27.7	-0.00297
27.8	-0.004275
27.9	-0.00108
28.0	0.00258
28.1	-0.000885
28.2	-0.00432
28.3	-0.0048
28.4	-0.00528
28.5	-0.00561
28.6	-0.006285
28.7	-0.00477
28.8	-0.003285
28.9	-0.007545
29.0	-0.00207
29.1	-0.000855
29.2	-0.0012
29.3	-3e-05
29.4	0.004125
29.5	0.001725
29.6	0.00153
29.7	0.00054
29.8	0.00186
29.9	0.003975
30.0	-0.000525
30.1	0.00069
30.2	-0.00093
30.3	-0.000525
30.4	-0.00399
30.5	-0.00321
30.6	-0.000435
30.7	-0.001215
30.8	-0.000675
30.9	-0.00066
31.0	0.00111
31.1	0.001365
31.2	0.0012
31.3	0.001005
31.4	0.00225
31.5	0.001965
31.6	0.002595
31.7	0.001845
31.8	0.000495
31.9	-0.00018
32.0	7.5e-05
32.1	0.000435
32.2	-0.002175
32.3	0.000765
32.4	0.000675
32.5	-0.00105
32.6	-0.001425
32.7	-0.00267
32.8	-0.0024
32.9	-0.003795
33.0	0.001185
33.1	0.000555
33.2	-0.002475
33.3	-0.005355
33.4	-0.004845
33.5	-0.00429
33.6	-0.005745
33.7	-0.002475
33.8	-0.00021
33.9	-0.00471
34.0	-0.005115
34.1	-0.004575
34.2	-0.00243
34.3	-0.00426
34.4	0.00015
34.5	-0.003015
34.6	0.000225
34.7	-0.0006
34.8	-0.003585
34.9	-0.00435
35.0	-0.00384
35.1	-0.003975
35.2	-0.00108
35.3	-0.002355
35.4	-0.003285
35.5	-0.00525
35.6	-0.003465
35.7	-0.003735
35.8	-0.003
35.9	-0.005475
36.0	-0.004425
36.1	-0.00405
36.2	-0.002655
36.3	-0.00237
36.4	-0.00411
36.5	-0.005385
36.6	-0.00249
36.7	-1.5e-05
36.8	0.00084
36.9	0.000945
37.0	0.001515
37.1	-0.0018
37.2	-0.002775
37.3	-0.00102
37.4	-0.00249
37.5	-0.004725
37.6	-0.003015
37.7	-0.003675
37.8	-0.002205
37.9	-0.00207
38.0	-0.00327
38.1	-0.004635
38.2	-0.00174
38.3	-0.00387
38.4	0.000195
38.5	-0.0003
38.6	0.00069
38.7	0.00054
38.8	-0.001065
38.9	0.000255
39.0	-0.00408
39.1	-0.002985
39.2	0.002385
39.3	0.000465
39.4	0.000315
39.5	0.000585
39.6	0.00222
39.7	0.00264
39.8	0.00144
39.9	-0.00075
40.0	0.0006
40.1	-0.00033
40.2	0.001335
40.3	0.00462
40.4	0.005355
40.5	0.003165
40.6	0.00528
40.7	0.003375
40.8	0.00249
40.9	0.00114
41.0	0.00396
41.1	0.00444
41.2	0.005085
41.3	0.001305
41.4	-0.00354
41.5	-0.003015
41.6	-0.00156
41.7	-0.000705
41.8	0.000315
41.9	-0.000825
42.0	-0.001185
42.1	0.002415
42.2	1.5e-05
42.3	-0.000225
42.4	-0.000405
42.5	0.0012
42.6	0.005085
42.7	0.003135
42.8	0.00453
42.9	0.004395
43.0	0.001395
43.1	0.00195
43.2	-0.00213
43.3	-0.00054
43.4	0.00039
43.5	-0.001965
43.6	0.00189
43.7	0.000585
43.8	0.000705
43.9	0.00375
44.0	0.00282
44.1	-0.00042
44.2	-0.000315
44.3	-0.00075
44.4	0.00261
44.5	0.00087
44.6	0.002745
44.7	0.002805
44.8	0.00477
44.9	0.002295
45.0	0.00267
45.1	0.00078
45.2	-0.00027
45.3	-0.00117
45.4	-0.00198
45.5	-0.000105
45.6	-0.00099
45.7	-0.00237
45.8	0.00039
45.9	0.002775
46.0	0.002745
46.1	0.002295
46.2	0.002145
46.3	0.00396
46.4	0.0024
46.5	-0.00156
46.6	0.000255
46.7	0.00159
46.8	0.00054
46.9	0.002745
47.0	-0.00039
47.1	0.000105
47.2	-0.003945
47.3	-0.00276
47.4	-0.002625
47.5	-0.00273
47.6	-0.001995
47.7	-0.00339
47.8	-0.002025
47.9	0.00135
48.0	0.000525
48.1	0.001095
48.2	0.001695
48.3	-0.00147
48.4	-0.002535
48.5	-0.002175
48.6	-0.003585
48.7	-0.001095
48.8	0.00153
48.9	0.00093
49.0	0.004035
49.1	0.00198
49.2	0.003555
49.3	0.00402
49.4	0.003195
49.5	0.00162
49.6	-0.00318
49.7	-0.00342
49.8	-0.00684
49.9	-0.009555
50.0	-0.00654
50.1	-0.00267
50.2	-0.005685
50.3	-0.005415
50.4	-0.00525
50.5	-0.005115
50.6	-0.00717
50.7	-0.005775
50.8	-0.006195
50.9	-0.006555
51.0	-0.00492
51.1	-0.00135
51.2	-0.0012
51.3	-0.002205
51.4	0.000195
51.5	-0.002115
51.6	-0.003405
51.7	-0.00051
51.8	-0.000915
51.9	0.000585
52.0	-0.001155
52.1	-0.000885
52.2	-0.00039
52.3	-0.00369
52.4	-0.005655
52.5	-0.00543
52.6	-0.003135
52.7	-0.003225
52.8	-0.003015
52.9	-0.000675
53.0	0.00192
53.1	0.003045
53.2	0.000825
53.3	0.00207
53.4	0.000105
53.5	-0.002325
53.6	-0.004635
53.7	-0.00366
53.8	-0.000765
53.9	0.001275
54.0	0.00306
54.1	0.00291
54.2	0.0042
54.3	0.004965
54.4	0.00582
54.5	0.002985
54.6	0.000855
54.7	-1.5e-05
54.8	0.00114
54.9	0.00165
55.0	-0.00012
55.1	0.002625
55.2	0.001065
55.3	0.00159
55.4	0.00261
55.5	-0.00036
55.6	0.001725
55.7	0.000315
55.8	-0.00183
55.9	-0.00072
56.0	-0.000375

&

0.1	-0.000705
0.2	-0.0003
0.3	-0.001305
0.4	-0.000645
0.5	0.0
0.6	-0.00081
0.7	0.0003
0.8	0.00138
0.9	0.00099
1.0	0.00243
1.1	0.00273
1.2	0.0015
1.3	0.002505
1.4	0.003195
1.5	0.00318
1.6	0.001395
1.7	0.00174
1.8	0.0021
1.9	0.00216
2.0	0.002505
2.1	0.00246
2.2	0.00435
2.3	0.00414
2.4	0.004185
2.5	0.002565
2.6	0.004965
2.7	0.0021
2.8	0.003435
2.9	0.00105
3.0	-0.001065
3.1	0.001725
3.2	0.00222
3.3	0.001635
3.4	0.001035
3.5	0.00186
3.6	0.003675
3.7	-0.001065
3.8	-0.0027
3.9	-0.002985
4.0	-0.00429
4.1	-0.00204
4.2	-0.003375
4.3	9e-05
4.4	0.001935
4.5	-0.00141
4.6	-0.004395
4.7	-0.00306
4.8	-0.00138
4.9	-0.001935
5.0	-0.001755
5.1	0.00051
5.2	-0.00219
5.3	-0.001185
5.4	-0.000405
5.5	-0.001005
5.6	-4.5e-05
5.7	-0.000645
5.8	-0.00171
5.9	-0.004725
6.0	-0.002325
6.1	-0.000825
6.2	-0.002745
6.3	-0.002415
6.4	-9e-05
6.5	-0.00285
6.6	-0.003615
6.7	-0.00645
6.8	-0.004545
6.9	-0.00195
7.0	0.00255
7.1	0.001035
7.2	0.00468
7.3	0.005085
7.4	0.002625
7.5	0.00153
7.6	0.00051
7.7	-0.003555
7.8	-9e-05
7.9	0.000315
8.0	-0.00063
8.1	-0.0018
8.2	0.00342
8.3	0.000615
8.4	0.00237
8.5	0.00144
8.6	0.000885
8.7	-0.00057
8.8	-0.000615
8.9	0.000885
9.0	4.5e-05
9.1	0.00174
9.2	0.00087
9.3	-0.00141
9.4	-0.00747
9.5	-0.009765
9.6	-0.00291
9.7	-0.000645
9.8	0.002175
9.9	0.002235
10.0	0.00138
10.1	0.001635
10.2	0.001365
10.3	0.000345
10.4	0.00261
10.5	0.003675
10.6	0.00204
10.7	0.000315
10.8	0.000735
10.9	0.00042
11.0	-0.00342
11.1	-0.001755
11.2	-0.00042
11.3	-0.002355
11.4	-0.002805
11.5	-0.00159
11.6	0.000585
11.7	-0.00012
11.8	0.00024
11.9	-0.001305
12.0	0.000435
12.1	-0.000165
12.2	-0.001215
12.3	-0.00069
12.4	0.001095
12.5	0.00051
12.6	-0.00156
12.7	-0.00282
12.8	-0.00513
12.9	-0.00441
13.0	-0.00675
13.1	-0.00645
13.2	-0.007935
13.3	-0.00609
13.4	-0.00309
13.5	-0.00276
13.6	-0.00279
13.7	-0.002085
13.8	-0.00354
13.9	-0.004395
14.0	-0.003255
14.1	-0.00039
14.2	-0.003585
14.3	-0.001965
14.4	0.000135
14.5	0.00156
14.6	0.002145
14.7	-0.00039
14.8	0.00078
14.9	-0.001545
15.0	6e-05
15.1	0.00258
15.2	0.003225
15.3	0.002985
15.4	0.001905
15.5	0.00096
15.6	0.001635
15.7	0.00165
15.8	-0.001215
15.9	-0.002055
16.0	-0.0012
16.1	0.00171
16.2	0.001605
16.3	0.001635
16.4	0.002655
16.5	0.00588
16.6	0.00351
16.7	0.00261
16.8	0.000585
16.9	-0.00015
17.0	-0.001935
17.1	-0.004725
17.2	-0.004875
17.3	-0.002925
17.4	-0.007995
17.5	-0.004875
17.6	-0.002295
17.7	-0.001545
17.8	0.000315
17.9	0.00078
18.0	0.000435
18.1	-0.001395
18.2	-0.00192
18.3	0.0018
18.4	-0.00108
18.5	0.00264
18.6	0.001065
18.7	0.001635
18.8	-0.001155
18.9	-0.004815
19.0	-0.004815
19.1	-0.00507
19.2	-0.00546
19.3	-0.004695
19.4	-0.003315
19.5	-0.002835
19.6	-0.00372
19.7	-0.0003
19.8	-0.00066
19.9	0.0012
20.0	0.002655
20.1	0.002865
20.2	0.00384
20.3	0.00186
20.4	-0.00105
20.5	-0.00072
20.6	-0.001635
20.7	-0.000705
20.8	-0.002415
20.9	-0.002655
21.0	-0.005685
21.1	-0.006045
21.2	0.000255
21.3	-0.002505
21.4	-0.000315
21.5	-0.00471
21.6	-0.003795
21.7	-0.003705
21.8	-0.00213
21.9	-0.000735
22.0	-0.000345
22.1	0.00255
22.2	0.001455
22.3	0.002835
22.4	0.00447
22.5	0.002535
22.6	0.00126
22.7	0.001725
22.8	0.005205
22.9	0.00564
23.0	0.00441
23.1	-0.001035
23.2	-0.001065
23.3	-0.00357
23.4	-0.00267
23.5	-0.001725
23.6	-0.001875
23.7	0.003435
23.8	0.004695
23.9	0.00198
24.0	-0.00231
24.1	-0.002475
24.2	-0.00372
24.3	-0.00285
24.4	-0.00525
24.5	-0.003015
24.6	-0.000225
24.7	0.000345
24.8	0.000765
24.9	0.000915
25.0	-0.000885
25.1	-0.001095
25.2	-0.005715
25.3	-0.00207
25.4	-0.00366
25.5	-0.003075
25.6	-0.000855
25.7	-0.00204
25.8	-0.00162
25.9	-0.00045
26.0	-0.002805
26.1	-0.00162
26.2	-0.00294
26.3	-0.006495
26.4	-0.00453
26.5	-0.00666
26.6	-0.004125
26.7	-0.00147
26.8	-0.003285
26.9	0.000255
27.0	0.00117
27.1	0.00117
27.2	0.0018
27.3	0.00375
27.4	0.000915
27.5	-0.001905
27.6	-0.00489
27.7	-0.005085
27.8	-0.00678
27.9	-0.0063
28.0	-0.00666
28.1	-0.00336
28.2	-0.001335
28.3	-0.003015
28.4	-0.001095
28.5	-0.00219
28.6	0.000255
28.7	-0.003675
28.8	-0.002445
28.9	-0.003
29.0	-0.004965
29.1	-0.003555
29.2	-0.00591
29.3	-0.005355
29.4	-0.00378
29.5	-0.00573
29.6	-0.00432
29.7	-0.00195
29.8	-0.00195
29.9	0.00018
30.0	-0.00231
30.1	-0.00471
30.2	-0.006975
30.3	-0.004245
30.4	0.001035
30.5	0.001485
30.6	0.00453
30.7	0.00456
30.8	0.007365
30.9	0.006795
31.0	0.00489
31.1	0.00621
31.2	0.00426
31.3	0.003405
31.4	0.002445
31.5	0.001095
31.6	-0.001335
31.7	0.00015
31.8	-0.001845
31.9	-0.00225
32.0	-0.00456
32.1	-0.00303
32.2	-0.003255
32.3	-0.004665
32.4	-0.0012
32.5	0.00072
32.6	0.00192
32.7	0.00645
32.8	0.00591
32.9	0.005025
33.0	0.00252
33.1	-0.00162
33.2	-0.002205
33.3	-0.001065
33.4	-0.002385
33.5	-0.002055
33.6	-0.00159
33.7	0.000495
33.8	-0.00138
33.9	-0.00321
34.0	-0.001845
34.1	-0.003465
34.2	-0.00444
34.3	-0.00363
34.4	-0.00258
34.5	-0.003045
34.6	-0.00276
34.7	-0.00027
34.8	-0.000345
34.9	-0.00075
35.0	0.000375
35.1	0.000585
35.2	0.0006
35.3	0.00177
35.4	0.003795
35.5	0.00348
35.6	-0.00057
35.7	0.00228
35.8	0.00138
35.9	0.001005
36.0	0.001335
36.1	0.001095
36.2	-0.0018
36.3	-0.001665
36.4	-0.004455
36.5	-0.000435
36.6	0.00276
36.7	-0.00084
36.8	0.00123
36.9	0.001035
37.0	0.00024
37.1	0.00039
37.2	0.000675
37.3	-0.00198
37.4	-0.002055
37.5	-0.001965
37.6	-0.00072
37.7	-0.002595
37.8	-0.00051
37.9	-0.00177
38.0	0.000165
38.1	0.00027
38.2	-0.00099
38.3	-0.002925
38.4	-0.002445
38.5	-0.00324
38.6	-0.00285
38.7	-0.00246
38.8	-0.003195
38.9	-0.00174
39.0	-0.00099
39.1	-0.002025
39.2	-0.000465
39.3	-0.00156
39.4	-0.001155
39.5	-0.001575
39.6	0.00072
39.7	0.002595
39.8	0.003615
39.9	-0.001875
40.0	-0.002475
40.1	-0.00438
40.2	-0.004425
40.3	-0.003015
40.4	-0.0021
40.5	-0.00351
40.6	-0.00255
40.7	-0.0009
40.8	0.000915
40.9	0.00183
41.0	-0.00156
41.1	-0.00603
41.2	-0.00249
41.3	-0.000615
41.4	-0.001815
41.5	-0.003015
41.6	-0.000855
41.7	0.00129
41.8	-0.00351
41.9	-0.002115
42.0	0.001635
42.1	-0.000255
42.2	6e-05
42.3	0.00249
42.4	0.00051
42.5	-0.000435
42.6	-0.001095
42.7	0.00198
42.8	0.00456
42.9	0.00351
43.0	0.00519
43.1	0.002175
43.2	0.00105
43.3	0.00492
43.4	0.00489
43.5	0.006555
43.6	0.0015
43.7	0.000585
43.8	-0.00039
43.9	-0.00159
44.0	-0.000435
44.1	-0.00123
44.2	0.00147
44.3	-0.002085
44.4	-0.003165
44.5	-0.003285
44.6	-0.00231
44.7	-1.5e-05
44.8	0.002385
44.9	0.0039
45.0	0.000165
45.1	0.002205
45.2	0.004245
45.3	0.00021
45.4	0.00165
45.5	0.003495
45.6	0.00303
45.7	0.00306
45.8	0.000825
45.9	-0.00027
46.0	0.001005
46.1	0.00303
46.2	0.001755
46.3	-0.00099
46.4	-0.00096
46.5	-0.00315
46.6	-0.002175
46.7	-0.00219
46.8	-0.00213
46.9	-0.002775
47.0	-0.00096
47.1	-0.000165
47.2	1.5e-05
47.3	0.003765
47.4	0.00408
47.5	0.005535
47.6	0.006165
47.7	0.00561
47.8	0.005055
47.9	0.00417
48.0	0.005985
48.1	0.00603
48.2	0.00198
48.3	0.001095
48.4	0.00228
48.5	0.001935
48.6	0.002145
48.7	0.000255
48.8	0.000705
48.9	0.002025
49.0	0.000555
49.1	-0.000195
49.2	-0.001035
49.3	-0.00075
49.4	-0.00084
49.5	-0.000495
49.6	-0.00264
49.7	0.00045
49.8	-0.00033
49.9	-0.001665
50.0	-0.000495
50.1	-0.00102
50.2	-0.001365
50.3	-0.00057
50.4	-0.002955
50.5	-0.00237
50.6	-0.00492
50.7	-0.002745
50.8	-0.001815
50.9	-0.000195
51.0	0.001005
51.1	0.001725
51.2	0.00228
51.3	0.004845
51.4	0.00375
51.5	0.00051
51.6	0.00207
51.7	0.003165
51.8	0.00156
51.9	0.000315
52.0	-0.000855
52.1	-0.00189
52.2	-0.003645
52.3	-0.00537
52.4	-0.005295
52.5	-0.005025
52.6	-0.001305
52.7	-0.001665
52.8	-0.0009
52.9	-0.001935
53.0	0.001005
53.1	-7.5e-05
53.2	0.002745
53.3	0.00219
53.4	0.00123
53.5	-0.00261
53.6	-0.003375
53.7	-0.004335
53.8	0.002355
53.9	-0.00078
54.0	-0.00069
54.1	-0.00063
54.2	-0.001515
54.3	-0.003615
54.4	-0.001845
54.5	-0.002115
54.6	-0.00081
54.7	-0.00162
54.8	-0.00159
54.9	-0.002055
55.0	-0.004245
55.1	-0.00456
55.2	-0.00201
55.3	-0.001485
55.4	-0.00186
55.5	-0.00189
55.6	-0.00252
55.7	-0.004095
55.8	-0.00288
55.9	-0.005175
56.0	-0.002925

&

0.1	2.4e-05
0.2	2.9e-05
0.3	3.9e-05
0.4	5e-05
0.5	6.2e-05
0.6	6.5e-05
0.7	7.3e-05
0.8	7.9e-05
0.9	8.1e-05
1.0	0.000109
1.1	0.000125
1.2	0.000136
1.3	0.000142
1.4	0.000153
1.5	0.00015
1.6	0.00015
1.7	0.000155
1.8	0.000158
1.9	0.000161
2.0	0.000184
2.1	0.000193
2.2	0.000212
2.3	0.000224
2.4	0.000204
2.5	0.000229
2.6	0.00023
2.7	0.000244
2.8	0.000266
2.9	0.000289
3.0	0.000298
3.1	0.000292
3.2	0.000295
3.3	0.000325
3.4	0.000329
3.5	0.000354
3.6	0.000383
3.7	0.000382
3.8	0.000376
3.9	0.000364
4.0	0.000358
4.1	0.000367
4.2	0.000343
4.3	0.000351
4.4	0.000333
4.5	0.000326
4.6	0.000363
4.7	0.000358
4.8	0.000371
4.9	0.000389
5.0	0.000396
5.1	0.000383
5.2	0.000403
5.3	0.000415
5.4	0.000414
5.5	0.000442
5.6	0.000449
5.7	0.000446
5.8	0.000465
5.9	0.000469
6.0	0.000448
6.1	0.000479
6.2	0.000486
6.3	0.000512
6.4	0.000504
6.5	0.000488
6.6	0.000506
6.7	0.000485
6.8	0.000482
6.9	0.000472
7.0	0.000491
7.1	0.000505
7.2	0.000548
7.3	0.000538
7.4	0.00055
7.5	0.000562
7.6	0.000546
7.7	0.000536
7.8	0.000541
7.9	0.000548
8.0	0.000542
8.1	0.000554
8.2	0.00054
8.3	0.000541
8.4	0.00054
8.5	0.000525
8.6	0.000508
8.7	0.000483
8.8	0.000481
8.9	0.00046
9.0	0.000457
9.1	0.000424
9.2	0.000437
9.3	0.000439
9.4	0.000429
9.5	0.000424
9.6	0.000416
9.7	0.000409
9.8	0.000429
9.9	0.000438
10.0	0.000424
10.1	0.000431
10.2	0.000418
10.3	0.000417
10.4	0.00042
10.5	0.000429
10.6	0.000449
10.7	0.000428
10.8	0.000427
10.9	0.000412
11.0	0.000395
11.1	0.000417
11.2	0.000443
11.3	0.000425
11.4	0.000406
11.5	0.000427
11.6	0.000392
11.7	0.000388
11.8	0.000403
11.9	0.000398
12.0	0.000389
12.1	0.000389
12.2	0.000406
12.3	0.000404
12.4	0.000431
12.5	0.000435
12.6	0.000425
12.7	0.000455
12.8	0.000461
12.9	0.000445
13.0	0.000454
13.1	0.000437
13.2	0.000445
13.3	0.000468
13.4	0.000446
13.5	0.000443
13.6	0.000442
13.7	0.000477
13.8	0.000476
13.9	0.000465
14.0	0.000475
14.1	0.000454
14.2	0.000443
14.3	0.000448
14.4	0.000451
14.5	0.000458
14.6	0.00047
14.7	0.000488
14.8	0.000466
14.9	0.000459
15.0	0.000474
15.1	0.000477
15.2	0.00047
15.3	0.000437
15.4	0.00043
15.5	0.000454
15.6	0.000435
15.7	0.000438
15.8	0.000447
15.9	0.000458
16.0	0.000446
16.1	0.000447
16.2	0.000456
16.3	0.000456
16.4	0.000471
16.5	0.000472
16.6	0.000503
16.7	0.000491
16.8	0.0005
16.9	0.000476
17.0	0.000472
17.1	0.000488
17.2	0.000486
17.3	0.000458
17.4	0.000477
17.5	0.000467
17.6	0.000476
17.7	0.000457
17.8	0.000468
17.9	0.000497
18.0	0.000512
18.1	0.000519
18.2	0.000518
18.3	0.000532
18.4	0.000547
18.5	0.000542
18.6	0.000548
18.7	0.000553
18.8	0.000546
18.9	0.000553
19.0	0.000515
19.1	0.00054
19.2	0.000525
19.3	0.00052
19.4	0.000529
19.5	0.000516
19.6	0.000514
19.7	0.000516
19.8	0.000524
19.9	0.000512
20.0	0.00053
20.1	0.000524
20.2	0.000525
20.3	0.000514
20.4	0.000523
20.5	0.000527
20.6	0.000522
20.7	0.000527
20.8	0.000539
20.9	0.000557
21.0	0.00056
21.1	0.000573
21.2	0.000595
21.3	0.000572
21.4	0.000554
21.5	0.000558
21.6	0.000551
21.7	0.000552
21.8	0.000553
21.9	0.000584
22.0	0.000604
22.1	0.000605
22.2	0.000603
22.3	0.000602
22.4	0.000631
22.5	0.000642
22.6	0.000609
22.7	0.0006
22.8	0.000575
22.9	0.00056
23.0	0.000552
23.1	0.000536
23.2	0.000555
23.3	0.000549
23.4	0.000539
23.5	0.000575
23.6	0.000577
23.7	0.000563
23.8	0.000577
23.9	0.000591
24.0	0.000571
24.1	0.000589
24.2	0.000558
24.3	0.000549
24.4	0.000556
24.5	0.000523
24.6	0.000529
24.7	0.000476
24.8	0.000479
24.9	0.000486
25.0	0.00046
25.1	0.000462
25.2	0.000461
25.3	0.00048
25.4	0.0005
25.5	0.000491
25.6	0.000491
25.7	0.00047
25.8	0.000474
25.9	0.000491
26.0	0.000516
26.1	0.000489
26.2	0.000464
26.3	0.000477
26.4	0.000475
26.5	0.000509
26.6	0.000528
26.7	0.00052
26.8	0.000514
26.9	0.000511
27.0	0.000498
27.1	0.000503
27.2	0.000507
27.3	0.00049
27.4	0.000507
27.5	0.000501
27.6	0.000498
27.7	0.000498
27.8	0.000507
27.9	0.000499
28.0	0.000511
28.1	0.000528
28.2	0.000554
28.3	0.000568
28.4	0.000579
28.5	0.000616
28.6	0.000605
28.7	0.000618
28.8	0.000595
28.9	0.000544
29.0	0.000524
29.1	0.000526
29.2	0.000507
29.3	0.000534
29.4	0.000536
29.5	0.000544
29.6	0.000527
29.7	0.000535
29.8	0.000509
29.9	0.000497
30.0	0.000502
30.1	0.000531
30.2	0.000547
30.3	0.000523
30.4	0.000525
30.5	0.000529
30.6	0.000514
30.7	0.000524
30.8	0.000521
30.9	0.000493
31.0	0.000463
31.1	0.000426
31.2	0.000435
31.3	0.000409
31.4	0.000404
31.5	0.00037
31.6	0.000368
31.7	0.000371
31.8	0.000383
31.9	0.000417
32.0	0.000418
32.1	0.000405
32.2	0.000423
32.3	0.000405
32.4	0.00036
32.5	0.000367
32.6	0.000376
32.7	0.000365
32.8	0.000378
32.9	0.00038
33.0	0.000372
33.1	0.000402
33.2	0.000407
33.3	0.00042
33.4	0.000405
33.5	0.000412
33.6	0.00041
33.7	0.0004
33.8	0.000409
33.9	0.000419
34.0	0.000411
34.1	0.000432
34.2	0.000428
34.3	0.000408
34.4	0.000401
34.5	0.000372
34.6	0.000377
34.7	0.000355
34.8	0.00037
34.9	0.000361
35.0	0.000346
35.1	0.000357
35.2	0.000355
35.3	0.000374
35.4	0.000365
35.5	0.000362
35.6	0.000348
35.7	0.000354
35.8	0.000344
35.9	0.00035
36.0	0.000339
36.1	0.000334
36.2	0.000325
36.3	0.000336
36.4	0.000371
36.5	0.000371
36.6	0.000355
36.7	0.000369
36.8	0.000385
36.9	0.000396
37.0	0.000408
37.1	0.00042
37.2	0.000414
37.3	0.00042
37.4	0.000425
37.5	0.000436
37.6	0.000472
37.7	0.000476
37.8	0.000479
37.9	0.000479
38.0	0.000464
38.1	0.000478
38.2	0.00048
38.3	0.000483
38.4	0.000484
38.5	0.000484
38.6	0.000504
38.7	0.000484
38.8	0.000495
38.9	0.000491
39.0	0.000503
39.1	0.000485
39.2	0.000495
39.3	0.000514
39.4	0.000488
39.5	0.000509
39.6	0.000508
39.7	0.000522
39.8	0.000522
39.9	0.000507
40.0	0.000508
40.1	0.000504
40.2	0.000507
40.3	0.0005
40.4	0.000515
40.5	0.000505
40.6	0.000505
40.7	0.00051
40.8	0.000476
40.9	0.000467
41.0	0.00047
41.1	0.000484
41.2	0.000496
41.3	0.000492
41.4	0.000522
41.5	0.000516
41.6	0.000527
41.7	0.000536
41.8	0.000505
41.9	0.000523
42.0	0.00048
42.1	0.00048
42.2	0.000474
42.3	0.000443
42.4	0.000445
42.5	0.000474
42.6	0.000466
42.7	0.000479
42.8	0.000493
42.9	0.000526
43.0	0.000515
43.1	0.000516
43.2	0.000529
43.3	0.00053
43.4	0.000505
43.5	0.000529
43.6	0.000541
43.7	0.00055
43.8	0.000533
43.9	0.000533
44.0	0.000537
44.1	0.000555
44.2	0.000558
44.3	0.000561
44.4	0.000559
44.5	0.000538
44.6	0.000543
44.7	0.000548
44.8	0.000543
44.9	0.000535
45.0	0.000546
45.1	0.00054
45.2	0.000512
45.3	0.000506
45.4	0.000481
45.5	0.000476
45.6	0.00047
45.7	0.000471
45.8	0.000471
45.9	0.000455
46.0	0.000462
46.1	0.000468
46.2	0.000458
46.3	0.000452
46.4	0.000459
46.5	0.000436
46.6	0.00042
46.7	0.000438
46.8	0.000453
46.9	0.000474
47.0	0.000493
47.1	0.000474
47.2	0.00049
47.3	0.000502
47.4	0.000512
47.5	0.000497
47.6	0.000476
47.7	0.000474
47.8	0.000468
47.9	0.000477
48.0	0.000471
48.1	0.000494
48.2	0.000485
48.3	0.000495
48.4	0.00048
48.5	0.000483
48.6	0.000452
48.7	0.00045
48.8	0.000472
48.9	0.000471
49.0	0.000464
49.1	0.000473
49.2	0.00046
49.3	0.000462
49.4	0.000448
49.5	0.000452
49.6	0.000451
49.7	0.000454
49.8	0.000441
49.9	0.000421
50.0	0.000449
50.1	0.00044
50.2	0.000447
50.3	0.000437
50.4	0.000455
50.5	0.000444
50.6	0.000451
50.7	0.000434
50.8	0.000401
50.9	0.000408
51.0	0.000437
51.1	0.000457
51.2	0.000411
51.3	0.000413
51.4	0.000394
51.5	0.000362
51.6	0.000363
51.7	0.000349
51.8	0.000354
51.9	0.000352
52.0	0.000356
52.1	0.000348
52.2	0.000362
52.3	0.000376
52.4	0.000393
52.5	0.000405
52.6	0.000384
52.7	0.000379
52.8	0.000405
52.9	0.00043
53.0	0.00046
53.1	0.000466
53.2	0.000444
53.3	0.000452
53.4	0.000449
53.5	0.000455
53.6	0.000415
53.7	0.000406
53.8	0.000396
53.9	0.000385
54.0	0.000379
54.1	0.000387
54.2	0.00039
54.3	0.000387
54.4	0.00039
54.5	0.000415
54.6	0.000385
54.7	0.000395
54.8	0.000408
54.9	0.000441
55.0	0.000441
55.1	0.000431
55.2	0.000445
55.3	0.000439
55.4	0.000432
55.5	0.000442
55.6	0.000437
55.7	0.000416
55.8	0.000389
55.9	0.000423
56.0	0.000436

&

