0.63	30.4674
1.26	30.4674
1.89	30.4674
2.52	33.8107
3.15	31.0073
3.78	27.1697
4.41	29.761
5.04	28.6599
5.67	32.2574
6.3	34.1041
6.93	28.5978
7.56	34.0559
8.19	34.0559
8.82	27.921
9.45	27.195
10.08	26.8883
10.71	27.4054
11.34	28.8981
11.97	29.0227
12.6	34.4325
13.23	34.4325
13.86	34.4325
14.49	36.9868
15.12	36.9868
15.75	37.2426
16.38	38.4175
17.01	37.2632
17.64	34.9291
18.27	37.5675
18.9	42.7655
19.53	38.4053
20.16	38.4053
20.79	43.9101
21.42	41.8019
22.05	41.5559
22.68	29.0744
23.31	29.0744
23.94	31.3001
24.57	33.8895
25.2	33.8528
25.83	31.4006
26.46	31.8249
27.09	39.7201
27.72	39.7201
28.35	37.6347
28.98	38.287
29.61	39.4431
30.24	40.9459
30.87	36.8905
31.5	30.9023
32.13	30.5792
32.76	29.9354
33.39	28.4732
34.02	28.5581
34.65	29.3374
35.28	29.3374
35.91	29.9435
36.54	27.1734
37.17	27.1734
37.8	44.3371
38.43	44.6414
39.06	49.2962
39.69	51.1613
40.32	47.8636
40.95	45.6279
41.58	38.7894
42.21	46.9105
42.84	46.9943
43.47	48.8278
44.1	47.0289
44.73	47.4496
45.36	51.5585
45.99	52.7065
46.62	59.7621
47.25	60.3057
47.88	56.6725
48.51	56.6725
49.14	51.1151
49.77	53.1822
50.4	48.1263
51.03	41.8381
51.66	43.1492
52.29	49.2803
52.92	48.2121
53.55	46.6938
54.18	55.1119
54.81	55.1119
55.44	54.3226
56.07	45.2092
56.7	45.2092
57.33	50.351
57.96	50.351
58.59	46.1995
59.22	58.159
59.85	58.159
60.48	58.0924
61.11	54.2462
61.74	57.8825
62.37	58.3871
63.0	47.8545
63.63	47.8545
64.26	47.7201
64.89	47.8003
65.52	49.408
66.15	48.7647
66.78	49.6796
67.41	45.5837
68.04	46.6301
68.67	40.0933
69.3	40.0933
69.93	31.9768
70.56	29.9703
71.19	28.0287
71.82	28.5853
72.45	28.5853
73.08	30.3276
73.71	30.3276
74.34	37.3693
74.97	38.6032
75.6	43.8428
76.23	39.3009
76.86	39.3009
77.49	31.6508
78.12	31.4687
78.75	31.0297
79.38	37.5704
80.01	38.0314
80.64	40.2515
81.27	40.2515
81.9	35.0985
82.53	33.634
83.16	31.5015
83.79	24.7226
84.42	26.3734
85.05	28.6498
85.68	28.6498
86.31	29.5003
86.94	31.9846
87.57	22.9921
88.2	23.858
88.83	23.858
89.46	28.0144
90.09	35.2278
90.72	35.2278
91.35	39.3449
91.98	46.1508
92.61	39.3677
93.24	28.9673
93.87	27.2915
94.5	27.613
95.13	26.2248
95.76	24.7379
96.39	28.8698
97.02	28.8698
97.65	29.4462
98.28	33.9893
98.91	34.3602
99.54	33.6907
100.17	33.6907
100.8	34.2076
101.43	32.73
102.06	34.2089
102.69	33.9258
103.32	35.252
103.95	35.7728
104.58	33.7045
105.21	31.9181
105.84	28.539
106.47	35.8737
107.1	32.7926
107.73	22.6429
108.36	26.2497
108.99	29.2031
109.62	30.0908
110.25	30.3435
110.88	30.4083
111.51	29.5582
112.14	32.3618
112.77	32.4857
113.4	27.0234
114.03	27.2501
114.66	27.2501
115.29	31.1652
115.92	34.6259
116.55	30.6413
117.18	32.3371
117.81	33.1836
118.44	33.1836
119.07	37.8453
119.7	37.8453
120.33	38.5051
120.96	38.6072
121.59	40.2851
122.22	46.8518
122.85	46.8518
123.48	44.7449
124.11	44.8423
124.74	47.5253
125.37	46.2173
126.0	46.2173
126.63	45.1455
127.26	43.9499
127.89	43.9499
128.52	44.6167
129.15	40.6493
129.78	39.3963
130.41	38.8449
131.04	38.0822
131.67	37.9226
132.3	37.9227
132.93	37.4994
133.56	36.8492
134.19	36.8492
134.82	33.2446
135.45	30.8669
136.08	36.6802
136.71	36.0325
137.34	35.36
137.97	33.0365
138.6	32.6849
139.23	30.86
139.86	31.8469
140.49	31.8469
141.12	33.3878
141.75	36.7586
142.38	37.3694
143.01	37.9209
143.64	37.9209
144.27	44.6022
144.9	41.4483
145.53	41.7136
146.16	41.7136
146.79	41.3961
147.42	42.289
148.05	40.7811
148.68	43.7343
149.31	43.896
149.94	46.6582
150.57	54.3544
151.2	54.8614
151.83	57.9897
152.46	57.9897
153.09	54.8762
153.72	56.3361
154.35	55.3694
154.98	42.9993
155.61	43.6748
156.24	46.6601
156.87	46.3005
157.5	44.3923
158.13	50.8712
158.76	50.8712
159.39	50.9897
160.02	51.1616
160.65	50.2726
161.28	51.4381
161.91	48.0284
162.54	51.2963
163.17	55.0028
163.8	55.0028
164.43	49.4364
165.06	49.205
165.69	45.7814
166.32	44.8685
166.95	45.1542
167.58	45.6686
168.21	44.763
168.84	47.4008
169.47	47.2092
170.1	51.4364
170.73	51.4499
171.36	50.9971
171.99	49.4318
172.62	52.9442
173.25	58.8439
173.88	58.8439
174.51	61.5694
175.14	61.5971
175.77	54.4472
176.4	51.6456
177.03	45.2907
177.66	39.6786
178.29	45.1293
178.92	45.4076
179.55	54.1154
180.18	52.8442
180.81	52.348
181.44	51.8647
182.07	51.0207
182.7	48.0762
183.33	46.4581
183.96	38.1024
184.59	38.3111
185.22	38.8691
185.85	40.8742
186.48	42.5805
187.11	42.8146
187.74	42.0351
188.37	47.5674
189.0	44.2797
189.63	43.4354
190.26	48.4327
190.89	48.4327
191.52	47.2923
192.15	47.2923
192.78	47.31
193.41	42.5284
194.04	40.8846
194.67	50.6818
195.3	51.1408
195.93	47.2437
196.56	55.869
197.19	57.5378
197.82	54.8856
198.45	54.8856
199.08	57.071
199.71	49.6199
200.34	54.1907
200.97	43.9432
201.6	45.2666
202.23	45.6019
202.86	46.6205
203.49	44.9029
204.12	44.4449
204.75	43.5435
205.38	43.3101
206.01	42.3591
206.64	45.9362
207.27	44.3216
207.9	40.0994
208.53	40.0994
209.16	41.9676
209.79	41.3397
210.42	40.5036
211.05	38.1371
211.68	39.1058
212.31	39.6705
212.94	48.8401
213.57	48.8401
214.2	49.5655
214.83	50.6506
215.46	54.9266
216.09	61.3983
216.72	49.3744
217.35	65.1534
217.98	65.0672
218.61	66.517
219.24	58.8954
219.87	57.7635
220.5	52.584
221.13	56.4321
221.76	52.986
222.39	52.3801
223.02	51.035
223.65	51.035
224.28	46.1792
224.91	47.5732
225.54	43.2488
226.17	36.259
226.8	37.1465
227.43	36.927
228.06	36.927
228.69	37.6269
229.32	43.2212
229.95	43.2212
230.58	43.813
231.21	43.813
231.84	40.6625
232.47	42.545
233.1	42.3852
233.73	44.7179
234.36	41.6252
234.99	45.6439
235.62	43.1464
236.25	30.2256
236.88	30.6241
237.51	30.6241
238.14	46.2357
238.77	43.5424
239.4	47.4746
240.03	48.6017
240.66	49.9973
241.29	45.7108
241.92	38.091
242.55	41.4356
243.18	43.5835
243.81	43.2415
244.44	45.695
245.07	44.8939
245.7	49.1632
246.33	49.1632
246.96	50.4441
247.59	47.5783
248.22	54.6141
248.85	52.5348
249.48	51.0857
250.11	58.0943
250.74	58.8712
251.37	58.9378
252.0	61.2988
252.63	61.2988
253.26	61.4624
253.89	62.1973
254.52	63.8887
255.15	62.7202
255.78	63.047
256.41	68.9892
257.04	68.9892
257.67	58.6601
258.3	55.4583
258.93	51.8788
259.56	70.2775
260.19	69.8786
260.82	70.8688
261.45	68.1775
262.08	71.323
262.71	61.9347
263.34	61.709
263.97	61.5993
264.6	60.7578
265.23	59.563
265.86	61.7033
266.49	61.7033
267.12	66.4185
267.75	73.4879
268.38	74.245
269.01	54.0161
269.64	54.0161
270.27	53.7188
270.9	46.8672
271.53	44.5231
272.16	37.978
272.79	36.5802
273.42	42.3938
274.05	38.0034
274.68	32.4448
275.31	32.4448
275.94	32.9206
276.57	32.981
277.2	27.9306
277.83	31.5759
278.46	36.1753
279.09	37.1273
279.72	44.4282
280.35	43.6426
280.98	39.2476
281.61	40.5623
282.24	40.9011
282.87	41.6685
283.5	41.6685
284.13	42.7182
284.76	36.9061
285.39	38.3672
286.02	42.9842
286.65	40.4311
287.28	33.0773
287.91	31.5265
288.54	29.1994
289.17	27.8102
289.8	40.0927
290.43	32.4288
291.06	36.9094
291.69	40.5053
292.32	40.5201
292.95	46.8879
293.58	46.7099
294.21	39.7024
294.84	50.5524
295.47	51.3969
296.1	55.0526
296.73	54.5897
297.36	55.3712
297.99	56.392
298.62	53.2527
299.25	51.5362
299.88	46.9511
300.51	49.5255
301.14	48.7985
301.77	49.7278
302.4	60.2994
303.03	55.8309
303.66	54.2659
304.29	55.696
304.92	55.696
305.55	64.2425
306.18	64.2425
306.81	63.093
307.44	61.8114
308.07	54.4286
308.7	53.1565
309.33	53.1565
309.96	48.0498
310.59	51.4361
311.22	53.3867
311.85	55.1261
312.48	52.5025
313.11	47.9397
313.74	51.46
314.37	44.7585
315.0	45.7155
315.63	43.2016
316.26	43.0072
316.89	43.0072
317.52	43.0072
318.15	37.0884
318.78	31.4744
319.41	33.0668
320.04	33.6709
320.67	33.6545
321.3	31.1335
321.93	32.2003
322.56	35.2399
323.19	37.6274
323.82	35.874
324.45	35.874
325.08	35.6861
325.71	33.094
326.34	28.0787
326.97	28.6302
327.6	33.9851
328.23	33.9851
328.86	28.5741
329.49	28.5741
330.12	36.1485
330.75	43.0679
331.38	41.0039
332.01	41.0039
332.64	39.6273
333.27	39.5824
333.9	37.5156
334.53	41.9736
335.16	45.1897
335.79	47.6796
336.42	48.2197
337.05	47.0086
337.68	47.0086
338.31	43.3347
338.94	43.3347
339.57	47.7445
340.2	50.9876
340.83	51.4273
341.46	45.8705
342.09	46.1337
342.72	45.4365
343.35	51.5424
343.98	51.84
344.61	53.3758
345.24	54.9231
345.87	49.4691
346.5	45.7095
347.13	45.7095
347.76	49.0254
348.39	48.516
349.02	48.516
349.65	46.8915
350.28	43.3334
350.91	41.7481
351.54	42.592
352.17	42.2073
352.8	37.8356
353.43	37.8356
354.06	37.7069
354.69	37.7907
355.32	35.5785
355.95	46.8029
356.58	47.2587
357.21	44.0959
357.84	44.0959
358.47	39.8772
359.1	39.8772
359.73	41.6657
360.36	44.8432
360.99	42.4166
361.62	42.4405
362.25	41.2867
362.88	40.1392
363.51	42.524
364.14	40.0095
364.77	40.0095
365.4	40.8946
366.03	46.1375
366.66	45.9907
367.29	46.1707
367.92	44.8762
368.55	41.9483
369.18	45.0289
369.81	45.4335
370.44	44.2005
371.07	43.0721
371.7	43.017
372.33	55.1711
372.96	60.203
373.59	54.837
374.22	54.837
374.85	59.5561
375.48	57.5929
376.11	54.2989
376.74	51.3505
377.37	51.3505
378.0	49.8336
378.63	49.5246
379.26	49.5671
379.89	49.5671
380.52	47.1235
381.15	47.1831
381.78	47.1831
382.41	52.2685
383.04	52.663
383.67	59.3223
384.3	59.3223
384.93	59.1803
385.56	58.5339
386.19	62.3678
386.82	49.5059
387.45	49.5059
388.08	43.6029
388.71	48.4107
389.34	48.4107
389.97	50.6721
390.6	50.01
391.23	50.1861
391.86	52.4313
392.49	52.4998
393.12	49.5816
393.75	45.6926
394.38	45.6926
395.01	54.8671
395.64	58.6785
396.27	54.8836
396.9	53.1582
397.53	53.0421
398.16	47.0248
398.79	47.0248
399.42	47.0253
400.05	46.9778
400.68	46.9778
401.31	43.5049
401.94	46.5353
402.57	40.6941
403.2	42.4234
403.83	58.3124
404.46	42.3823
405.09	47.0929
405.72	45.1289
406.35	45.0117
406.98	52.9094
407.61	53.2786
408.24	56.1634
408.87	59.7172
409.5	63.213
410.13	62.9329
410.76	58.7533
411.39	61.7144
412.02	60.5402
412.65	57.35
413.28	64.5289
413.91	65.3528
414.54	67.7578
415.17	68.3364
415.8	65.3214
416.43	65.4877
417.06	52.8559
417.69	51.5309
418.32	51.5309
418.95	52.8716
419.58	49.8633
420.21	55.8873
420.84	51.3092
421.47	49.9355
422.1	46.9291
422.73	46.9322
423.36	46.9557
423.99	48.2949
424.62	49.8391
425.25	54.1942
425.88	56.2867
426.51	54.9914
427.14	55.9187
427.77	62.8379
428.4	69.1884
429.03	63.798
429.66	67.8612
430.29	65.1335
430.92	65.1335
431.55	63.4255
432.18	65.5061
432.81	71.1821
433.44	71.1821
434.07	68.1088
434.7	63.6012
435.33	62.9845
435.96	62.9845
436.59	66.7785
437.22	66.1009
437.85	78.3589
438.48	83.1619
439.11	76.2854
439.74	76.2854
440.37	76.2854
441.0	71.2754
441.63	71.6756
442.26	92.3431
442.89	93.8897
443.52	90.0476
444.15	91.503
444.78	94.8306
445.41	94.5375
446.04	104.654
446.67	104.654
447.3	104.654
447.93	108.17
448.56	108.17
449.19	128.511
449.82	126.569
450.45	128.204
451.08	118.389
451.71	108.019
452.34	108.254
452.97	104.221
453.6	104.221
454.23	99.8267
454.86	99.8071
455.49	97.6511
456.12	101.153
456.75	127.226
457.38	156.45
458.01	123.339
458.64	117.412
459.27	140.211
459.9	138.427
460.53	143.358
461.16	150.268
461.79	144.006
462.42	137.931
463.05	143.264
463.68	137.638
464.31	137.638
464.94	142.661
465.57	146.351
466.2	136.192
466.83	58.1766
467.46	49.0828
468.09	133.157
468.72	57.2919
469.35	50.4338
469.98	140.393
470.61	67.1505
471.24	49.3439
471.87	144.748
472.5	67.7299
473.13	44.137
473.76	131.041
474.39	71.6884
475.02	46.8275
475.65	97.7201
476.28	59.2943
476.91	33.6591
477.54	97.4336
478.17	52.7082
478.8	38.2739
479.43	91.0186
480.06	55.2718
480.69	35.3788
481.32	92.4998
481.95	51.5888
482.58	43.7034
483.21	98.0493
483.84	51.9561
484.47	51.3365
485.1	93.6247
485.73	43.1485
486.36	46.8353
486.99	93.2136
487.62	39.2773
488.25	41.0849
488.88	93.3367
489.51	41.3714
490.14	48.4794
490.77	103.278
491.4	44.0031
492.03	68.7137
492.66	127.001
493.29	52.4462
493.92	54.2858
494.55	117.466
495.18	42.7784
495.81	57.7654
496.44	120.477
497.07	43.416
497.7	57.2867
498.33	130.566
498.96	52.1031
499.59	62.5121
500.22	99.2927
500.85	46.9186
501.48	57.0149
502.11	99.1217
502.74	45.3607
503.37	57.7264
504.0	27.0206
504.63	38.0468
505.26	36.5031
505.89	20.1729
506.52	47.9207
507.15	49.7754
507.78	16.9603
508.41	43.1175
509.04	40.922
509.67	18.4877
510.3	38.7678
510.93	34.4602
511.56	19.0698
512.19	36.7944
512.82	29.7298
513.45	22.9015
514.08	28.2122
514.71	23.8516
515.34	19.2635
515.97	30.7927
516.6	28.0537
517.23	20.0223
517.86	33.2096
518.49	37.7145
519.12	22.3875
519.75	28.0251
520.38	33.5968
521.01	31.4815
521.64	40.4723
522.27	38.2436
522.9	29.3163
523.53	29.7841
524.16	39.5834
524.79	31.5158
525.42	27.8092
526.05	33.1472
526.68	30.27
527.31	29.57
527.94	33.7314
528.57	31.0833
529.2	29.6046
529.83	42.4061
530.46	34.269
531.09	29.9223
531.72	42.8494
532.35	34.6043
532.98	30.2434
533.61	43.2974
534.24	34.9429
534.87	30.5679
535.5	43.75
536.13	35.2848
536.76	30.8958
537.39	44.2074
538.02	35.6303
538.65	31.2273
539.28	44.6696
539.91	35.9792
540.54	31.5624
541.17	45.1368
541.8	36.3315
542.43	31.9012
543.06	45.6089
543.69	36.6875
544.32	32.2435
544.95	46.086
545.58	37.0469
546.21	32.5896
546.84	46.5682
547.47	37.41
548.1	32.9394
548.73	47.0555
549.36	37.7767
549.99	33.293
550.62	47.5481
551.25	36.7967
551.88	31.2375
552.51	47.9027
553.14	37.1535
553.77	31.5751
554.4	48.4057
555.03	37.5139
555.66	31.9164
556.29	48.9139
556.92	37.8775
557.55	32.2604
558.18	49.4272
558.81	38.2445
559.44	32.6078
560.07	49.9458
560.7	38.6153
561.33	32.9599
561.96	50.47
562.59	38.9899
563.22	33.3161
563.85	50.9997
564.48	39.368
565.11	33.6763
565.74	51.5349
566.37	39.7498
567.0	34.0403
567.63	51.8973
568.26	40.2103
568.89	33.7244
569.52	52.443
570.15	40.5995
570.78	34.0888
571.41	52.9944
572.04	40.9925
572.67	34.4572
573.3	53.5515
573.93	41.3893
574.56	35.7252
575.19	54.0794
575.82	42.8494
576.45	36.1097
577.08	54.8277
577.71	42.1976
578.34	35.4102
578.97	55.4043
579.6	42.6056
580.23	35.7933
580.86	55.987
581.49	43.0176
582.12	36.1805
582.75	56.5757
583.38	43.4335
584.01	36.572
584.64	57.1706
585.27	43.8534
585.9	36.9677
586.53	57.7718
587.16	44.2773
587.79	37.3677
588.42	58.3792
589.05	44.7054
589.68	37.772
590.31	58.9929
590.94	45.1375
591.57	38.1808
592.2	59.6131
592.83	45.5738
593.46	38.5942
594.09	60.2399
594.72	46.0143
595.35	39.012
595.98	60.8732
596.61	46.4591
597.24	39.4345
597.87	61.5132
598.5	46.9081
599.13	39.8617
599.76	62.1599
600.39	47.3615
601.02	40.2935
601.65	62.8124
602.28	47.8173
602.91	40.7302
603.54	63.473
604.17	48.2795
604.8	41.3555
605.43	64.0283
606.06	49.1633
606.69	41.8032
607.32	63.0916
607.95	50.3883
608.58	40.0633
609.21	63.7596
609.84	50.8732
610.47	40.4966
611.1	64.4339
611.73	51.3641
612.36	40.9325
612.99	65.1125
613.62	51.8591
614.25	41.3705
614.88	65.7964
615.51	52.361
616.14	41.8174
616.77	66.4929
617.4	52.8677
618.03	42.2705
618.66	67.1975
619.29	53.3794
619.92	42.7272
620.55	67.9107
621.18	53.8961
621.81	43.1893
622.44	68.6306
623.07	54.4177
623.7	43.6565
624.33	69.3581
624.96	54.9445
625.59	44.1272
626.22	70.0908
626.85	55.4764
627.48	44.6035
628.11	70.831
628.74	56.0136
629.37	45.0854
630.0	71.578
630.63	56.556
631.26	45.57
631.89	72.335
632.52	57.1036
633.15	46.053
633.78	73.093
634.41	57.6564
635.04	46.5457
635.67	73.8636
636.3	58.2147
636.93	47.0493
637.56	74.6467
638.19	58.7784
638.82	47.5608
639.45	75.4398
640.08	59.3477
640.71	48.2898
641.34	76.8678
641.97	56.037
642.6	53.6468
643.23	70.0657
643.86	54.2347
644.49	58.034
645.12	75.6041
645.75	45.3965
646.38	69.799
647.01	67.9826
647.64	45.303
648.27	72.3799
648.9	68.525
649.53	45.7117
650.16	59.1089
650.79	78.3095
651.42	59.7305
652.05	45.5497
652.68	67.963
653.31	76.0958
653.94	51.489
654.57	50.0043
655.2	75.0173
655.83	69.7514
656.46	46.1629
657.09	57.8028
657.72	78.2531
658.35	61.094
658.98	45.28
659.61	66.7143
660.24	76.7449
660.87	52.6046
661.5	49.0962
662.13	74.189
662.76	70.9254
663.39	46.7163
664.02	56.5214
664.65	73.8479
665.28	62.3923
665.91	42.39
666.54	59.2513
667.17	74.7051
667.8	53.6734
668.43	39.3014
669.06	59.0426
669.69	72.3044
670.32	72.3795
670.95	59.2046
671.58	43.8628
672.21	39.2598
672.84	49.2679
673.47	65.4681
674.1	74.2326
674.73	68.1886
675.36	52.4205
675.99	40.1926
676.62	41.7913
677.25	55.8718
677.88	70.5894
678.51	73.5635
679.14	62.2922
679.77	46.2571
680.4	38.9473
681.03	46.5119
681.66	62.5875
682.29	73.6512
682.92	70.396
683.55	55.5602
684.18	41.6241
684.81	40.3108
685.44	52.7253
686.07	68.4243
686.7	74.2016
687.33	62.8003
687.96	45.0614
688.59	35.6259
689.22	40.6919
689.85	59.7762
690.48	72.0689
691.11	67.2291
691.74	49.3282
692.37	33.4247
693.0	32.897
693.63	48.1889
694.26	66.4368
694.89	72.2903
695.52	60.8254
696.15	41.6864
696.78	30.9736
697.41	37.6986
698.04	56.2045
698.67	70.9237
699.3	69.4744
699.93	53.0756
700.56	35.5224
701.19	31.5808
701.82	44.5665
702.45	63.556
703.08	72.5749
703.71	64.0364
704.34	45.1233
704.97	31.7456
705.6	35.1568

&

0.63	0.0
1.26	0.0
1.89	0.0
2.52	0.0
3.15	0.0
3.78	0.0
4.41	0.0
5.04	0.0
5.67	0.0
6.3	0.0
6.93	0.0
7.56	0.0
8.19	0.0
8.82	0.0
9.45	0.0
10.08	0.0
10.71	0.0
11.34	0.0
11.97	0.0
12.6	0.0
13.23	0.0
13.86	0.0
14.49	0.0
15.12	0.0
15.75	0.0
16.38	0.0
17.01	0.0
17.64	0.0
18.27	0.0
18.9	0.0
19.53	0.0
20.16	0.0
20.79	0.0
21.42	0.0
22.05	0.0
22.68	0.0
23.31	0.0
23.94	0.0
24.57	0.0
25.2	0.0
25.83	0.0
26.46	0.0
27.09	0.0
27.72	0.0
28.35	0.0
28.98	0.0
29.61	0.0
30.24	0.0
30.87	0.0
31.5	0.0
32.13	0.0
32.76	0.0
33.39	0.0
34.02	0.0
34.65	0.0
35.28	0.0
35.91	0.0
36.54	0.0
37.17	0.0
37.8	0.0
38.43	0.0
39.06	0.0
39.69	0.0
40.32	0.0
40.95	0.0
41.58	0.0
42.21	0.0
42.84	0.0
43.47	0.0
44.1	0.0
44.73	0.0
45.36	0.0
45.99	0.0
46.62	0.0
47.25	0.0
47.88	0.0
48.51	0.0
49.14	0.0
49.77	0.0
50.4	0.0
51.03	0.0
51.66	0.0
52.29	0.0
52.92	0.0
53.55	0.0
54.18	0.0
54.81	0.0
55.44	0.0
56.07	0.0
56.7	0.0
57.33	0.0
57.96	0.0
58.59	0.0
59.22	0.0
59.85	0.0
60.48	0.0
61.11	0.0
61.74	0.0
62.37	0.0
63.0	0.0
63.63	0.0
64.26	0.0
64.89	0.0
65.52	0.0
66.15	0.0
66.78	0.0
67.41	0.0
68.04	0.0
68.67	0.0
69.3	0.0
69.93	0.0
70.56	0.0
71.19	0.0
71.82	0.0
72.45	0.0
73.08	0.0
73.71	0.0
74.34	0.0
74.97	0.0
75.6	0.0
76.23	0.0
76.86	0.0
77.49	0.0
78.12	0.0
78.75	0.0
79.38	0.0
80.01	0.0
80.64	0.0
81.27	0.0
81.9	0.0
82.53	0.0
83.16	0.0
83.79	0.0
84.42	0.0
85.05	0.0
85.68	0.0
86.31	0.0
86.94	0.0
87.57	0.0
88.2	0.0
88.83	0.0
89.46	0.0
90.09	0.0
90.72	0.0
91.35	0.0
91.98	0.0
92.61	0.0
93.24	0.0
93.87	0.0
94.5	0.0
95.13	0.0
95.76	0.0
96.39	0.0
97.02	0.0
97.65	0.0
98.28	0.0
98.91	0.0
99.54	0.0
100.17	0.0
100.8	0.0
101.43	0.0
102.06	0.0
102.69	0.0
103.32	0.0
103.95	0.0
104.58	0.0
105.21	0.0
105.84	0.0
106.47	0.0
107.1	0.0
107.73	0.0
108.36	0.0
108.99	0.0
109.62	0.0
110.25	0.0
110.88	0.0
111.51	0.0
112.14	0.0
112.77	0.0
113.4	0.0
114.03	0.0
114.66	0.0
115.29	0.0
115.92	0.0
116.55	0.0
117.18	0.0
117.81	0.0
118.44	0.0
119.07	0.0
119.7	0.0
120.33	0.0
120.96	0.0
121.59	0.0
122.22	0.0
122.85	0.0
123.48	0.0
124.11	0.0
124.74	0.0
125.37	0.0
126.0	0.0
126.63	0.0
127.26	0.0
127.89	0.0
128.52	0.0
129.15	0.0
129.78	0.0
130.41	0.0
131.04	0.0
131.67	0.0
132.3	0.0
132.93	0.0
133.56	0.0
134.19	0.0
134.82	0.0
135.45	0.0
136.08	0.0
136.71	0.0
137.34	0.0
137.97	0.0
138.6	0.0
139.23	0.0
139.86	0.0
140.49	0.0
141.12	0.0
141.75	0.0
142.38	0.0
143.01	0.0
143.64	0.0
144.27	0.0
144.9	0.0
145.53	0.0
146.16	0.0
146.79	0.0
147.42	0.0
148.05	0.0
148.68	0.0
149.31	0.0
149.94	0.0
150.57	0.0
151.2	0.0
151.83	0.0
152.46	0.0
153.09	0.0
153.72	0.0
154.35	0.0
154.98	0.0
155.61	0.0
156.24	0.0
156.87	0.0
157.5	0.0
158.13	0.0
158.76	0.0
159.39	0.0
160.02	0.0
160.65	0.0
161.28	0.0
161.91	0.0
162.54	0.0
163.17	0.0
163.8	0.0
164.43	0.0
165.06	0.0
165.69	0.0
166.32	0.0
166.95	0.0
167.58	0.0
168.21	0.0
168.84	0.0
169.47	0.0
170.1	0.0
170.73	0.0
171.36	0.0
171.99	0.0
172.62	0.0
173.25	0.0
173.88	0.0
174.51	0.0
175.14	0.0
175.77	0.0
176.4	0.0
177.03	0.0
177.66	0.0
178.29	0.0
178.92	0.0
179.55	0.0
180.18	0.0
180.81	0.0
181.44	0.0
182.07	0.0
182.7	0.0
183.33	0.0
183.96	0.0
184.59	0.0
185.22	0.0
185.85	0.0
186.48	0.0
187.11	0.0
187.74	0.0
188.37	0.0
189.0	0.0
189.63	0.0
190.26	0.0
190.89	0.0
191.52	0.0
192.15	0.0
192.78	0.0
193.41	0.0
194.04	0.0
194.67	0.0
195.3	0.0
195.93	0.0
196.56	0.0
197.19	0.0
197.82	0.0
198.45	0.0
199.08	0.0
199.71	0.0
200.34	0.0
200.97	0.0
201.6	0.0
202.23	0.0
202.86	0.0
203.49	0.0
204.12	0.0
204.75	0.0
205.38	0.0
206.01	0.0
206.64	0.0
207.27	0.0
207.9	0.0
208.53	0.0
209.16	0.0
209.79	0.0
210.42	0.0
211.05	0.0
211.68	0.0
212.31	0.0
212.94	0.0
213.57	0.0
214.2	0.0
214.83	0.0
215.46	0.0
216.09	0.0
216.72	0.0
217.35	0.0
217.98	0.0
218.61	0.0
219.24	0.0
219.87	0.0
220.5	0.0
221.13	0.0
221.76	0.0
222.39	0.0
223.02	0.0
223.65	0.0
224.28	0.0
224.91	0.0
225.54	0.0
226.17	0.0
226.8	0.0
227.43	0.0
228.06	0.0
228.69	0.0
229.32	0.0
229.95	0.0
230.58	0.0
231.21	0.0
231.84	0.0
232.47	0.0
233.1	0.0
233.73	0.0
234.36	0.0
234.99	0.0
235.62	0.0
236.25	0.0
236.88	0.0
237.51	0.0
238.14	0.0
238.77	0.0
239.4	0.0
240.03	0.0
240.66	0.0
241.29	0.0
241.92	0.0
242.55	0.0
243.18	0.0
243.81	0.0
244.44	0.0
245.07	0.0
245.7	0.0
246.33	0.0
246.96	0.0
247.59	0.0
248.22	0.0
248.85	0.0
249.48	0.0
250.11	0.0
250.74	0.0
251.37	0.0
252.0	0.0
252.63	0.0
253.26	0.0
253.89	0.0
254.52	0.0
255.15	0.0
255.78	0.0
256.41	0.0
257.04	0.0
257.67	0.0
258.3	0.0
258.93	0.0
259.56	0.0
260.19	0.0
260.82	0.0
261.45	0.0
262.08	0.0
262.71	0.0
263.34	0.0
263.97	0.0
264.6	0.0
265.23	0.0
265.86	0.0
266.49	0.0
267.12	0.0
267.75	0.0
268.38	0.0
269.01	0.0
269.64	0.0
270.27	0.0
270.9	0.0
271.53	0.0
272.16	0.0
272.79	0.0
273.42	0.0
274.05	0.0
274.68	0.0
275.31	0.0
275.94	0.0
276.57	0.0
277.2	0.0
277.83	0.0
278.46	0.0
279.09	0.0
279.72	0.0
280.35	0.0
280.98	0.0
281.61	0.0
282.24	0.0
282.87	0.0
283.5	0.0
284.13	0.0
284.76	0.0
285.39	0.0
286.02	0.0
286.65	0.0
287.28	0.0
287.91	0.0
288.54	0.0
289.17	0.0
289.8	0.0
290.43	0.0
291.06	0.0
291.69	0.0
292.32	0.0
292.95	0.0
293.58	0.0
294.21	0.0
294.84	0.0
295.47	0.0
296.1	0.0
296.73	0.0
297.36	0.0
297.99	0.0
298.62	0.0
299.25	0.0
299.88	0.0
300.51	0.0
301.14	0.0
301.77	0.0
302.4	0.0
303.03	0.0
303.66	0.0
304.29	0.0
304.92	0.0
305.55	0.0
306.18	0.0
306.81	0.0
307.44	0.0
308.07	0.0
308.7	0.0
309.33	0.0
309.96	0.0
310.59	0.0
311.22	0.0
311.85	0.0
312.48	0.0
313.11	0.0
313.74	0.0
314.37	0.0
315.0	0.0
315.63	0.0
316.26	0.0
316.89	0.0
317.52	0.0
318.15	0.0
318.78	0.0
319.41	0.0
320.04	0.0
320.67	0.0
321.3	0.0
321.93	0.0
322.56	0.0
323.19	0.0
323.82	0.0
324.45	0.0
325.08	0.0
325.71	0.0
326.34	0.0
326.97	0.0
327.6	0.0
328.23	0.0
328.86	0.0
329.49	0.0
330.12	0.0
330.75	0.0
331.38	0.0
332.01	0.0
332.64	0.0
333.27	0.0
333.9	0.0
334.53	0.0
335.16	0.0
335.79	0.0
336.42	0.0
337.05	0.0
337.68	0.0
338.31	0.0
338.94	0.0
339.57	0.0
340.2	0.0
340.83	0.0
341.46	0.0
342.09	0.0
342.72	0.0
343.35	0.0
343.98	0.0
344.61	0.0
345.24	0.0
345.87	0.0
346.5	0.0
347.13	0.0
347.76	0.0
348.39	0.0
349.02	0.0
349.65	0.0
350.28	0.0
350.91	0.0
351.54	0.0
352.17	0.0
352.8	0.0
353.43	0.0
354.06	0.0
354.69	0.0
355.32	0.0
355.95	0.0
356.58	0.0
357.21	0.0
357.84	0.0
358.47	0.0
359.1	0.0
359.73	0.0
360.36	0.0
360.99	0.0
361.62	0.0
362.25	0.0
362.88	0.0
363.51	0.0
364.14	0.0
364.77	0.0
365.4	0.0
366.03	0.0
366.66	0.0
367.29	0.0
367.92	0.0
368.55	0.0
369.18	0.0
369.81	0.0
370.44	0.0
371.07	0.0
371.7	0.0
372.33	0.0
372.96	0.0
373.59	0.0
374.22	0.0
374.85	0.0
375.48	0.0
376.11	0.0
376.74	0.0
377.37	0.0
378.0	0.0
378.63	0.0
379.26	0.0
379.89	0.0
380.52	0.0
381.15	0.0
381.78	0.0
382.41	0.0
383.04	0.0
383.67	0.0
384.3	0.0
384.93	0.0
385.56	0.0
386.19	0.0
386.82	0.0
387.45	0.0
388.08	0.0
388.71	0.0
389.34	0.0
389.97	0.0
390.6	0.0
391.23	0.0
391.86	0.0
392.49	0.0
393.12	0.0
393.75	0.0
394.38	0.0
395.01	0.0
395.64	0.0
396.27	0.0
396.9	0.0
397.53	0.0
398.16	0.0
398.79	0.0
399.42	0.0
400.05	0.0
400.68	0.0
401.31	0.0
401.94	0.0
402.57	0.0
403.2	0.0
403.83	0.0
404.46	0.0
405.09	0.0
405.72	0.0
406.35	0.0
406.98	0.0
407.61	0.0
408.24	0.0
408.87	0.0
409.5	0.0
410.13	0.0
410.76	0.0
411.39	0.0
412.02	0.32
412.65	0.39
413.28	0.41
413.91	0.42
414.54	0.42
415.17	0.42
415.8	0.42
416.43	0.42
417.06	0.42
417.69	0.42
418.32	0.42
418.95	0.42
419.58	0.42
420.21	0.42
420.84	0.42
421.47	0.42
422.1	0.42
422.73	0.42
423.36	0.42
423.99	0.42
424.62	0.42
425.25	0.42
425.88	0.42
426.51	0.42
427.14	0.42
427.77	0.42
428.4	0.42
429.03	0.42
429.66	0.42
430.29	0.42
430.92	0.42
431.55	0.42
432.18	0.42
432.81	0.42
433.44	0.42
434.07	0.42
434.7	0.42
435.33	0.65
435.96	0.66
436.59	0.69
437.22	0.69
437.85	0.69
438.48	0.69
439.11	0.69
439.74	0.69
440.37	0.69
441.0	0.69
441.63	0.69
442.26	0.69
442.89	0.69
443.52	0.69
444.15	0.69
444.78	0.69
445.41	0.69
446.04	0.69
446.67	0.69
447.3	0.69
447.93	0.69
448.56	0.69
449.19	0.69
449.82	0.69
450.45	0.69
451.08	0.69
451.71	0.69
452.34	0.69
452.97	0.69
453.6	0.69
454.23	0.69
454.86	0.69
455.49	0.69
456.12	0.69
456.75	0.69
457.38	0.69
458.01	0.69
458.64	0.69
459.27	0.69
459.9	0.69
460.53	0.69
461.16	0.69
461.79	0.69
462.42	0.69
463.05	0.69
463.68	0.69
464.31	0.69
464.94	0.69
465.57	0.69
466.2	0.69
466.83	0.69
467.46	0.69
468.09	0.69
468.72	0.69
469.35	0.69
469.98	0.69
470.61	0.69
471.24	0.69
471.87	0.69
472.5	0.69
473.13	0.69
473.76	0.69
474.39	0.69
475.02	0.69
475.65	0.69
476.28	0.69
476.91	0.69
477.54	0.69
478.17	0.69
478.8	0.69
479.43	0.69
480.06	0.69
480.69	0.69
481.32	0.69
481.95	0.69
482.58	0.69
483.21	0.69
483.84	0.69
484.47	0.69
485.1	0.69
485.73	0.69
486.36	0.69
486.99	0.69
487.62	0.69
488.25	0.69
488.88	0.69
489.51	0.69
490.14	0.69
490.77	0.69
491.4	0.69
492.03	0.69
492.66	0.69
493.29	0.69
493.92	0.69
494.55	0.69
495.18	0.69
495.81	0.69
496.44	0.69
497.07	0.69
497.7	0.69
498.33	0.69
498.96	0.69
499.59	0.69
500.22	0.69
500.85	0.69
501.48	0.69
502.11	0.69
502.74	0.69
503.37	0.69
504.0	0.69
504.63	0.69
505.26	0.69
505.89	0.69
506.52	0.69
507.15	0.69
507.78	0.69
508.41	0.69
509.04	0.69
509.67	0.69
510.3	0.69
510.93	0.69
511.56	0.69
512.19	0.69
512.82	0.69
513.45	0.69
514.08	0.69
514.71	0.69
515.34	0.69
515.97	0.69
516.6	0.69
517.23	0.69
517.86	0.69
518.49	0.69
519.12	0.69
519.75	0.69
520.38	0.69
521.01	0.69
521.64	0.69
522.27	0.69
522.9	0.69
523.53	0.69
524.16	0.69
524.79	0.69
525.42	0.69
526.05	0.69
526.68	0.69
527.31	0.69
527.94	0.69
528.57	0.69
529.2	0.69
529.83	0.69
530.46	0.69
531.09	0.69
531.72	0.69
532.35	0.69
532.98	0.69
533.61	0.69
534.24	0.69
534.87	0.69
535.5	0.69
536.13	0.69
536.76	0.69
537.39	0.69
538.02	0.69
538.65	0.69
539.28	0.69
539.91	0.69
540.54	0.69
541.17	0.69
541.8	0.69
542.43	0.69
543.06	0.69
543.69	0.69
544.32	0.69
544.95	0.69
545.58	0.69
546.21	0.69
546.84	0.69
547.47	0.69
548.1	0.69
548.73	0.69
549.36	0.69
549.99	0.69
550.62	0.69
551.25	0.69
551.88	0.69
552.51	0.69
553.14	0.69
553.77	0.69
554.4	0.69
555.03	0.69
555.66	0.69
556.29	0.69
556.92	0.69
557.55	0.69
558.18	0.69
558.81	0.69
559.44	0.69
560.07	0.69
560.7	0.69
561.33	0.69
561.96	0.69
562.59	0.69
563.22	0.69
563.85	0.69
564.48	0.69
565.11	0.69
565.74	0.69
566.37	0.69
567.0	0.69
567.63	0.69
568.26	0.69
568.89	0.69
569.52	0.69
570.15	0.69
570.78	0.69
571.41	0.69
572.04	0.69
572.67	0.69
573.3	0.69
573.93	0.69
574.56	0.69
575.19	0.69
575.82	0.69
576.45	0.69
577.08	0.69
577.71	0.69
578.34	0.69
578.97	0.69
579.6	0.69
580.23	0.69
580.86	0.69
581.49	0.69
582.12	0.69
582.75	0.69
583.38	0.69
584.01	0.69
584.64	0.69
585.27	0.69
585.9	0.69
586.53	0.69
587.16	0.69
587.79	0.69
588.42	0.69
589.05	0.69
589.68	0.69
590.31	0.69
590.94	0.69
591.57	0.69
592.2	0.69
592.83	0.69
593.46	0.69
594.09	0.69
594.72	0.69
595.35	0.69
595.98	0.69
596.61	0.69
597.24	0.69
597.87	0.69
598.5	0.69
599.13	0.69
599.76	0.69
600.39	0.69
601.02	0.69
601.65	0.69
602.28	0.69
602.91	0.69
603.54	0.69
604.17	0.69
604.8	0.69
605.43	0.69
606.06	0.69
606.69	0.69
607.32	0.69
607.95	0.69
608.58	0.69
609.21	0.69
609.84	0.69
610.47	0.69
611.1	0.69
611.73	0.69
612.36	0.69
612.99	0.69
613.62	0.69
614.25	0.69
614.88	0.69
615.51	0.69
616.14	0.69
616.77	0.69
617.4	0.69
618.03	0.69
618.66	0.69
619.29	0.69
619.92	0.69
620.55	0.69
621.18	0.69
621.81	0.69
622.44	0.69
623.07	0.69
623.7	0.69
624.33	0.69
624.96	0.69
625.59	0.69
626.22	0.69
626.85	0.69
627.48	0.69
628.11	0.69
628.74	0.69
629.37	0.69
630.0	0.69
630.63	0.69
631.26	0.69
631.89	0.69
632.52	0.69
633.15	0.69
633.78	0.69
634.41	0.69
635.04	0.69
635.67	0.69
636.3	0.69
636.93	0.69
637.56	0.69
638.19	0.69
638.82	0.69
639.45	0.69
640.08	0.69
640.71	0.69
641.34	0.69
641.97	0.69
642.6	0.69
643.23	0.69
643.86	0.69
644.49	0.69
645.12	0.69
645.75	0.69
646.38	0.69
647.01	0.69
647.64	0.69
648.27	0.69
648.9	0.69
649.53	0.69
650.16	0.69
650.79	0.69
651.42	0.69
652.05	0.69
652.68	0.69
653.31	0.69
653.94	0.69
654.57	0.69
655.2	0.69
655.83	0.69
656.46	0.69
657.09	0.69
657.72	0.69
658.35	0.69
658.98	0.69
659.61	0.69
660.24	0.69
660.87	0.69
661.5	0.69
662.13	0.69
662.76	0.69
663.39	0.69
664.02	0.69
664.65	0.69
665.28	0.69
665.91	0.69
666.54	0.69
667.17	0.69
667.8	0.69
668.43	0.69
669.06	0.69
669.69	0.69
670.32	0.69
670.95	0.69
671.58	0.69
672.21	0.69
672.84	0.69
673.47	0.69
674.1	0.69
674.73	0.69
675.36	0.69
675.99	0.69
676.62	0.69
677.25	0.69
677.88	0.69
678.51	0.69
679.14	0.69
679.77	0.69
680.4	0.69
681.03	0.69
681.66	0.69
682.29	0.69
682.92	0.69
683.55	0.69
684.18	0.69
684.81	0.69
685.44	0.69
686.07	0.69
686.7	0.69
687.33	0.69
687.96	0.69
688.59	0.69
689.22	0.69
689.85	0.69
690.48	0.69
691.11	0.69
691.74	0.69
692.37	0.69
693.0	0.69
693.63	0.69
694.26	0.69
694.89	0.69
695.52	0.69
696.15	0.69
696.78	0.69
697.41	0.69
698.04	0.69
698.67	0.69
699.3	0.69
699.93	0.69
700.56	0.69
701.19	0.69
701.82	0.69
702.45	0.69
703.08	0.69
703.71	0.69
704.34	0.69
704.97	0.69
705.6	0.69

&

0.63	54.8861
1.26	54.8861
1.89	54.8861
2.52	52.4695
3.15	60.4432
3.78	39.8264
4.41	39.9581
5.04	53.1877
5.67	59.3275
6.3	49.0162
6.93	56.0479
7.56	55.652
8.19	55.652
8.82	42.5546
9.45	40.9496
10.08	39.9875
10.71	45.7643
11.34	45.6183
11.97	43.9418
12.6	44.8414
13.23	44.8414
13.86	44.8414
14.49	39.5002
15.12	39.5002
15.75	46.8051
16.38	40.349
17.01	39.56
17.64	42.6322
18.27	38.749
18.9	35.6317
19.53	35.3541
20.16	35.3541
20.79	34.2253
21.42	32.5113
22.05	31.6537
22.68	34.8752
23.31	34.8752
23.94	36.9697
24.57	38.1102
25.2	37.111
25.83	38.6268
26.46	33.2917
27.09	34.9446
27.72	34.9446
28.35	36.3141
28.98	36.9193
29.61	37.8718
30.24	39.0087
30.87	33.3461
31.5	38.2828
32.13	38.8668
32.76	40.7976
33.39	42.7477
34.02	41.7526
34.65	45.6351
35.28	45.6351
35.91	46.9006
36.54	40.564
37.17	40.564
37.8	42.4471
38.43	41.0003
39.06	42.7171
39.69	43.4411
40.32	44.7277
40.95	39.0776
41.58	40.7423
42.21	42.4075
42.84	44.292
43.47	42.4724
44.1	43.5432
44.73	43.3743
45.36	43.104
45.99	43.3061
46.62	36.5091
47.25	37.6429
47.88	38.1324
48.51	38.1324
49.14	38.122
49.77	48.0506
50.4	47.7049
51.03	48.5125
51.66	44.7079
52.29	50.0219
52.92	51.6444
53.55	51.7138
54.18	53.6976
54.81	53.6976
55.44	53.3864
56.07	51.2038
56.7	51.2038
57.33	50.9357
57.96	50.9357
58.59	43.257
59.22	38.8729
59.85	38.8729
60.48	38.7663
61.11	43.7291
61.74	40.9751
62.37	42.4252
63.0	42.2464
63.63	42.2464
64.26	42.0856
64.89	40.328
65.52	41.1687
66.15	43.7149
66.78	43.3254
67.41	46.8488
68.04	43.2281
68.67	35.2036
69.3	35.2036
69.93	34.5786
70.56	34.7232
71.19	36.7848
71.82	40.1938
72.45	40.1938
73.08	35.8722
73.71	35.8722
74.34	35.8889
74.97	30.4853
75.6	30.3966
76.23	30.5661
76.86	30.5661
77.49	37.9973
78.12	42.1783
78.75	41.3079
79.38	44.5047
80.01	41.3489
80.64	48.8547
81.27	48.8547
81.9	50.7341
82.53	51.3388
83.16	47.4728
83.79	40.4369
84.42	35.6692
85.05	37.9479
85.68	37.9479
86.31	36.6432
86.94	30.914
87.57	29.3461
88.2	29.4975
88.83	29.4975
89.46	28.217
90.09	32.3111
90.72	32.3111
91.35	34.335
91.98	33.7947
92.61	22.6314
93.24	27.2977
93.87	22.8664
94.5	26.3296
95.13	26.3721
95.76	25.1573
96.39	24.6558
97.02	24.6558
97.65	25.5482
98.28	31.0119
98.91	32.1484
99.54	26.9954
100.17	26.9954
100.8	26.1269
101.43	25.3502
102.06	23.0146
102.69	33.2338
103.32	34.8517
103.95	33.9338
104.58	34.4918
105.21	32.4608
105.84	35.7227
106.47	32.0075
107.1	31.2248
107.73	27.5039
108.36	31.9945
108.99	34.4937
109.62	37.1755
110.25	36.5377
110.88	36.4803
111.51	39.9372
112.14	37.007
112.77	36.908
113.4	26.648
114.03	26.5607
114.66	26.5607
115.29	20.8944
115.92	21.8427
116.55	21.7107
117.18	21.8775
117.81	23.1482
118.44	23.1482
119.07	23.358
119.7	23.358
120.33	23.597
120.96	25.2688
121.59	24.5891
122.22	22.3877
122.85	22.3877
123.48	26.2114
124.11	27.5978
124.74	27.8207
125.37	27.8558
126.0	27.8558
126.63	32.0378
127.26	46.0727
127.89	46.0727
128.52	44.2245
129.15	47.7058
129.78	50.0168
130.41	49.8248
131.04	50.5073
131.67	50.1275
132.3	40.167
132.93	42.637
133.56	42.578
134.19	42.578
134.82	43.5041
135.45	54.0637
136.08	52.4617
136.71	53.7805
137.34	53.9803
137.97	58.9476
138.6	60.4098
139.23	60.3528
139.86	54.9729
140.49	54.9729
141.12	55.2424
141.75	59.141
142.38	53.194
143.01	59.1095
143.64	59.1095
144.27	57.3695
144.9	60.1012
145.53	59.7009
146.16	59.7009
146.79	56.9919
147.42	49.6796
148.05	44.3301
148.68	38.1262
149.31	33.635
149.94	33.5306
150.57	33.5354
151.2	31.1747
151.83	26.5478
152.46	26.5478
153.09	26.6838
153.72	24.5403
154.35	23.2126
154.98	25.5274
155.61	25.9375
156.24	26.8607
156.87	28.9279
157.5	31.6348
158.13	36.2679
158.76	36.2679
159.39	31.9929
160.02	31.1956
160.65	27.8477
161.28	26.7968
161.91	24.1592
162.54	26.2176
163.17	27.2582
163.8	27.2582
164.43	25.0419
165.06	23.2002
165.69	23.1826
166.32	27.0829
166.95	27.2131
167.58	26.8292
168.21	27.6217
168.84	28.8241
169.47	33.0858
170.1	33.4592
170.73	33.452
171.36	25.7229
171.99	25.1402
172.62	21.9088
173.25	25.9331
173.88	25.9331
174.51	25.9872
175.14	24.1316
175.77	23.5275
176.4	23.3137
177.03	32.001
177.66	31.2046
178.29	31.6279
178.92	31.7838
179.55	37.8512
180.18	33.5581
180.81	28.1185
181.44	46.9455
182.07	48.8858
182.7	48.1345
183.33	48.5156
183.96	51.8573
184.59	51.348
185.22	52.1294
185.85	49.0331
186.48	45.9632
187.11	40.4872
187.74	39.6655
188.37	46.2866
189.0	48.0013
189.63	47.6048
190.26	55.7269
190.89	55.7269
191.52	55.6819
192.15	55.6819
192.78	59.7847
193.41	58.8405
194.04	58.9434
194.67	58.7898
195.3	56.7829
195.93	56.762
196.56	48.0109
197.19	47.6026
197.82	44.8532
198.45	44.8532
199.08	47.4892
199.71	47.6986
200.34	51.0378
200.97	63.5358
201.6	60.8775
202.23	53.8223
202.86	49.1203
203.49	47.3464
204.12	47.5475
204.75	59.9362
205.38	60.9901
206.01	59.9613
206.64	40.8616
207.27	35.9445
207.9	36.3613
208.53	36.3613
209.16	40.5011
209.79	40.5465
210.42	48.0192
211.05	46.8568
211.68	37.4716
212.31	34.0226
212.94	34.6554
213.57	34.6554
214.2	34.8249
214.83	34.3432
215.46	32.8127
216.09	35.6822
216.72	40.9015
217.35	36.2433
217.98	36.5442
218.61	38.5581
219.24	36.7132
219.87	34.9572
220.5	37.8602
221.13	36.3925
221.76	36.324
222.39	50.0962
223.02	51.1366
223.65	51.1366
224.28	48.0512
224.91	50.7532
225.54	51.0081
226.17	46.5906
226.8	47.0661
227.43	43.6429
228.06	43.6429
228.69	46.4995
229.32	46.8592
229.95	46.8592
230.58	46.6216
231.21	46.6216
231.84	42.6995
232.47	49.6789
233.1	50.7085
233.73	49.446
234.36	52.8071
234.99	58.2362
235.62	65.4787
236.25	63.1171
236.88	69.2188
237.51	69.2188
238.14	65.8747
238.77	60.7325
239.4	61.3018
240.03	60.308
240.66	61.0098
241.29	62.7311
241.92	55.18
242.55	52.7603
243.18	48.1645
243.81	49.4815
244.44	43.9002
245.07	44.1534
245.7	33.0907
246.33	33.0907
246.96	33.441
247.59	30.1223
248.22	35.6583
248.85	36.9013
249.48	41.5759
250.11	42.0488
250.74	44.583
251.37	46.2476
252.0	47.6671
252.63	47.6671
253.26	47.9124
253.89	46.4992
254.52	46.1382
255.15	45.0659
255.78	42.2232
256.41	43.0777
257.04	43.0777
257.67	37.6083
258.3	36.0558
258.93	32.639
259.56	32.9311
260.19	29.2857
260.82	30.21
261.45	44.2881
262.08	39.5186
262.71	43.3964
263.34	43.9929
263.97	42.3195
264.6	55.9156
265.23	64.5376
265.86	53.3939
266.49	53.3939
267.12	47.2316
267.75	43.6715
268.38	44.0512
269.01	47.8424
269.64	47.8424
270.27	49.7593
270.9	50.8661
271.53	51.2898
272.16	50.5095
272.79	51.1479
273.42	62.1913
274.05	62.5224
274.68	61.3731
275.31	61.3731
275.94	58.0031
276.57	55.6361
277.2	50.678
277.83	49.1025
278.46	47.6225
279.09	50.1205
279.72	48.4986
280.35	48.1891
280.98	47.8381
281.61	43.5426
282.24	43.0246
282.87	46.7832
283.5	46.7832
284.13	45.7753
284.76	42.6265
285.39	49.2634
286.02	47.0906
286.65	45.9492
287.28	49.5705
287.91	47.8923
288.54	44.1957
289.17	47.6656
289.8	41.454
290.43	41.4861
291.06	38.1195
291.69	35.4009
292.32	35.571
292.95	20.2106
293.58	24.5895
294.21	27.4884
294.84	30.8529
295.47	32.8456
296.1	28.9326
296.73	29.3115
297.36	30.253
297.99	31.3206
298.62	32.1305
299.25	33.2361
299.88	32.7518
300.51	35.2735
301.14	35.5721
301.77	34.0969
302.4	29.3813
303.03	29.4766
303.66	29.3862
304.29	32.9783
304.92	32.9783
305.55	32.9377
306.18	32.9377
306.81	34.3254
307.44	33.9614
308.07	32.2595
308.7	30.142
309.33	30.142
309.96	27.9927
310.59	37.566
311.22	39.0376
311.85	37.9155
312.48	39.0085
313.11	37.6549
313.74	42.1659
314.37	41.1657
315.0	40.3425
315.63	39.9362
316.26	39.7961
316.89	39.7961
317.52	39.7961
318.15	36.9945
318.78	39.3422
319.41	41.919
320.04	40.9341
320.67	43.9765
321.3	38.1964
321.93	35.7181
322.56	34.8446
323.19	39.9191
323.82	45.8214
324.45	45.8214
325.08	50.5149
325.71	51.3267
326.34	48.2736
326.97	47.034
327.6	47.3862
328.23	47.3862
328.86	47.2556
329.49	47.2556
330.12	50.8939
330.75	44.242
331.38	46.3688
332.01	46.3688
332.64	41.3247
333.27	40.2712
333.9	40.5573
334.53	40.2403
335.16	42.8853
335.79	47.4155
336.42	46.8291
337.05	45.2989
337.68	45.2989
338.31	51.1121
338.94	51.1121
339.57	50.07
340.2	64.7688
340.83	61.1001
341.46	58.5687
342.09	58.9857
342.72	43.2413
343.35	40.6264
343.98	44.9167
344.61	38.2581
345.24	40.2624
345.87	46.9169
346.5	56.3938
347.13	56.3938
347.76	52.7095
348.39	47.6753
349.02	47.6753
349.65	47.6225
350.28	49.9631
350.91	46.6691
351.54	53.1851
352.17	53.8945
352.8	44.6452
353.43	44.6452
354.06	41.3793
354.69	36.1072
355.32	35.5518
355.95	38.0048
356.58	37.2256
357.21	30.4493
357.84	30.4493
358.47	27.4449
359.1	27.4449
359.73	46.1675
360.36	47.1182
360.99	48.2434
361.62	47.5597
362.25	47.1392
362.88	48.9068
363.51	49.5617
364.14	46.7836
364.77	46.7836
365.4	48.4913
366.03	43.6749
366.66	38.1571
367.29	38.5641
367.92	38.2125
368.55	33.8064
369.18	39.3022
369.81	39.1019
370.44	38.3897
371.07	39.027
371.7	36.4534
372.33	33.7585
372.96	37.1324
373.59	38.0699
374.22	38.0699
374.85	39.5172
375.48	39.8315
376.11	40.5655
376.74	43.4465
377.37	43.4465
378.0	50.7252
378.63	50.6891
379.26	55.606
379.89	55.606
380.52	54.7676
381.15	55.1901
381.78	55.1901
382.41	51.6318
383.04	52.1948
383.67	59.1698
384.3	59.1698
384.93	49.5256
385.56	42.1575
386.19	40.2948
386.82	35.0444
387.45	35.0444
388.08	51.6052
388.71	36.0452
389.34	36.0452
389.97	34.7273
390.6	34.7322
391.23	28.6635
391.86	30.9429
392.49	33.731
393.12	33.4087
393.75	33.9854
394.38	33.9854
395.01	36.1133
395.64	36.0584
396.27	38.1941
396.9	33.0534
397.53	31.4181
398.16	30.3028
398.79	30.3028
399.42	29.6599
400.05	33.3881
400.68	33.3881
401.31	32.2457
401.94	31.344
402.57	32.1789
403.2	34.3864
403.83	34.015
404.46	39.0172
405.09	45.2664
405.72	43.9947
406.35	45.2851
406.98	43.9874
407.61	46.0488
408.24	46.0056
408.87	47.6512
409.5	44.3113
410.13	44.1633
410.76	38.7492
411.39	38.7337
412.02	39.4104
412.65	38.8435
413.28	38.4277
413.91	41.659
414.54	43.6728
415.17	42.7101
415.8	39.5828
416.43	40.2922
417.06	41.7925
417.69	45.2411
418.32	45.2411
418.95	40.1329
419.58	44.6922
420.21	50.6923
420.84	52.2247
421.47	56.5898
422.1	59.7884
422.73	58.1354
423.36	56.0727
423.99	55.8927
424.62	53.2264
425.25	53.4858
425.88	54.0593
426.51	50.0747
427.14	53.917
427.77	50.7361
428.4	55.6899
429.03	56.4801
429.66	56.5886
430.29	54.4902
430.92	54.4902
431.55	54.9607
432.18	45.0638
432.81	47.2411
433.44	47.2411
434.07	48.5778
434.7	49.4273
435.33	48.8762
435.96	48.8762
436.59	51.5577
437.22	52.1914
437.85	57.9982
438.48	50.0389
439.11	50.267
439.74	50.267
440.37	50.267
441.0	44.4126
441.63	39.7849
442.26	39.5997
442.89	37.1197
443.52	36.0508
444.15	37.5959
444.78	37.5717
445.41	38.5168
446.04	32.2088
446.67	32.2088
447.3	32.2088
447.93	29.0373
448.56	29.0373
449.19	38.8043
449.82	38.8805
450.45	46.678
451.08	47.61
451.71	48.8335
452.34	53.777
452.97	53.5336
453.6	53.5336
454.23	54.3693
454.86	63.5379
455.49	65.7776
456.12	62.8058
456.75	60.7878
457.38	55.9434
458.01	49.3113
458.64	49.3297
459.27	42.4658
459.9	40.2572
460.53	36.5822
461.16	32.2155
461.79	30.1091
462.42	33.1891
463.05	29.82
463.68	33.4682
464.31	33.4682
464.94	33.9463
465.57	26.2461
466.2	26.3427
466.83	104.841
467.46	108.356
468.09	25.7194
468.72	104.277
469.35	105.735
469.98	23.2211
470.61	105.077
471.24	123.346
471.87	30.2449
472.5	95.6451
473.13	119.839
473.76	31.4974
474.39	100.09
475.02	125.113
475.65	32.3763
476.28	67.2991
476.91	93.3979
477.54	28.8052
478.17	73.6361
478.8	80.5263
479.43	31.0749
480.06	69.4669
480.69	79.0451
481.32	33.2893
481.95	76.8306
482.58	85.201
483.21	30.7483
483.84	77.2261
484.47	81.2211
485.1	39.7453
485.73	78.2905
486.36	70.3312
486.99	22.5027
487.62	74.0028
488.25	72.6114
488.88	27.1028
489.51	82.8398
490.14	75.3323
490.77	38.7317
491.4	98.4536
492.03	79.2965
492.66	41.3694
493.29	114.116
493.92	96.7559
494.55	25.7331
495.18	101.672
495.81	89.0495
496.44	29.2295
497.07	118.544
497.7	92.791
498.33	30.565
498.96	109.304
499.59	93.5679
500.22	36.9914
500.85	90.7795
501.48	78.0721
502.11	33.509
502.74	88.9653
503.37	77.0835
504.0	35.0615
504.63	28.9305
505.26	31.1075
505.89	50.2416
506.52	26.4134
507.15	29.7991
507.78	50.5162
508.41	25.4961
509.04	27.9328
509.67	49.9861
510.3	23.0999
510.93	24.3825
511.56	39.4233
512.19	21.8898
512.82	26.267
513.45	32.4663
514.08	23.4094
514.71	27.8973
515.34	29.9261
515.97	20.0428
516.6	25.539
517.23	33.7502
517.86	26.7324
518.49	24.369
519.12	31.8819
519.75	28.6922
520.38	23.4124
521.01	40.3026
521.64	31.697
522.27	40.3121
522.9	35.5924
523.53	36.5938
524.16	29.8
524.79	30.9786
525.42	32.8596
526.05	25.4135
526.68	30.5785
527.31	34.8769
527.94	30.9445
528.57	36.6596
529.2	41.0056
529.83	28.4446
530.46	36.8209
531.09	41.4164
531.72	28.7321
532.35	37.219
532.98	41.8313
533.61	29.0226
534.24	37.6214
534.87	42.2504
535.5	29.3161
536.13	38.0281
536.76	42.6738
537.39	29.6125
538.02	38.4391
538.65	43.1015
539.28	29.9121
539.91	38.8547
540.54	43.5336
541.17	30.2147
541.8	39.2748
542.43	43.9701
543.06	30.5204
543.69	39.6995
544.32	44.4111
544.95	30.8293
545.58	40.1287
546.21	44.8567
546.84	31.1413
547.47	40.5627
548.1	45.3068
548.73	31.4566
549.36	41.0014
549.99	45.7615
550.62	31.775
551.25	40.1972
551.88	46.0251
552.51	29.6236
553.14	40.6355
553.77	46.4855
554.4	29.9212
555.03	41.0786
555.66	46.9504
556.29	30.2219
556.92	41.5258
557.55	47.42
558.18	30.5249
558.81	41.9777
559.44	47.8943
560.07	30.8308
560.7	42.4351
561.33	48.3733
561.96	31.1403
562.59	42.8977
563.22	48.857
563.85	31.4534
564.48	43.3653
565.11	49.3455
565.74	31.7696
566.37	43.8381
567.0	49.8389
567.63	31.7466
568.26	43.7179
568.89	50.4956
569.52	32.0645
570.15	44.1953
570.78	51.0009
571.41	32.3856
572.04	44.678
572.67	51.5112
573.3	32.71
573.93	45.1659
574.56	52.4058
575.19	34.3521
575.82	45.8828
576.45	52.9317
577.08	33.206
577.71	46.1363
578.34	53.2305
578.97	33.5384
579.6	46.6406
580.23	53.7629
580.86	33.8742
581.49	47.1504
582.12	54.3005
582.75	34.2134
583.38	47.6658
584.01	54.8435
584.64	34.556
585.27	48.1867
585.9	55.3918
586.53	34.902
587.16	48.7134
587.79	55.9456
588.42	35.2516
589.05	49.2458
589.68	56.5049
590.31	35.6047
590.94	49.784
591.57	57.0698
592.2	35.9614
592.83	50.3281
593.46	57.6403
594.09	36.3217
594.72	50.8782
595.35	58.2164
595.98	36.6857
596.61	51.4343
597.24	58.7983
597.87	37.0534
598.5	51.9966
599.13	59.386
599.76	37.4249
600.39	52.5651
601.02	59.9775
601.65	37.7991
602.28	53.1398
602.91	60.577
603.54	38.1782
604.17	53.721
604.8	61.3224
605.43	38.9987
606.06	54.2176
606.69	61.9359
607.32	38.9734
607.95	52.0262
608.58	62.7092
609.21	39.3605
609.84	52.5987
610.47	63.337
611.1	39.7512
611.73	53.1742
612.36	63.9712
612.99	40.1452
613.62	53.7521
614.25	64.6098
614.88	40.5438
615.51	54.3427
616.14	65.2593
616.77	40.9474
617.4	54.9418
618.03	65.916
618.66	41.3547
619.29	55.5461
619.92	66.5791
620.55	41.7668
621.18	56.1588
621.81	67.249
622.44	42.1826
623.07	56.777
623.7	67.9255
624.33	42.6027
624.96	57.4019
625.59	68.6078
626.22	43.0268
626.85	58.031
627.48	69.2971
628.11	43.4551
628.74	58.6668
629.37	69.9937
630.0	43.8875
630.63	59.3063
631.26	70.6968
631.89	44.3243
632.52	59.9508
633.15	71.4045
633.78	44.7631
634.41	60.5979
635.04	72.122
635.67	45.2068
636.3	61.2648
636.93	72.8478
637.56	45.6573
638.19	61.9417
638.82	73.5813
639.45	46.1134
640.08	62.6261
640.71	74.1058
641.34	45.9238
641.97	67.1495
642.6	69.9242
643.23	53.6258
643.86	69.568
644.49	65.795
645.12	48.2496
645.75	77.8571
646.38	53.4745
647.01	55.3075
647.64	78.0003
648.27	50.9343
648.9	54.7983
649.53	77.615
650.16	64.2212
650.79	45.024
651.42	63.6063
652.05	77.7905
652.68	55.3806
653.31	47.2511
653.94	71.8613
654.57	73.3493
655.2	48.3398
655.83	53.6091
656.46	77.2009
657.09	65.5644
657.72	45.1174
658.35	62.2799
658.98	78.0973
659.61	56.6664
660.24	46.6392
660.87	70.7828
661.5	74.2946
662.13	49.2052
662.76	52.4722
663.39	76.6846
664.02	66.8829
664.65	43.4043
665.28	54.863
665.91	74.8685
666.54	58.0105
667.17	42.5599
667.8	63.5948
668.43	73.9542
669.06	54.2144
669.69	40.9527
670.32	40.8777
670.95	54.0527
671.58	69.3946
672.21	73.9977
672.84	63.9897
673.47	47.7896
674.1	39.0252
674.73	45.0693
675.36	60.8375
675.99	73.0655
676.62	71.4669
677.25	57.3865
677.88	42.6689
678.51	39.6949
679.14	50.9663
679.77	67.0015
680.4	74.3115
681.03	66.747
681.66	50.6714
682.29	39.6079
682.92	42.8632
683.55	57.699
684.18	71.6353
684.81	72.9486
685.44	60.5342
686.07	44.8353
686.7	39.0581
687.33	47.0641
687.96	64.8031
688.59	74.2387
689.22	62.7131
689.85	43.6289
690.48	31.3363
691.11	36.1762
691.74	54.0771
692.37	69.9807
693.0	70.5086
693.63	55.2167
694.26	36.9689
694.89	31.1155
695.52	42.5805
696.15	61.7195
696.78	72.4325
697.41	65.7075
698.04	47.2018
698.67	32.4826
699.3	33.932
699.93	50.3309
700.56	67.8842
701.19	71.8259
701.82	58.8402
702.45	39.8509
703.08	30.832
703.71	39.3706
704.34	58.2838
704.97	71.6616
705.6	68.2505

&

