10.0	0.0
20.0	-0.000243
30.0	0.001215
40.0	0.000243
50.0	-0.001945
60.0	-0.002917
70.0	0.005347
80.0	-0.000486
90.0	-0.000486
100.0	-0.00316
110.0	-0.002917
120.0	0.002674
130.0	0.002674
140.0	-0.001945
150.0	-0.001701
160.0	-0.00559
170.0	-0.007049
180.0	-0.007049
190.0	-0.008507
200.0	-0.009236
210.0	-0.009236
220.0	-0.009236
230.0	-0.016285
240.0	-0.012639
250.0	-0.009966
260.0	-0.008264
270.0	-0.008993
280.0	-0.006563
290.0	-0.006806
300.0	-0.005834
310.0	-0.001945
320.0	-0.002431
330.0	0.001945
340.0	0.001945
350.0	0.001945
360.0	-0.001215
370.0	-0.003403
380.0	0.002674
390.0	-0.006806
400.0	-0.014584
410.0	-0.011181
420.0	-0.00632
430.0	-0.007292
440.0	-0.007049
450.0	-0.003403
460.0	-0.004375
470.0	-0.001701
480.0	-0.002674
490.0	-0.002674
500.0	-0.002674
510.0	0.002188
520.0	0.003646
530.0	0.003646
540.0	0.003889
550.0	-0.007049
560.0	-0.005104
570.0	-0.007535
580.0	-0.006806
590.0	-0.006806
600.0	-0.002431
610.0	0.00316
620.0	0.002431
630.0	0.002674
640.0	-0.000486
650.0	0.003403
660.0	0.005104
670.0	-0.001945
680.0	-0.00632
690.0	-0.005834
700.0	0.003403
710.0	-0.00316
720.0	-0.002431
730.0	0.003646
740.0	0.001458
750.0	0.004618
760.0	0.00632
770.0	0.00632
780.0	0.00632
790.0	0.007535
800.0	0.010452
810.0	0.018716
820.0	0.02698
830.0	0.021633
840.0	0.017257
850.0	0.007535
860.0	0.006563
870.0	0.012396
880.0	0.018473
890.0	0.010938
900.0	0.008021
910.0	0.007292
920.0	0.010695
930.0	0.015799
940.0	0.001945
950.0	-0.00316
960.0	0.000729
970.0	-0.002431
980.0	0.004861
990.0	0.00316
1000.0	0.008264
1010.0	0.008507
1020.0	0.007535
1030.0	0.004132
1040.0	0.003403
1050.0	0.012639
1060.0	0.014098
1070.0	0.005104
1080.0	0.00875
1090.0	0.004861
1100.0	0.010452
1110.0	0.001215
1120.0	0.008264
1130.0	0.010209
1140.0	0.016042
1150.0	0.003889
1160.0	-0.001458
1170.0	-0.000729
1180.0	0.003646
1190.0	0.003646
1200.0	0.011424
1210.0	0.006563
1220.0	0.012882
1230.0	0.010938
1240.0	0.010452
1250.0	0.006806
1260.0	0.00316
1270.0	0.004375
1280.0	0.008021
1290.0	-0.001945
1300.0	0.000243
1310.0	0.004375
1320.0	0.004375
1330.0	0.004375
1340.0	0.006077
1350.0	0.011181
1360.0	0.006563
1370.0	0.002188
1380.0	0.003889
1390.0	0.000243
1400.0	-0.012882
1410.0	-0.006563
1420.0	-0.002917
1430.0	-0.004861
1440.0	-0.008021
1450.0	0.00632
1460.0	0.005347
1470.0	0.006077
1480.0	0.000972
1490.0	0.000972
1500.0	0.000486
1510.0	-0.000486
1520.0	-0.011667
1530.0	-0.011667
1540.0	-0.013368
1550.0	-0.015313
1560.0	0.00559
1570.0	-0.005834
1580.0	-0.008507
1590.0	-0.00875
1600.0	-0.000729
1610.0	-0.000729
1620.0	0.001701
1630.0	0.002917
1640.0	0.003646
1650.0	0.013125
1660.0	0.01823
1670.0	0.014827
1680.0	0.011667
1690.0	0.013612
1700.0	0.01191
1710.0	0.019931
1720.0	0.023334
1730.0	0.020174
1740.0	0.008993
1750.0	0.014098
1760.0	0.01823
1770.0	0.014341
1780.0	0.00875
1790.0	0.007778
1800.0	0.01507
1810.0	0.008264
1820.0	0.010695
1830.0	0.005347
1840.0	-0.000729
1850.0	0.002917
1860.0	-0.007292
1870.0	-0.00316
1880.0	-0.008264
1890.0	-0.01507
1900.0	-0.001701
1910.0	0.001458
1920.0	0.000243
1930.0	0.005104
1940.0	0.010209
1950.0	0.004132
1960.0	0.010938
1970.0	0.002917
1980.0	0.005834
1990.0	0.002188
2000.0	0.004861
2010.0	0.011181
2020.0	0.010209
2030.0	0.001701
2040.0	0.008993
2050.0	0.001458
2060.0	0.001215
2070.0	-0.002188
2080.0	-0.003403
2090.0	-0.003646
2100.0	-0.001458
2110.0	-0.00316
2120.0	-0.002674
2130.0	-0.005834
2140.0	0.004861
2150.0	0.000243
2160.0	0.011667
2170.0	0.006563
2180.0	-0.001945
2190.0	-0.007049
2200.0	-0.015799
2210.0	-0.012396
2220.0	-0.005104
2230.0	-0.007292
2240.0	-0.012396
2250.0	-0.01823
2260.0	-0.023334
2270.0	-0.028681
2280.0	-0.027709
2290.0	-0.021876
2300.0	-0.02698
2310.0	-0.022605
2320.0	-0.021633
2330.0	-0.022362
2340.0	-0.015799
2350.0	-0.012639
2360.0	-0.011667
2370.0	-0.015799
2380.0	-0.017987
2390.0	-0.025279
2400.0	-0.018473
2410.0	-0.008993
2420.0	0.000729
2430.0	-0.001945
2440.0	0.000972
2450.0	0.002917
2460.0	-0.005834
2470.0	-0.007778
2480.0	-0.009236
2490.0	-0.013855
2500.0	-0.025279
2510.0	-0.017744
2520.0	-0.016771
2530.0	-0.000243
2540.0	-0.004132
2550.0	-0.002674
2560.0	-0.002674
2570.0	0.002917
2580.0	-0.000972
2590.0	0.000972
2600.0	-0.004861
2610.0	0.000972
2620.0	0.010452
2630.0	0.00559
2640.0	0.007292
2650.0	0.005104
2660.0	0.010695
2670.0	-0.001215
2680.0	0.004861
2690.0	-0.007292
2700.0	-0.006806
2710.0	-0.005347
2720.0	-0.009479
2730.0	0.004861
2740.0	-0.00632
2750.0	-0.010695
2760.0	-0.007535
2770.0	-0.006077
2780.0	0.011424
2790.0	0.003889
2800.0	0.006806
2810.0	0.003403
2820.0	0.010938
2830.0	0.015556
2840.0	0.012639
2850.0	-0.003889
2860.0	-0.007778
2870.0	-0.005104
2880.0	-0.005104
2890.0	0.0
2900.0	0.003403
2910.0	0.004861
2920.0	0.001701
2930.0	-0.005104
2940.0	-0.005347
2950.0	-0.008507
2960.0	-0.008507
2970.0	-0.009236
2980.0	-0.007049
2990.0	-0.005104
3000.0	-0.00632
3010.0	-0.002188
3020.0	0.003646
3030.0	0.016528
3040.0	0.017501
3050.0	0.022119
3060.0	0.022119
3070.0	0.027952
3080.0	0.018473
3090.0	0.010695
3100.0	0.01507
3110.0	0.008507
3120.0	0.006806
3130.0	0.00316
3140.0	0.003889
3150.0	0.001215
3160.0	0.000972
3170.0	-0.002674
3180.0	-0.000972
3190.0	-0.006077
3200.0	-0.017744
3210.0	-0.012153
3220.0	-0.010938
3230.0	-0.00875
3240.0	-0.006806
3250.0	0.005834
3260.0	0.009723
3270.0	0.001215
3280.0	-0.002917
3290.0	0.001945
3300.0	0.003889
3310.0	-0.001945
3320.0	-0.002917
3330.0	0.003646
3340.0	0.014584
3350.0	0.010695
3360.0	0.014584
3370.0	0.012882
3380.0	0.010938
3390.0	0.001945
3400.0	0.011181
3410.0	0.013368
3420.0	0.015313
3430.0	0.013368
3440.0	0.01823
3450.0	0.028681
3460.0	0.020174
3470.0	0.024549
3480.0	0.014827
3490.0	0.008993
3500.0	0.008993
3510.0	0.012396
3520.0	0.00632
3530.0	0.000486
3540.0	-0.003646
3550.0	-0.000729
3560.0	-0.000243
3570.0	0.005104
3580.0	0.006563
3590.0	0.003403
3600.0	0.009236
3610.0	0.010695
3620.0	0.004375
3630.0	0.002188
3640.0	0.007049
3650.0	0.001458
3660.0	0.001458
3670.0	-0.001701
3680.0	0.003889
3690.0	0.00316
3700.0	0.004861
3710.0	0.003403
3720.0	0.004618
3730.0	-0.000972
3740.0	0.003646
3750.0	0.001215
3760.0	-0.003403
3770.0	0.001701
3780.0	0.007778
3790.0	0.00632
3800.0	0.006806
3810.0	0.009479
3820.0	-0.000972
3830.0	0.0
3840.0	0.002188
3850.0	0.003646
3860.0	-0.002431
3870.0	-0.000972
3880.0	-0.003403
3890.0	-0.008264
3900.0	-0.019931
3910.0	-0.008507
3920.0	0.000729
3930.0	0.006077
3940.0	-0.001215
3950.0	0.004618
3960.0	0.007778
3970.0	0.001701
3980.0	-0.002188
3990.0	-0.017257
4000.0	-0.010695
4010.0	-0.01507
4020.0	-0.02066
4030.0	-0.016771
4040.0	-0.023334
4050.0	-0.011667
4060.0	-0.007778
4070.0	0.004375
4080.0	0.008264
4090.0	-0.012882
4100.0	-0.005347
4110.0	-0.01191
4120.0	-0.00632
4130.0	-0.005834
4140.0	-0.001701
4150.0	0.001945
4160.0	-0.004132
4170.0	0.001215
4180.0	0.007778
4190.0	0.016285
4200.0	0.025765
4210.0	0.024792
4220.0	0.025036
4230.0	0.025036
4240.0	0.028438
4250.0	0.017257
4260.0	0.00559
4270.0	0.006563
4280.0	0.003403
4290.0	-0.00632
4300.0	0.002674
4310.0	-0.002431
4320.0	0.000243
4330.0	0.010695
4340.0	0.013125
4350.0	0.010695
4360.0	0.009966
4370.0	0.009479
4380.0	0.006077
4390.0	0.014341
4400.0	0.012396
4410.0	0.017501
4420.0	0.022848
4430.0	0.01507
4440.0	0.01507
4450.0	0.017744
4460.0	0.024792
4470.0	0.023577
4480.0	0.02066
4490.0	0.020174
4500.0	0.023091
4510.0	0.025522
4520.0	0.018959
4530.0	0.020417
4540.0	0.012882
4550.0	0.01191
4560.0	0.008021
4570.0	0.014341
4580.0	0.015313
4590.0	0.016771
4600.0	0.016042
4610.0	0.009236
4620.0	0.007049
4630.0	0.009966
4640.0	0.009236
4650.0	0.009236
4660.0	0.010452
4670.0	0.010695
4680.0	0.005834
4690.0	0.003889
4700.0	0.009723
4710.0	0.012153
4720.0	0.009723
4730.0	0.004132
4740.0	0.004618
4750.0	0.007049
4760.0	0.002188
4770.0	0.00632
4780.0	0.008021
4790.0	-0.001215
4800.0	0.00559
4810.0	0.0
4820.0	-0.004132
4830.0	-0.001215
4840.0	-0.006806
4850.0	-0.006806
4860.0	-0.010452
4870.0	-0.005834
4880.0	-0.008021
4890.0	-0.018716
4900.0	-0.00875
4910.0	-0.008507
4920.0	-0.008507
4930.0	-0.002917
4940.0	-0.000972
4950.0	-0.003889
4960.0	0.004618
4970.0	0.009723
4980.0	-0.003646
4990.0	0.010452
5000.0	0.014584
5010.0	0.012882
5020.0	0.006077
5030.0	0.010695
5040.0	0.010452
5050.0	0.002674
5060.0	-0.006806
5070.0	-0.007535
5080.0	-0.007049
5090.0	0.010938
5100.0	0.021147
5110.0	0.01507
5120.0	0.010452
5130.0	0.026494
5140.0	0.017257
5150.0	0.020417
5160.0	0.013368
5170.0	0.017744
5180.0	0.007535
5190.0	0.004861
5200.0	0.008507
5210.0	0.006563
5220.0	0.009966
5230.0	0.009966
5240.0	0.017257
5250.0	0.012639
5260.0	0.014827
5270.0	0.020174
5280.0	0.011424
5290.0	0.024306
5300.0	0.024306
5310.0	0.024306
5320.0	0.016042
5330.0	0.009479
5340.0	0.005347
5350.0	-0.005104
5360.0	0.004618
5370.0	0.005347
5380.0	0.009236
5390.0	0.006806
5400.0	0.008507
5410.0	0.006077
5420.0	0.003403
5430.0	0.006077
5440.0	0.000243
5450.0	0.001215
5460.0	0.000486
5470.0	0.008507
5480.0	0.00632
5490.0	0.014584
5500.0	0.013612
5510.0	0.013855
5520.0	0.015556
5530.0	0.016285
5540.0	0.017987
5550.0	0.022119
5560.0	0.014827
5570.0	0.012396
5580.0	0.001458
5590.0	0.003889
5600.0	0.008507
5610.0	0.002431
5620.0	-0.00559
5630.0	-0.001945
5640.0	-0.000486
5650.0	0.00632
5660.0	0.002917
5670.0	0.011424
5680.0	0.010695
5690.0	-0.000729
5700.0	0.000972
5710.0	-0.010452
5720.0	-0.008993
5730.0	0.001215
5740.0	0.00559
5750.0	0.00559
5760.0	0.00875
5770.0	0.016042
5780.0	0.018473
5790.0	0.022362
5800.0	0.022362
5810.0	0.011181
5820.0	0.004618
5830.0	0.010452
5840.0	0.011424
5850.0	0.013855
5860.0	0.013368
5870.0	0.011424
5880.0	0.011424
5890.0	0.007049
5900.0	0.001458
5910.0	0.002188
5920.0	-0.004132
5930.0	-0.008993
5940.0	-0.006563
5950.0	0.003889
5960.0	-0.000729
5970.0	0.003889
5980.0	0.003403
5990.0	0.005347
6000.0	0.00316
6010.0	0.009966
6020.0	0.008993
6030.0	0.002188
6040.0	0.003403
6050.0	-0.001458
6060.0	0.011181
6070.0	0.011667
6080.0	0.00559
6090.0	-0.009966
6100.0	-0.012639
6110.0	-0.008264
6120.0	-0.005834
6130.0	-0.002674
6140.0	0.004375
6150.0	0.010938
6160.0	0.000972
6170.0	-0.006077
6180.0	-0.006806
6190.0	-0.01507
6200.0	-0.019202
6210.0	-0.01507
6220.0	-0.013368
6230.0	-0.014098
6240.0	-0.010938
6250.0	-0.006806
6260.0	-0.011667
6270.0	-0.006563
6280.0	-0.004375
6290.0	0.00316
6300.0	0.002917
6310.0	0.003889
6320.0	0.000972
6330.0	-0.013612
6340.0	-0.013612
6350.0	-0.006077
6360.0	-0.002917
6370.0	-0.001458
6380.0	-0.000729
6390.0	-0.007292
6400.0	0.002674
6410.0	0.008993
6420.0	0.008993
6430.0	0.007535
6440.0	0.012882
6450.0	0.010452
6460.0	0.011424
6470.0	0.009723
6480.0	0.006563
6490.0	0.006563
6500.0	0.006563
6510.0	0.006563
6520.0	0.020174
6530.0	0.016042
6540.0	0.004618
6550.0	0.003403
6560.0	0.002917
6570.0	0.004861
6580.0	-0.002674
6590.0	0.003646
6600.0	0.001945
6610.0	0.009723
6620.0	0.013612
6630.0	0.008993
6640.0	-0.008021
6650.0	-0.008021
6660.0	-0.01507
6670.0	-0.013612
6680.0	-0.02382
6690.0	-0.023091
6700.0	-0.022119
6710.0	-0.022119
6720.0	-0.023577
6730.0	-0.025522
6740.0	-0.018473
6750.0	-0.01191
6760.0	-0.011424
6770.0	-0.009966
6780.0	-0.01823
6790.0	-0.009236
6800.0	-0.010695
6810.0	-0.006806
6820.0	-0.011424
6830.0	-0.003889
6840.0	-0.000243
6850.0	-0.010938
6860.0	0.001701
6870.0	0.012396
6880.0	0.008264
6890.0	-0.002674
6900.0	-0.002674
6910.0	0.003403
6920.0	-0.002674
6930.0	0.000972
6940.0	-0.004618
6950.0	-0.004861
6960.0	-0.008507
6970.0	-0.008507
6980.0	-0.012153
6990.0	-0.008507
7000.0	-0.013125
7010.0	-0.013612
7020.0	-0.010938
7030.0	-0.008507
7040.0	-0.006563
7050.0	-0.002431
7060.0	0.001945
7070.0	0.006077
7080.0	0.006077
7090.0	0.00559
7100.0	0.007535
7110.0	0.002917
7120.0	0.000243
7130.0	-0.002674
7140.0	-0.000729
7150.0	-0.005104
7160.0	-0.013125
7170.0	-0.009966
7180.0	-0.005347
7190.0	-0.010209
7200.0	-0.006806
7210.0	-0.002674
7220.0	-0.007535
7230.0	-0.007535
7240.0	-0.015556
7250.0	-0.001945
7260.0	-0.004132
7270.0	-0.007292
7280.0	-0.00632
7290.0	-0.011424
7300.0	-0.003403
7310.0	-0.000729
7320.0	-0.007049
7330.0	0.005347
7340.0	0.004618
7350.0	0.007049
7360.0	0.001458
7370.0	0.003403
7380.0	-0.001945
7390.0	-0.001945
7400.0	-0.004375
7410.0	-0.007778
7420.0	-0.005104
7430.0	-0.005104
7440.0	-0.010209
7450.0	-0.016528
7460.0	-0.022119
7470.0	-0.023091
7480.0	-0.020417
7490.0	-0.013125
7500.0	-0.014827
7510.0	-0.009966
7520.0	-0.007778
7530.0	-0.00632
7540.0	-0.006563
7550.0	-0.008021
7560.0	-0.007049
7570.0	-0.010938
7580.0	-0.010452
7590.0	-0.00559
7600.0	-0.001945
7610.0	-0.001945
7620.0	-0.001701
7630.0	0.00316
7640.0	-0.000486
7650.0	0.000729
7660.0	0.002431
7670.0	0.006077
7680.0	0.004375
7690.0	0.004618
7700.0	-0.001215
7710.0	-0.005104
7720.0	-0.004132
7730.0	0.002431
7740.0	-0.003889
7750.0	-0.002431
7760.0	-0.016042
7770.0	-0.005834
7780.0	-0.006077
7790.0	-0.008264
7800.0	-0.01191
7810.0	-0.014341
7820.0	-0.016528
7830.0	-0.013612
7840.0	-0.00875
7850.0	0.0
7860.0	0.003403
7870.0	-0.000486
7880.0	0.0
7890.0	0.0
7900.0	0.00559
7910.0	0.007292
7920.0	0.007292
7930.0	0.002188
7940.0	0.002674
7950.0	0.006077
7960.0	0.009479
7970.0	0.01191
7980.0	0.015799
7990.0	0.014098
8000.0	0.013612
8010.0	0.009236
8020.0	0.01191
8030.0	0.009236
8040.0	0.010695
8050.0	0.001701
8060.0	-0.003646
8070.0	-0.007778
8080.0	-0.003646
8090.0	0.002674
8100.0	-0.00316
8110.0	-0.002674
8120.0	-0.002674
8130.0	-0.00559
8140.0	-0.00559
8150.0	-0.011424
8160.0	-0.013368
8170.0	-0.018716
8180.0	-0.005104
8190.0	-0.00559
8200.0	-0.012639
8210.0	-0.012882
8220.0	-0.001945
8230.0	0.001945
8240.0	-0.000729
8250.0	0.000243
8260.0	-0.006563
8270.0	0.003403
8280.0	0.000729
8290.0	-0.001701
8300.0	-0.010938
8310.0	-0.012639
8320.0	-0.012396
8330.0	-0.00632
8340.0	-0.001215
8350.0	0.00316
8360.0	0.008993
8370.0	0.007535
8380.0	0.000486
8390.0	-0.011424
8400.0	-0.023577
8410.0	-0.010209
8420.0	-0.009479
8430.0	-0.004132
8440.0	0.002188
8450.0	0.018473
8460.0	0.020903
8470.0	-0.003646
8480.0	0.001215
8490.0	-0.005834
8500.0	-0.024063
8510.0	-0.017744
8520.0	-0.00875
8530.0	0.003889
8540.0	0.009236
8550.0	0.001701
8560.0	-0.002431
8570.0	-0.003889
8580.0	-0.011181
8590.0	-0.014341
8600.0	-0.001945
8610.0	0.000972
8620.0	-0.001458
8630.0	-0.009479
8640.0	-0.004375
8650.0	-0.004861
8660.0	-0.005104
8670.0	-0.007292
8680.0	-0.011667
8690.0	-0.010209
8700.0	-0.009479
8710.0	-0.012153
8720.0	-0.008507
8730.0	-0.009723
8740.0	-0.006563
8750.0	-0.006563
8760.0	-0.006077
8770.0	-0.009723
8780.0	-0.002188
8790.0	0.003646
8800.0	0.010452
8810.0	0.012153
8820.0	0.01191
8830.0	0.009479
8840.0	-0.001701
8850.0	-0.001945
8860.0	-0.007049
8870.0	-0.006077
8880.0	-0.001458
8890.0	-0.007292
8900.0	0.004618
8910.0	0.004132
8920.0	-0.000729
8930.0	0.001701
8940.0	0.005104
8950.0	0.007778
8960.0	0.013368
8970.0	0.010452
8980.0	0.00875
8990.0	0.005104
9000.0	-0.00632
9010.0	-0.007292
9020.0	-0.010452
9030.0	-0.011424
9040.0	-0.00632
9050.0	-0.00316
9060.0	-0.00632
9070.0	0.003889
9080.0	-0.000243
9090.0	-0.007049
9100.0	-0.00875
9110.0	-0.004132
9120.0	-0.009479
9130.0	-0.012882
9140.0	-0.00632
9150.0	-0.005104
9160.0	0.000243
9170.0	-0.003646
9180.0	-0.009479
9190.0	-0.006806
9200.0	-0.005834
9210.0	-0.006077
9220.0	-0.006077
9230.0	-0.002917
9240.0	-0.000972
9250.0	-0.00316
9260.0	0.000243
9270.0	0.003646
9280.0	0.000243
9290.0	-0.009236
9300.0	-0.01507
9310.0	-0.018473
9320.0	-0.010209
9330.0	-0.008021
9340.0	-0.010209
9350.0	-0.007049
9360.0	-0.015799
9370.0	-0.012882
9380.0	-0.007535
9390.0	-0.001215
9400.0	0.004861
9410.0	0.005104
9420.0	0.007049
9430.0	0.005834
9440.0	0.005834
9450.0	0.000729
9460.0	-0.006806
9470.0	-0.00316
9480.0	-0.014098
9490.0	-0.012882
9500.0	-0.012153
9510.0	-0.008264
9520.0	-0.004861
9530.0	-0.001458
9540.0	-0.002917
9550.0	-0.005104
9560.0	-0.003646
9570.0	-0.014098
9580.0	-0.014098
9590.0	-0.009236
9600.0	-0.009236
9610.0	-0.006077
9620.0	-0.003889
9630.0	-0.008993
9640.0	-0.004618
9650.0	-0.004861
9660.0	0.000243
9670.0	-0.002431
9680.0	-0.000243
9690.0	-0.005104
9700.0	-0.004618
9710.0	-0.00316
9720.0	-0.006077
9730.0	-0.021633
9740.0	-0.021633
9750.0	-0.017501
9760.0	-0.013612
9770.0	-0.013612
9780.0	-0.013612
9790.0	-0.00875
9800.0	-0.010452
9810.0	-0.005104
9820.0	-0.005347
9830.0	-0.006806
9840.0	0.00316
9850.0	0.00316
9860.0	0.001945
9870.0	0.004861
9880.0	-0.000486
9890.0	-0.007049
9900.0	0.000729
9910.0	0.008993
9920.0	0.003646
9930.0	0.011667
9940.0	0.007292
9950.0	0.00316
9960.0	0.010209
9970.0	0.008264
9980.0	0.002674
9990.0	-0.002674
10000.0	0.00316
10010.0	0.00316
10020.0	-0.005834
10030.0	-0.001701
10040.0	0.007292
10050.0	0.012153
10060.0	0.013855
10070.0	0.020903
10080.0	0.022362
10090.0	0.021876
10100.0	0.013368
10110.0	0.012153
10120.0	0.008993
10130.0	0.003889
10140.0	0.008021
10150.0	0.002431
10160.0	-0.015313
10170.0	-0.01191
10180.0	-0.005834
10190.0	0.004132
10200.0	0.007535
10210.0	0.001701
10220.0	0.000972
10230.0	0.006806
10240.0	0.007535
10250.0	0.002188
10260.0	0.003403
10270.0	0.005104
10280.0	0.000243
10290.0	-0.014098
10300.0	-0.002188
10310.0	-0.000729
10320.0	0.003403
10330.0	0.003889
10340.0	0.003403
10350.0	-0.003403
10360.0	0.008507
10370.0	0.004618
10380.0	0.004618
10390.0	0.011424
10400.0	0.010452
10410.0	0.007292
10420.0	0.009236
10430.0	0.015799
10440.0	0.012153
10450.0	0.004375
10460.0	0.00875
10470.0	0.001701
10480.0	-0.000486
10490.0	0.004132
10500.0	-0.001458
10510.0	0.003403
10520.0	0.001215
10530.0	0.007292
10540.0	0.004375
10550.0	0.010695
10560.0	0.007049
10570.0	0.003403
10580.0	0.00316
10590.0	0.007778
10600.0	0.005834
10610.0	0.000486
10620.0	0.004375
10630.0	0.00875
10640.0	0.006077
10650.0	0.008507
10660.0	0.003403
10670.0	0.009479
10680.0	0.010938
10690.0	0.01823
10700.0	0.02382
10710.0	0.017987
10720.0	-0.000729
10730.0	-0.000243
10740.0	-0.004861
10750.0	-0.006077
10760.0	-0.014341
10770.0	-0.020903
10780.0	-0.002674
10790.0	0.002431
10800.0	-0.001215
10810.0	0.000243
10820.0	-0.005347
10830.0	-0.007535
10840.0	-0.00559
10850.0	0.002188
10860.0	0.007292
10870.0	0.009966
10880.0	0.003889
10890.0	0.007049
10900.0	0.011667
10910.0	0.01191
10920.0	0.017987
10930.0	0.014098
10940.0	0.007292
10950.0	0.006077
10960.0	0.005104
10970.0	0.005347
10980.0	0.008021
10990.0	0.010209
11000.0	0.00316
11010.0	0.002917
11020.0	-0.000243
11030.0	0.003403
11040.0	0.004132
11050.0	0.001458
11060.0	0.001215
11070.0	0.008264
11080.0	0.014827
11090.0	0.017014
11100.0	0.017014
11110.0	0.011181
11120.0	0.00875
11130.0	0.008993
11140.0	0.010938
11150.0	0.02066
11160.0	0.02066
11170.0	0.019202
11180.0	0.017501
11190.0	0.012882
11200.0	0.013125
11210.0	0.016042
11220.0	0.008993
11230.0	0.005834
11240.0	0.001701
11250.0	-0.009236
11260.0	-0.008021
11270.0	-0.003403
11280.0	-0.003403
11290.0	-0.000972
11300.0	-0.000972
11310.0	-0.009479
11320.0	-0.009479
11330.0	-0.009966
11340.0	-0.008021
11350.0	0.001215
11360.0	0.006806
11370.0	0.013368
11380.0	0.00875
11390.0	0.009966
11400.0	0.009236
11410.0	0.005104
11420.0	0.00632
11430.0	0.00632
11440.0	0.002674
11450.0	-0.003403
11460.0	-0.001701
11470.0	-0.002917
11480.0	0.001215
11490.0	-0.005347
11500.0	-0.001458
11510.0	-0.001945
11520.0	0.002917
11530.0	0.009236
11540.0	0.009723
11550.0	0.014341
11560.0	0.013612
11570.0	0.009966
11580.0	0.012639
11590.0	0.007535
11600.0	0.001701
11610.0	0.00316
11620.0	-0.002431
11630.0	-0.00632
11640.0	-0.002431
11650.0	0.0
11660.0	-0.000486
11670.0	-0.00316
11680.0	0.003403
11690.0	-0.006806
11700.0	-0.004618
11710.0	-0.004618
11720.0	0.001701
11730.0	0.008993
11740.0	0.002188
11750.0	0.002917
11760.0	-0.000972
11770.0	-0.003889
11780.0	-0.009966
11790.0	-0.004861
11800.0	-0.012153
11810.0	-0.017987
11820.0	-0.012882
11830.0	-0.012882
11840.0	-0.015313
11850.0	-0.012882
11860.0	-0.00875
11870.0	-0.003403
11880.0	-0.000729
11890.0	0.002917
11900.0	-0.001215
11910.0	-0.003403
11920.0	-0.007292
11930.0	-0.001701
11940.0	-0.003646
11950.0	-0.003403
11960.0	-0.006563
11970.0	-0.004861
11980.0	-0.006563
11990.0	-0.007535
12000.0	-0.004375
12010.0	-0.002674
12020.0	0.009966
12030.0	0.007535
12040.0	0.006563
12050.0	-0.006077
12060.0	-0.012153
12070.0	-0.010938
12080.0	-0.010938
12090.0	-0.006563
12100.0	-0.000729
12110.0	-0.000243
12120.0	-0.005834
12130.0	-0.008264
12140.0	-0.010209
12150.0	-0.002188
12160.0	-0.000243
12170.0	-0.006806
12180.0	-0.003889
12190.0	-0.017987
12200.0	-0.018959
12210.0	-0.014584
12220.0	-0.007535
12230.0	-0.008993
12240.0	-0.004132
12250.0	-0.003889
12260.0	-0.002674
12270.0	0.001701
12280.0	0.005104
12290.0	-0.004375
12300.0	-0.010452
12310.0	-0.001945
12320.0	-0.00632
12330.0	-0.011181
12340.0	-0.015556
12350.0	-0.012639
12360.0	-0.014341
12370.0	-0.01507
12380.0	-0.011667
12390.0	-0.01191
12400.0	-0.011424
12410.0	0.007292
12420.0	0.019445
12430.0	0.023577
12440.0	0.013125
12450.0	0.013125
12460.0	0.017744
12470.0	0.022362
12480.0	0.003403
12490.0	0.005834
12500.0	-0.002917
12510.0	0.008021
12520.0	0.006077
12530.0	0.00559
12540.0	0.006563
12550.0	0.003403
12560.0	-0.00559
12570.0	-0.004861
12580.0	-0.004618
12590.0	-0.013368
12600.0	-0.012882
12610.0	-0.003403
12620.0	-0.008993
12630.0	-0.007535
12640.0	-0.007535
12650.0	-0.012396
12660.0	-0.012639
12670.0	-0.019202
12680.0	-0.016285
12690.0	-0.013125
12700.0	-0.016285
12710.0	-0.010452
12720.0	-0.00632
12730.0	-0.008021
12740.0	-0.000486
12750.0	0.003403
12760.0	0.001701
12770.0	-0.002431
12780.0	-0.005834
12790.0	0.003403
12800.0	0.006077
12810.0	0.017014
12820.0	0.016528
12830.0	0.006563
12840.0	0.005347
12850.0	0.004861
12860.0	0.001945
12870.0	-0.003646
12880.0	0.001458
12890.0	0.001945
12900.0	-0.002188
12910.0	-0.001458
12920.0	-0.004375
12930.0	-0.002917
12940.0	-0.003403
12950.0	0.008507
12960.0	0.008507
12970.0	-0.008993
12980.0	-0.011424
12990.0	-0.018959
13000.0	-0.021876
13010.0	-0.022605
13020.0	-0.013368
13030.0	-0.02139
13040.0	-0.013368
13050.0	-0.013612
13060.0	-0.013612
13070.0	-0.014827
13080.0	-0.01191
13090.0	-0.011181
13100.0	-0.009236
13110.0	-0.00875
13120.0	-0.017257
13130.0	-0.014584
13140.0	-0.012639
13150.0	0.000972
13160.0	0.002188
13170.0	0.004132
13180.0	0.003403
13190.0	0.004618
13200.0	-0.001215
13210.0	-0.004618
13220.0	0.004861
13230.0	0.012153
13240.0	0.013855
13250.0	0.008993
13260.0	0.008021
13270.0	0.010938
13280.0	0.01507
13290.0	0.021147
13300.0	0.02698
13310.0	0.022362
13320.0	0.014341
13330.0	0.020174
13340.0	0.017257
13350.0	0.018959
13360.0	0.017987
13370.0	0.019445
13380.0	0.015556
13390.0	0.01823
13400.0	0.024549
13410.0	0.021147
13420.0	0.021633
13430.0	0.02139
13440.0	0.022119
13450.0	0.017501
13460.0	0.009479
13470.0	0.016528
13480.0	0.016528
13490.0	0.013125
13500.0	0.012396
13510.0	0.002188
13520.0	0.002674
13530.0	0.010938
13540.0	0.014584
13550.0	0.004375
13560.0	0.002431
13570.0	-0.001458
13580.0	0.000486
13590.0	-0.007778
13600.0	0.005104
13610.0	-0.005347
13620.0	-0.004861
13630.0	0.001215
13640.0	0.004618
13650.0	-0.002917
13660.0	-0.002917
13670.0	0.000243
13680.0	-0.000729
13690.0	0.006077
13700.0	0.006563
13710.0	0.005104
13720.0	-0.000486
13730.0	-0.007778
13740.0	-0.008993
13750.0	-0.003889
13760.0	0.000972
13770.0	0.00316
13780.0	0.000243
13790.0	0.000729
13800.0	0.004618
13810.0	0.005347
13820.0	-0.000972
13830.0	-0.001945
13840.0	0.002917
13850.0	-0.00316
13860.0	-0.010938
13870.0	-0.005347
13880.0	-0.002674
13890.0	-0.010938
13900.0	-0.014827
13910.0	-0.019445
13920.0	-0.022362
13930.0	-0.017501
13940.0	-0.015556
13950.0	-0.014584
13960.0	-0.016042
13970.0	-0.014584
13980.0	-0.007535
13990.0	-0.004861
14000.0	-0.001215
14010.0	0.004132
14020.0	0.011667
14030.0	0.008021
14040.0	0.004132
14050.0	-0.00632
14060.0	-0.001945
14070.0	-0.010938
14080.0	-0.010695
14090.0	0.003889
14100.0	0.010209
14110.0	0.015313
14120.0	0.005347
14130.0	0.000243
14140.0	-0.006563
14150.0	-0.017257
14160.0	-0.019931
14170.0	-0.015556
14180.0	-0.016042
14190.0	-0.017987
14200.0	-0.001701
14210.0	-0.003889
14220.0	0.005834
14230.0	-0.000729
14240.0	-0.000243
14250.0	-0.001458
14260.0	0.004132
14270.0	0.006563
14280.0	0.008507
14290.0	0.009479
14300.0	0.000972
14310.0	0.000729
14320.0	0.000729

&

10.0	0.0
20.0	0.000729
30.0	0.005104
40.0	0.0
50.0	-0.002917
60.0	-0.004132
70.0	0.00316
80.0	0.000729
90.0	0.000729
100.0	-0.003889
110.0	-0.004132
120.0	-0.000243
130.0	-0.000243
140.0	-0.003403
150.0	-0.007049
160.0	-0.001215
170.0	0.00316
180.0	0.00316
190.0	0.001945
200.0	0.003889
210.0	0.002674
220.0	0.002674
230.0	0.008264
240.0	0.00632
250.0	0.010452
260.0	0.010695
270.0	0.007292
280.0	0.011667
290.0	0.010209
300.0	0.007535
310.0	0.010695
320.0	0.008264
330.0	0.0
340.0	0.0
350.0	0.0
360.0	0.005104
370.0	0.003889
380.0	0.008021
390.0	0.014584
400.0	0.007049
410.0	0.007535
420.0	0.011424
430.0	0.009966
440.0	0.011181
450.0	0.015556
460.0	0.010452
470.0	0.007535
480.0	-0.004132
490.0	-0.004132
500.0	-0.002188
510.0	-0.009966
520.0	-0.012396
530.0	-0.012396
540.0	-0.012396
550.0	-0.006563
560.0	-0.003646
570.0	-0.006806
580.0	-0.000486
590.0	-0.000486
600.0	-0.005834
610.0	0.000243
620.0	0.00559
630.0	0.019931
640.0	0.022605
650.0	0.02382
660.0	0.013855
670.0	0.016285
680.0	0.014827
690.0	0.018716
700.0	0.01823
710.0	0.009236
720.0	0.005834
730.0	0.001215
740.0	-0.000729
750.0	0.004861
760.0	0.004861
770.0	0.004861
780.0	0.004861
790.0	0.006806
800.0	0.002188
810.0	0.005834
820.0	0.016771
830.0	0.01191
840.0	0.012882
850.0	0.004618
860.0	0.005347
870.0	0.012153
880.0	0.008021
890.0	0.006806
900.0	0.005834
910.0	0.009966
920.0	0.006563
930.0	0.0
940.0	0.007778
950.0	0.004375
960.0	-0.004861
970.0	0.012153
980.0	0.014341
990.0	0.012396
1000.0	0.010452
1010.0	0.009723
1020.0	-0.001458
1030.0	0.009236
1040.0	0.003646
1050.0	0.008993
1060.0	0.004132
1070.0	0.010695
1080.0	0.009236
1090.0	0.002188
1100.0	-0.000972
1110.0	-0.001945
1120.0	0.006563
1130.0	0.009479
1140.0	0.006077
1150.0	0.007049
1160.0	0.006806
1170.0	0.009479
1180.0	0.008993
1190.0	0.008993
1200.0	0.004618
1210.0	0.002674
1220.0	-0.009723
1230.0	-0.00632
1240.0	0.002917
1250.0	-0.003403
1260.0	0.000972
1270.0	-0.001701
1280.0	-0.001458
1290.0	0.00316
1300.0	-0.001701
1310.0	-0.002431
1320.0	-0.002431
1330.0	-0.002431
1340.0	-0.008264
1350.0	-0.005347
1360.0	-0.00559
1370.0	-0.004861
1380.0	-0.00875
1390.0	0.0
1400.0	0.008993
1410.0	0.006806
1420.0	0.005104
1430.0	0.001215
1440.0	0.004132
1450.0	-0.003889
1460.0	-0.004861
1470.0	-0.014827
1480.0	-0.00559
1490.0	-0.007292
1500.0	-0.015313
1510.0	-0.022119
1520.0	-0.023091
1530.0	-0.023091
1540.0	-0.028925
1550.0	-0.020417
1560.0	-0.015556
1570.0	-0.012153
1580.0	-0.008993
1590.0	-0.00559
1600.0	-0.001701
1610.0	-0.001701
1620.0	0.00316
1630.0	0.008507
1640.0	0.009966
1650.0	0.007535
1660.0	0.008993
1670.0	0.000486
1680.0	0.008507
1690.0	0.010695
1700.0	0.016285
1710.0	0.017257
1720.0	0.017014
1730.0	0.024306
1740.0	0.017501
1750.0	0.017257
1760.0	0.004375
1770.0	-0.001945
1780.0	0.003889
1790.0	0.007049
1800.0	-0.002188
1810.0	0.007049
1820.0	0.013855
1830.0	0.00632
1840.0	0.000729
1850.0	-0.009479
1860.0	-0.010695
1870.0	-0.01823
1880.0	-0.012639
1890.0	-0.01191
1900.0	-0.014341
1910.0	-0.002917
1920.0	-0.001701
1930.0	0.00559
1940.0	0.006806
1950.0	0.007778
1960.0	0.008264
1970.0	0.004861
1980.0	0.003646
1990.0	0.004132
2000.0	-0.004132
2010.0	-0.002917
2020.0	-0.003646
2030.0	-0.004861
2040.0	-0.001458
2050.0	-0.002674
2060.0	-0.00875
2070.0	-0.024792
2080.0	-0.022848
2090.0	-0.025279
2100.0	-0.034029
2110.0	-0.030626
2120.0	-0.027952
2130.0	-0.028195
2140.0	-0.023334
2150.0	-0.022119
2160.0	-0.021876
2170.0	-0.013368
2180.0	-0.015556
2190.0	-0.006563
2200.0	-0.004375
2210.0	-0.001458
2220.0	0.003889
2230.0	-0.000729
2240.0	0.001945
2250.0	0.005347
2260.0	0.002431
2270.0	-0.000486
2280.0	0.006806
2290.0	-0.001945
2300.0	-0.001701
2310.0	0.010695
2320.0	0.007778
2330.0	0.015799
2340.0	0.011424
2350.0	0.009723
2360.0	0.012153
2370.0	0.00559
2380.0	0.007049
2390.0	0.001215
2400.0	-0.014341
2410.0	-0.018959
2420.0	-0.012153
2430.0	-0.015556
2440.0	-0.018959
2450.0	-0.004861
2460.0	0.001458
2470.0	0.007778
2480.0	0.007535
2490.0	0.007535
2500.0	0.001945
2510.0	0.003403
2520.0	0.00316
2530.0	0.002674
2540.0	0.003889
2550.0	0.001945
2560.0	0.001945
2570.0	-0.000972
2580.0	0.000243
2590.0	0.00316
2600.0	0.004375
2610.0	0.00632
2620.0	0.001215
2630.0	0.007292
2640.0	0.004861
2650.0	0.013368
2660.0	0.01191
2670.0	0.013855
2680.0	0.016771
2690.0	0.014341
2700.0	0.014341
2710.0	0.009966
2720.0	0.005834
2730.0	0.002917
2740.0	0.006806
2750.0	0.010695
2760.0	0.01191
2770.0	-0.000486
2780.0	-0.009966
2790.0	-0.013368
2800.0	-0.010209
2810.0	-0.006806
2820.0	-0.001701
2830.0	-0.009236
2840.0	-0.016042
2850.0	-0.010209
2860.0	-0.012639
2870.0	-0.013855
2880.0	-0.013855
2890.0	-0.010452
2900.0	-0.016285
2910.0	-0.016042
2920.0	-0.029654
2930.0	-0.024306
2940.0	-0.027466
2950.0	-0.024792
2960.0	-0.024792
2970.0	-0.028438
2980.0	-0.030626
2990.0	-0.019931
3000.0	-0.01823
3010.0	-0.030869
3020.0	-0.03014
3030.0	-0.020903
3040.0	-0.019202
3050.0	-0.01507
3060.0	-0.00875
3070.0	-0.001945
3080.0	0.00559
3090.0	0.002188
3100.0	0.003403
3110.0	-0.006563
3120.0	-0.003646
3130.0	-0.008021
3140.0	-0.007778
3150.0	-0.00875
3160.0	-0.013125
3170.0	-0.013612
3180.0	-0.008993
3190.0	-0.00559
3200.0	-0.013368
3210.0	-0.010695
3220.0	-0.004132
3230.0	0.000243
3240.0	0.0
3250.0	-0.002431
3260.0	-0.014098
3270.0	-0.013368
3280.0	-0.00632
3290.0	-0.003889
3300.0	0.009236
3310.0	0.000243
3320.0	-0.000729
3330.0	0.00632
3340.0	0.013125
3350.0	0.009723
3360.0	0.008021
3370.0	-0.000729
3380.0	0.002188
3390.0	0.003646
3400.0	0.002431
3410.0	0.008264
3420.0	0.007535
3430.0	0.002431
3440.0	0.005104
3450.0	0.007778
3460.0	0.009479
3470.0	0.014341
3480.0	0.021147
3490.0	0.020903
3500.0	0.020903
3510.0	0.009966
3520.0	0.0
3530.0	-0.000972
3540.0	0.00316
3550.0	-0.001945
3560.0	-0.000243
3570.0	0.000729
3580.0	-0.006563
3590.0	-0.001215
3600.0	0.00559
3610.0	0.0
3620.0	-0.003403
3630.0	-0.008264
3640.0	-0.010938
3650.0	-0.008993
3660.0	-0.008993
3670.0	-0.00875
3680.0	-0.007049
3690.0	-0.001458
3700.0	0.00875
3710.0	0.008021
3720.0	0.005834
3730.0	0.010452
3740.0	0.014827
3750.0	0.011181
3760.0	0.012153
3770.0	0.007535
3780.0	0.00875
3790.0	0.00559
3800.0	0.006077
3810.0	-0.008021
3820.0	-0.006806
3830.0	-0.006806
3840.0	-0.005834
3850.0	-0.004861
3860.0	-0.01507
3870.0	-0.02066
3880.0	-0.012882
3890.0	-0.009236
3900.0	-0.014098
3910.0	-0.015313
3920.0	-0.018959
3930.0	-0.017014
3940.0	-0.013855
3950.0	-0.019202
3960.0	-0.018959
3970.0	-0.016528
3980.0	-0.011667
3990.0	-0.010209
4000.0	-0.009966
4010.0	-0.011181
4020.0	-0.008507
4030.0	-0.011424
4040.0	-0.010938
4050.0	0.001215
4060.0	0.013612
4070.0	0.019202
4080.0	0.019931
4090.0	0.002674
4100.0	0.001215
4110.0	0.009966
4120.0	0.007292
4130.0	0.001458
4140.0	0.000729
4150.0	-0.003646
4160.0	-0.005104
4170.0	-0.002674
4180.0	-0.006806
4190.0	-0.011667
4200.0	-0.013125
4210.0	-0.008264
4220.0	-0.000729
4230.0	-0.001945
4240.0	-0.00559
4250.0	-0.007535
4260.0	-0.014827
4270.0	-0.019202
4280.0	-0.022848
4290.0	-0.019445
4300.0	-0.010695
4310.0	-0.015799
4320.0	-0.021147
4330.0	-0.018959
4340.0	-0.002431
4350.0	0.000486
4360.0	0.003403
4370.0	0.000486
4380.0	0.000243
4390.0	0.001945
4400.0	0.003646
4410.0	0.007049
4420.0	0.004375
4430.0	0.004375
4440.0	-0.008507
4450.0	-0.00316
4460.0	-0.012396
4470.0	-0.012153
4480.0	0.0
4490.0	-0.002431
4500.0	0.001701
4510.0	-0.00316
4520.0	-0.005834
4530.0	0.000486
4540.0	-0.00632
4550.0	-0.016285
4560.0	-0.006563
4570.0	-0.010209
4580.0	-0.007535
4590.0	-0.017744
4600.0	-0.022362
4610.0	-0.021876
4620.0	-0.016042
4630.0	-0.015313
4640.0	-0.016042
4650.0	-0.016042
4660.0	-0.013368
4670.0	-0.018959
4680.0	-0.022605
4690.0	-0.018716
4700.0	-0.01823
4710.0	-0.00632
4720.0	-0.010938
4730.0	-0.010452
4740.0	-0.006077
4750.0	0.000972
4760.0	0.001945
4770.0	-0.001458
4780.0	0.009479
4790.0	0.009236
4800.0	0.006806
4810.0	0.000729
4820.0	-0.001215
4830.0	0.008507
4840.0	0.00632
4850.0	-0.001215
4860.0	-0.002674
4870.0	-0.007778
4880.0	-0.017257
4890.0	-0.012882
4900.0	-0.008021
4910.0	-0.009236
4920.0	-0.009236
4930.0	-0.010695
4940.0	-0.003889
4950.0	-0.001458
4960.0	-0.002188
4970.0	-0.00632
4980.0	-0.008021
4990.0	-0.012882
5000.0	-0.021633
5010.0	-0.021633
5020.0	-0.024549
5030.0	-0.016285
5040.0	-0.01191
5050.0	-0.015313
5060.0	-0.01191
5070.0	-0.005104
5080.0	0.006563
5090.0	0.012639
5100.0	0.010938
5110.0	0.014341
5120.0	0.012882
5130.0	0.004375
5140.0	0.006077
5150.0	0.002674
5160.0	0.003403
5170.0	0.000486
5180.0	-0.00559
5190.0	0.002431
5200.0	-0.000486
5210.0	-0.004618
5220.0	-0.003403
5230.0	-0.003403
5240.0	0.003646
5250.0	0.007049
5260.0	0.012396
5270.0	0.018473
5280.0	0.017744
5290.0	0.003889
5300.0	0.003889
5310.0	0.003889
5320.0	0.006563
5330.0	0.008021
5340.0	0.012153
5350.0	0.014341
5360.0	0.013855
5370.0	-0.003403
5380.0	-0.007292
5390.0	-0.006563
5400.0	0.001458
5410.0	-0.007535
5420.0	-0.012882
5430.0	-0.019202
5440.0	-0.015313
5450.0	-0.015313
5460.0	-0.017744
5470.0	-0.013125
5480.0	-0.015556
5490.0	-0.014098
5500.0	-0.02066
5510.0	-0.024792
5520.0	-0.020174
5530.0	-0.016042
5540.0	-0.007778
5550.0	-0.010452
5560.0	-0.016528
5570.0	-0.019931
5580.0	-0.020417
5590.0	-0.014827
5600.0	-0.004132
5610.0	-0.008021
5620.0	-0.009723
5630.0	-0.009966
5640.0	-0.002431
5650.0	0.006077
5660.0	-0.001701
5670.0	0.001701
5680.0	0.001215
5690.0	-0.001701
5700.0	0.000729
5710.0	-0.002674
5720.0	-0.010209
5730.0	-0.009236
5740.0	-0.001701
5750.0	-0.001701
5760.0	0.002188
5770.0	0.002188
5780.0	0.00632
5790.0	0.010452
5800.0	0.010452
5810.0	0.019688
5820.0	0.01823
5830.0	0.001701
5840.0	0.001215
5850.0	0.004132
5860.0	0.00316
5870.0	0.010452
5880.0	0.010452
5890.0	0.011181
5900.0	0.005104
5910.0	0.004618
5920.0	-0.001458
5930.0	-0.000729
5940.0	0.004375
5950.0	-0.000243
5960.0	-0.001945
5970.0	-0.009479
5980.0	-0.001701
5990.0	0.001945
6000.0	-0.005834
6010.0	-0.001458
6020.0	-0.002431
6030.0	-0.004375
6040.0	-0.005104
6050.0	0.004375
6060.0	0.004618
6070.0	0.005104
6080.0	0.00632
6090.0	-0.002917
6100.0	-0.000486
6110.0	-0.007292
6120.0	-0.005347
6130.0	0.000243
6140.0	-0.009966
6150.0	-0.00632
6160.0	-0.009479
6170.0	-0.00559
6180.0	-0.006563
6190.0	-0.013368
6200.0	-0.016771
6210.0	-0.017501
6220.0	-0.018716
6230.0	-0.012882
6240.0	-0.00632
6250.0	-0.008264
6260.0	-0.007292
6270.0	-0.004861
6280.0	-0.005834
6290.0	-0.011424
6300.0	-0.008993
6310.0	-0.014341
6320.0	-0.012882
6330.0	-0.018716
6340.0	-0.024549
6350.0	-0.023334
6360.0	-0.028438
6370.0	-0.025522
6380.0	-0.026251
6390.0	-0.020174
6400.0	-0.012153
6410.0	-0.014098
6420.0	-0.014098
6430.0	-0.012396
6440.0	-0.016771
6450.0	-0.015556
6460.0	-0.006077
6470.0	-0.007535
6480.0	-0.012153
6490.0	-0.012153
6500.0	-0.012153
6510.0	-0.012153
6520.0	-0.013855
6530.0	-0.003889
6540.0	-0.007292
6550.0	-0.006563
6560.0	-0.01507
6570.0	-0.013612
6580.0	-0.018716
6590.0	-0.019445
6600.0	-0.016528
6610.0	-0.013612
6620.0	-0.007292
6630.0	-0.01191
6640.0	-0.021147
6650.0	-0.017501
6660.0	-0.010452
6670.0	-0.008264
6680.0	-0.016042
6690.0	-0.017257
6700.0	-0.017987
6710.0	-0.011181
6720.0	-0.008507
6730.0	-0.010452
6740.0	-0.015556
6750.0	-0.012882
6760.0	-0.012639
6770.0	-0.010938
6780.0	-0.018716
6790.0	-0.015799
6800.0	-0.016042
6810.0	-0.015799
6820.0	-0.02382
6830.0	-0.02382
6840.0	-0.018716
6850.0	-0.017257
6860.0	-0.010938
6870.0	-0.004375
6880.0	-0.00559
6890.0	-0.006806
6900.0	-0.00632
6910.0	-0.004618
6920.0	-0.008993
6930.0	-0.015556
6940.0	-0.021147
6950.0	-0.02139
6960.0	-0.02066
6970.0	-0.015799
6980.0	-0.005347
6990.0	-0.002917
7000.0	-0.009479
7010.0	-0.001458
7020.0	-0.007292
7030.0	-0.010209
7040.0	-0.008993
7050.0	-0.005347
7060.0	-0.008993
7070.0	-0.011424
7080.0	-0.011424
7090.0	-0.017501
7100.0	-0.00632
7110.0	0.0
7120.0	-0.00875
7130.0	0.000243
7140.0	0.005347
7150.0	0.010695
7160.0	0.012882
7170.0	0.003646
7180.0	-0.003646
7190.0	-0.007049
7200.0	0.001458
7210.0	0.000486
7220.0	0.001215
7230.0	0.001215
7240.0	-0.002674
7250.0	-0.00632
7260.0	-0.008021
7270.0	-0.011424
7280.0	-0.013368
7290.0	-0.012639
7300.0	-0.005834
7310.0	-0.009236
7320.0	-0.014827
7330.0	-0.019202
7340.0	-0.019202
7350.0	-0.012153
7360.0	-0.01191
7370.0	-0.011181
7380.0	-0.016285
7390.0	-0.016285
7400.0	-0.01191
7410.0	-0.009479
7420.0	-0.011667
7430.0	-0.011667
7440.0	-0.021633
7450.0	-0.01823
7460.0	-0.021876
7470.0	-0.017987
7480.0	-0.014584
7490.0	-0.02382
7500.0	-0.015313
7510.0	-0.004132
7520.0	-0.016285
7530.0	-0.016528
7540.0	-0.011667
7550.0	-0.010452
7560.0	-0.011667
7570.0	-0.010209
7580.0	0.001458
7590.0	0.0
7600.0	0.004132
7610.0	0.012153
7620.0	0.012396
7630.0	0.012396
7640.0	0.015556
7650.0	0.018959
7660.0	0.010938
7670.0	0.000243
7680.0	-0.008507
7690.0	-0.004861
7700.0	-0.001945
7710.0	0.001458
7720.0	0.00316
7730.0	0.004132
7740.0	0.010938
7750.0	0.008021
7760.0	0.001701
7770.0	-0.007292
7780.0	-0.002188
7790.0	-0.000972
7800.0	-0.002188
7810.0	0.004375
7820.0	-0.001215
7830.0	-0.002431
7840.0	0.003889
7850.0	0.003889
7860.0	0.000729
7870.0	0.006806
7880.0	0.006077
7890.0	-0.000972
7900.0	-0.000486
7910.0	0.000243
7920.0	0.000243
7930.0	-0.001215
7940.0	-0.000486
7950.0	-0.008021
7960.0	-0.003889
7970.0	-0.008993
7980.0	0.000729
7990.0	0.005104
8000.0	-0.005104
8010.0	-0.001945
8020.0	-0.003403
8030.0	0.007778
8040.0	0.002917
8050.0	0.00559
8060.0	0.006563
8070.0	0.003403
8080.0	0.004375
8090.0	0.017744
8100.0	0.013368
8110.0	0.008021
8120.0	0.009966
8130.0	0.007535
8140.0	0.007535
8150.0	0.000243
8160.0	0.004132
8170.0	0.00559
8180.0	-0.000486
8190.0	-0.00559
8200.0	-0.000243
8210.0	0.001215
8220.0	-0.001945
8230.0	-0.004618
8240.0	-0.002188
8250.0	-0.004132
8260.0	-0.011667
8270.0	-0.005347
8280.0	-0.006563
8290.0	-0.010695
8300.0	-0.000972
8310.0	0.002674
8320.0	0.006806
8330.0	-0.002431
8340.0	0.000972
8350.0	-0.010209
8360.0	-0.007535
8370.0	-0.013125
8380.0	-0.008507
8390.0	-0.012639
8400.0	-0.013125
8410.0	-0.002917
8420.0	-0.009723
8430.0	-0.012882
8440.0	-0.001701
8450.0	-0.007292
8460.0	0.000486
8470.0	-0.001945
8480.0	-0.011667
8490.0	-0.012153
8500.0	-0.016285
8510.0	-0.013368
8520.0	-0.011181
8530.0	-0.013612
8540.0	-0.011424
8550.0	-0.004618
8560.0	0.000729
8570.0	0.002188
8580.0	0.006077
8590.0	-0.001945
8600.0	-0.004618
8610.0	0.008264
8620.0	-0.002674
8630.0	-0.000972
8640.0	0.010695
8650.0	0.024792
8660.0	0.024792
8670.0	0.025036
8680.0	0.022605
8690.0	0.017014
8700.0	0.001701
8710.0	-0.003889
8720.0	-0.001458
8730.0	-0.00559
8740.0	-0.00559
8750.0	-0.00559
8760.0	-0.007049
8770.0	-0.015556
8780.0	-0.019931
8790.0	-0.014827
8800.0	-0.015556
8810.0	-0.014827
8820.0	-0.010209
8830.0	-0.009966
8840.0	-0.008993
8850.0	-0.008993
8860.0	-0.012396
8870.0	-0.004375
8880.0	0.001215
8890.0	0.006806
8900.0	-0.004375
8910.0	-0.004375
8920.0	-0.005834
8930.0	0.001945
8940.0	-0.001215
8950.0	-0.004618
8960.0	-0.000972
8970.0	0.010938
8980.0	0.010938
8990.0	0.016042
9000.0	0.022848
9010.0	0.028438
9020.0	0.020174
9030.0	0.014584
9040.0	0.00559
9050.0	0.017257
9060.0	0.018473
9070.0	0.019445
9080.0	0.017257
9090.0	0.012396
9100.0	0.023091
9110.0	0.019202
9120.0	0.010452
9130.0	0.013855
9140.0	0.010938
9150.0	0.00875
9160.0	0.010209
9170.0	0.000486
9180.0	-0.001215
9190.0	-0.003889
9200.0	0.0
9210.0	-0.004375
9220.0	-0.004375
9230.0	-0.005104
9240.0	-0.003403
9250.0	-0.005834
9260.0	-0.007292
9270.0	-0.005104
9280.0	0.006077
9290.0	0.016285
9300.0	0.012153
9310.0	0.007049
9320.0	0.007535
9330.0	0.010209
9340.0	0.013855
9350.0	0.010452
9360.0	0.003403
9370.0	-0.002188
9380.0	-0.016771
9390.0	-0.016042
9400.0	-0.016528
9410.0	-0.008021
9420.0	-0.005347
9430.0	-0.008021
9440.0	-0.008021
9450.0	-0.009479
9460.0	-0.012639
9470.0	-0.009479
9480.0	-0.014098
9490.0	-0.008264
9500.0	-0.008021
9510.0	-0.010938
9520.0	-0.00875
9530.0	-0.010695
9540.0	0.000972
9550.0	0.002188
9560.0	0.008021
9570.0	0.009236
9580.0	0.009236
9590.0	0.004132
9600.0	0.00559
9610.0	0.007778
9620.0	0.000729
9630.0	-0.009723
9640.0	-0.015556
9650.0	-0.029411
9660.0	-0.018959
9670.0	-0.009966
9680.0	-0.00316
9690.0	-0.008021
9700.0	-0.008264
9710.0	-0.005104
9720.0	-0.010938
9730.0	-0.018959
9740.0	-0.018959
9750.0	-0.015799
9760.0	-0.007049
9770.0	-0.007049
9780.0	-0.007049
9790.0	-0.008264
9800.0	-0.012882
9810.0	-0.012882
9820.0	-0.012639
9830.0	-0.012882
9840.0	-0.009236
9850.0	-0.002674
9860.0	-0.007778
9870.0	-0.011424
9880.0	-0.01507
9890.0	-0.002674
9900.0	-0.00632
9910.0	-0.010452
9920.0	-0.011181
9930.0	-0.004618
9940.0	-0.014584
9950.0	-0.002917
9960.0	-0.006077
9970.0	-0.003646
9980.0	-0.000486
9990.0	-0.000486
10000.0	0.001458
10010.0	0.0
10020.0	0.014341
10030.0	0.009966
10040.0	0.014098
10050.0	0.010938
10060.0	0.010452
10070.0	0.011424
10080.0	0.008993
10090.0	0.006806
10100.0	0.004375
10110.0	-0.003646
10120.0	-0.007292
10130.0	-0.011667
10140.0	0.002188
10150.0	0.009236
10160.0	-0.001215
10170.0	0.001945
10180.0	0.0
10190.0	0.015799
10200.0	0.013612
10210.0	0.008507
10220.0	0.009723
10230.0	0.00316
10240.0	0.00875
10250.0	0.004618
10260.0	0.00559
10270.0	0.005834
10280.0	0.01507
10290.0	0.012882
10300.0	0.024063
10310.0	0.023091
10320.0	0.027223
10330.0	0.024306
10340.0	0.013855
10350.0	0.010209
10360.0	0.008993
10370.0	0.002674
10380.0	0.002674
10390.0	0.007049
10400.0	0.006563
10410.0	-0.005347
10420.0	0.000729
10430.0	0.002188
10440.0	-0.007535
10450.0	-0.006806
10460.0	-0.005104
10470.0	-0.002674
10480.0	-0.000729
10490.0	0.002917
10500.0	0.005347
10510.0	0.012882
10520.0	0.013855
10530.0	0.024792
10540.0	0.010452
10550.0	0.020417
10560.0	0.024306
10570.0	0.023577
10580.0	0.008507
10590.0	-0.001215
10600.0	-0.006077
10610.0	0.01823
10620.0	0.027223
10630.0	0.024792
10640.0	0.030869
10650.0	0.025522
10660.0	0.024063
10670.0	0.028195
10680.0	0.024063
10690.0	0.03014
10700.0	0.027223
10710.0	0.030626
10720.0	0.023577
10730.0	0.027952
10740.0	0.027709
10750.0	0.022848
10760.0	0.016528
10770.0	0.010938
10780.0	0.000243
10790.0	-0.005104
10800.0	-0.005834
10810.0	-0.007778
10820.0	-0.009479
10830.0	-0.003889
10840.0	-0.008993
10850.0	0.001701
10860.0	0.005834
10870.0	0.010209
10880.0	0.012396
10890.0	0.017014
10900.0	0.021147
10910.0	0.010452
10920.0	-0.000486
10930.0	-0.000729
10940.0	0.005347
10950.0	0.012882
10960.0	0.013612
10970.0	0.015313
10980.0	0.016042
10990.0	0.014584
11000.0	0.007292
11010.0	0.000729
11020.0	0.005834
11030.0	0.000729
11040.0	-0.003646
11050.0	0.001945
11060.0	0.01507
11070.0	0.009966
11080.0	0.002431
11090.0	0.00632
11100.0	0.00632
11110.0	0.0
11120.0	0.000243
11130.0	0.000486
11140.0	-0.002917
11150.0	-0.00316
11160.0	-0.00316
11170.0	-0.005104
11180.0	-0.002917
11190.0	-0.00559
11200.0	-0.001458
11210.0	-0.000729
11220.0	-0.002917
11230.0	-0.005104
11240.0	-0.001701
11250.0	-0.000243
11260.0	-0.002674
11270.0	0.000729
11280.0	0.000729
11290.0	0.006077
11300.0	0.006077
11310.0	0.009479
11320.0	0.009479
11330.0	0.009723
11340.0	0.013855
11350.0	0.013125
11360.0	0.01191
11370.0	0.018716
11380.0	0.02139
11390.0	0.020417
11400.0	0.02066
11410.0	0.008264
11420.0	0.007535
11430.0	0.007535
11440.0	0.008021
11450.0	0.004618
11460.0	0.014098
11470.0	0.016042
11480.0	0.025279
11490.0	0.017987
11500.0	0.017257
11510.0	0.005834
11520.0	0.001215
11530.0	0.001701
11540.0	-0.00875
11550.0	0.0
11560.0	-0.005104
11570.0	0.000729
11580.0	0.00632
11590.0	0.015556
11600.0	0.019202
11610.0	0.012396
11620.0	0.013612
11630.0	0.016285
11640.0	0.01191
11650.0	0.011181
11660.0	0.003403
11670.0	-0.000486
11680.0	0.00632
11690.0	0.006806
11700.0	0.010452
11710.0	0.010452
11720.0	-0.001215
11730.0	-0.000243
11740.0	-0.003646
11750.0	0.001945
11760.0	0.010209
11770.0	-0.007535
11780.0	-0.009723
11790.0	-0.020417
11800.0	-0.015556
11810.0	-0.016528
11820.0	-0.012882
11830.0	0.002674
11840.0	0.012882
11850.0	0.007778
11860.0	0.017014
11870.0	0.014827
11880.0	0.009723
11890.0	0.004375
11900.0	0.004132
11910.0	0.003646
11920.0	-0.000729
11930.0	0.000486
11940.0	-0.007049
11950.0	-0.00559
11960.0	-0.006563
11970.0	-0.002431
11980.0	-0.001458
11990.0	0.0
12000.0	0.010695
12010.0	0.00559
12020.0	0.005104
12030.0	0.012882
12040.0	0.015799
12050.0	0.009966
12060.0	0.012639
12070.0	0.015799
12080.0	0.015799
12090.0	0.026737
12100.0	0.01823
12110.0	0.013368
12120.0	0.013125
12130.0	0.013855
12140.0	0.016771
12150.0	0.004861
12160.0	0.008264
12170.0	0.01823
12180.0	0.017744
12190.0	0.022119
12200.0	0.023091
12210.0	0.017501
12220.0	0.027466
12230.0	0.027709
12240.0	0.022848
12250.0	0.016771
12260.0	0.02139
12270.0	0.007292
12280.0	0.001458
12290.0	-0.002917
12300.0	0.002188
12310.0	0.002917
12320.0	0.004861
12330.0	0.000972
12340.0	0.001458
12350.0	-0.004618
12360.0	-0.001215
12370.0	0.001458
12380.0	0.000486
12390.0	-0.004618
12400.0	-0.012882
12410.0	-0.007049
12420.0	0.002917
12430.0	-0.001701
12440.0	0.011424
12450.0	0.011424
12460.0	0.012639
12470.0	0.011424
12480.0	0.012396
12490.0	0.006806
12500.0	0.006077
12510.0	-0.000729
12520.0	0.002431
12530.0	0.006077
12540.0	0.006077
12550.0	0.006563
12560.0	0.007778
12570.0	0.003646
12580.0	0.003403
12590.0	0.009479
12600.0	-0.004375
12610.0	-0.014341
12620.0	-0.021876
12630.0	-0.017257
12640.0	-0.017257
12650.0	-0.002188
12660.0	-0.002188
12670.0	-0.004861
12680.0	0.001215
12690.0	0.004132
12700.0	0.006077
12710.0	-0.006077
12720.0	-0.010209
12730.0	-0.002917
12740.0	-0.008264
12750.0	-0.006077
12760.0	-0.002917
12770.0	-0.005347
12780.0	-0.001458
12790.0	-0.005104
12800.0	-0.006563
12810.0	-0.017257
12820.0	-0.022119
12830.0	-0.006077
12840.0	-0.016771
12850.0	-0.015313
12860.0	-0.008264
12870.0	-0.016285
12880.0	-0.014098
12890.0	-0.011181
12900.0	-0.002431
12910.0	0.000972
12920.0	0.009236
12930.0	0.006563
12940.0	0.012639
12950.0	0.007778
12960.0	0.00875
12970.0	0.005347
12980.0	0.017744
12990.0	0.006806
13000.0	0.008021
13010.0	0.009479
13020.0	0.006077
13030.0	0.002674
13040.0	-0.004861
13050.0	-0.001701
13060.0	-0.001701
13070.0	-0.006077
13080.0	-0.010209
13090.0	-0.016528
13100.0	-0.015799
13110.0	-0.022848
13120.0	-0.016771
13130.0	-0.013855
13140.0	0.000972
13150.0	0.005104
13160.0	0.010695
13170.0	0.03014
13180.0	0.029654
13190.0	0.02382
13200.0	0.025036
13210.0	0.023577
13220.0	0.019688
13230.0	0.013125
13240.0	0.012882
13250.0	0.001945
13260.0	0.007292
13270.0	0.00316
13280.0	0.007049
13290.0	0.009236
13300.0	0.011667
13310.0	0.005834
13320.0	0.00559
13330.0	0.006806
13340.0	0.011424
13350.0	0.011667
13360.0	0.009236
13370.0	0.013612
13380.0	0.005104
13390.0	0.010938
13400.0	0.015799
13410.0	0.016528
13420.0	0.010209
13430.0	0.011424
13440.0	0.017501
13450.0	0.014827
13460.0	0.007535
13470.0	0.002431
13480.0	0.010452
13490.0	0.007535
13500.0	0.007292
13510.0	0.013368
13520.0	0.017987
13530.0	0.001458
13540.0	0.005347
13550.0	0.022605
13560.0	0.022605
13570.0	0.01507
13580.0	0.012639
13590.0	-0.001215
13600.0	-0.003889
13610.0	-0.009966
13620.0	-0.00559
13630.0	-0.002674
13640.0	0.004132
13650.0	0.009966
13660.0	0.010209
13670.0	0.002917
13680.0	0.001945
13690.0	0.001458
13700.0	0.001458
13710.0	0.00316
13720.0	-0.001458
13730.0	0.006563
13740.0	0.007535
13750.0	0.012153
13760.0	0.010695
13770.0	0.006077
13780.0	-0.000243
13790.0	-0.002188
13800.0	-0.005104
13810.0	0.001458
13820.0	-0.003646
13830.0	-0.001458
13840.0	0.000486
13850.0	-0.003646
13860.0	0.005834
13870.0	0.006563
13880.0	0.007049
13890.0	0.008264
13900.0	0.004861
13910.0	-0.006806
13920.0	-0.008264
13930.0	-0.008021
13940.0	-0.005104
13950.0	-0.005104
13960.0	0.002674
13970.0	-0.006806
13980.0	-0.004861
13990.0	-0.003403
14000.0	-0.000243
14010.0	-0.005104
14020.0	-0.003403
14030.0	-0.009723
14040.0	-0.004618
14050.0	-0.007778
14060.0	-0.010209
14070.0	-0.014584
14080.0	-0.020903
14090.0	-0.020174
14100.0	-0.016285
14110.0	-0.014827
14120.0	-0.020903
14130.0	-0.011667
14140.0	-0.004375
14150.0	-0.003403
14160.0	0.005834
14170.0	0.003889
14180.0	-0.004861
14190.0	-0.006563
14200.0	-0.003403
14210.0	-0.009236
14220.0	-0.008021
14230.0	-0.014341
14240.0	-0.012882
14250.0	-0.010452
14260.0	-0.007778
14270.0	-0.002674
14280.0	-0.007049
14290.0	-0.007049
14300.0	0.004132
14310.0	0.009479
14320.0	0.009479

&

10.0	0.0
20.0	0.000116
30.0	0.000256
40.0	0.000361
50.0	0.000465
60.0	0.000407
70.0	0.00057
80.0	0.00057
90.0	0.00057
100.0	0.000431
110.0	0.000593
120.0	0.000675
130.0	0.000675
140.0	0.000838
150.0	0.000908
160.0	0.000838
170.0	0.000977
180.0	0.000977
190.0	0.000989
200.0	0.001047
210.0	0.000989
220.0	0.000989
230.0	0.001036
240.0	0.001117
250.0	0.001233
260.0	0.00128
270.0	0.001292
280.0	0.001408
290.0	0.001396
300.0	0.001571
310.0	0.001629
320.0	0.001815
330.0	0.001792
340.0	0.001792
350.0	0.001792
360.0	0.001769
370.0	0.001699
380.0	0.001745
390.0	0.001606
400.0	0.001501
410.0	0.001803
420.0	0.00199
430.0	0.002013
440.0	0.00178
450.0	0.001838
460.0	0.002059
470.0	0.002211
480.0	0.002467
490.0	0.002467
500.0	0.002467
510.0	0.002467
520.0	0.002467
530.0	0.002467
540.0	0.002525
550.0	0.002397
560.0	0.00235
570.0	0.002222
580.0	0.002537
590.0	0.002537
600.0	0.002699
610.0	0.00256
620.0	0.002641
630.0	0.002595
640.0	0.002455
650.0	0.002443
660.0	0.002606
670.0	0.002502
680.0	0.002525
690.0	0.002781
700.0	0.002921
710.0	0.002921
720.0	0.002909
730.0	0.002699
740.0	0.002781
750.0	0.002432
760.0	0.002839
770.0	0.002839
780.0	0.002839
790.0	0.002897
800.0	0.002979
810.0	0.003014
820.0	0.003235
830.0	0.003188
840.0	0.003095
850.0	0.003048
860.0	0.002967
870.0	0.003014
880.0	0.003153
890.0	0.0032
900.0	0.00299
910.0	0.003037
920.0	0.003083
930.0	0.003223
940.0	0.003351
950.0	0.003316
960.0	0.003316
970.0	0.003142
980.0	0.002921
990.0	0.003025
1000.0	0.003107
1010.0	0.003153
1020.0	0.00299
1030.0	0.003316
1040.0	0.003572
1050.0	0.003386
1060.0	0.003432
1070.0	0.003456
1080.0	0.00363
1090.0	0.003409
1100.0	0.003176
1110.0	0.003502
1120.0	0.003363
1130.0	0.003549
1140.0	0.003363
1150.0	0.003176
1160.0	0.003328
1170.0	0.003491
1180.0	0.003165
1190.0	0.003165
1200.0	0.003211
1210.0	0.003281
1220.0	0.003246
1230.0	0.00313
1240.0	0.003107
1250.0	0.003304
1260.0	0.0032
1270.0	0.003386
1280.0	0.003316
1290.0	0.003386
1300.0	0.003142
1310.0	0.003118
1320.0	0.003118
1330.0	0.003118
1340.0	0.003107
1350.0	0.003072
1360.0	0.003048
1370.0	0.00313
1380.0	0.003235
1390.0	0.003223
1400.0	0.003258
1410.0	0.003339
1420.0	0.003432
1430.0	0.003595
1440.0	0.003677
1450.0	0.003677
1460.0	0.003979
1470.0	0.004165
1480.0	0.004061
1490.0	0.004119
1500.0	0.004177
1510.0	0.004084
1520.0	0.004177
1530.0	0.004177
1540.0	0.004026
1550.0	0.004061
1560.0	0.00427
1570.0	0.004561
1580.0	0.004724
1590.0	0.004549
1600.0	0.004375
1610.0	0.004375
1620.0	0.004375
1630.0	0.004456
1640.0	0.004677
1650.0	0.004456
1660.0	0.004538
1670.0	0.004666
1680.0	0.004759
1690.0	0.004677
1700.0	0.004701
1710.0	0.004829
1720.0	0.004375
1730.0	0.004154
1740.0	0.004131
1750.0	0.004247
1760.0	0.004084
1770.0	0.003991
1780.0	0.0037
1790.0	0.003456
1800.0	0.003363
1810.0	0.003409
1820.0	0.003642
1830.0	0.003351
1840.0	0.003537
1850.0	0.003805
1860.0	0.003235
1870.0	0.003281
1880.0	0.003304
1890.0	0.003526
1900.0	0.003374
1910.0	0.003281
1920.0	0.003467
1930.0	0.003374
1940.0	0.003816
1950.0	0.003782
1960.0	0.003735
1970.0	0.003677
1980.0	0.003688
1990.0	0.003793
2000.0	0.003944
2010.0	0.00377
2020.0	0.003921
2030.0	0.003968
2040.0	0.004014
2050.0	0.004293
2060.0	0.004131
2070.0	0.0042
2080.0	0.00391
2090.0	0.003921
2100.0	0.003491
2110.0	0.003432
2120.0	0.0037
2130.0	0.003654
2140.0	0.003654
2150.0	0.003654
2160.0	0.003723
2170.0	0.003398
2180.0	0.003584
2190.0	0.0037
2200.0	0.003735
2210.0	0.003805
2220.0	0.003828
2230.0	0.003735
2240.0	0.003828
2250.0	0.003851
2260.0	0.003723
2270.0	0.00363
2280.0	0.003537
2290.0	0.003514
2300.0	0.00356
2310.0	0.003735
2320.0	0.003712
2330.0	0.003782
2340.0	0.00384
2350.0	0.00384
2360.0	0.004003
2370.0	0.003979
2380.0	0.003875
2390.0	0.004014
2400.0	0.003851
2410.0	0.003851
2420.0	0.003409
2430.0	0.003584
2440.0	0.003304
2450.0	0.003584
2460.0	0.0037
2470.0	0.0037
2480.0	0.003432
2490.0	0.003584
2500.0	0.003444
2510.0	0.003595
2520.0	0.003514
2530.0	0.003421
2540.0	0.003316
2550.0	0.003456
2560.0	0.003456
2570.0	0.003444
2580.0	0.003432
2590.0	0.003176
2600.0	0.002979
2610.0	0.002793
2620.0	0.002979
2630.0	0.00306
2640.0	0.003398
2650.0	0.003374
2660.0	0.003409
2670.0	0.003467
2680.0	0.003688
2690.0	0.003735
2700.0	0.003782
2710.0	0.004038
2720.0	0.004038
2730.0	0.004026
2740.0	0.003933
2750.0	0.00384
2760.0	0.003793
2770.0	0.003665
2780.0	0.003863
2790.0	0.003944
2800.0	0.003933
2810.0	0.003933
2820.0	0.003933
2830.0	0.003816
2840.0	0.004352
2850.0	0.004096
2860.0	0.004003
2870.0	0.003956
2880.0	0.003956
2890.0	0.004084
2900.0	0.004107
2910.0	0.004235
2920.0	0.004387
2930.0	0.004038
2940.0	0.003944
2950.0	0.003991
2960.0	0.003991
2970.0	0.003921
2980.0	0.004084
2990.0	0.004317
3000.0	0.004317
3010.0	0.004398
3020.0	0.003875
3030.0	0.003723
3040.0	0.003688
3050.0	0.003479
3060.0	0.003456
3070.0	0.003526
3080.0	0.003246
3090.0	0.003316
3100.0	0.003142
3110.0	0.003025
3120.0	0.00299
3130.0	0.003095
3140.0	0.003048
3150.0	0.002921
3160.0	0.002816
3170.0	0.002688
3180.0	0.002851
3190.0	0.002769
3200.0	0.002839
3210.0	0.003142
3220.0	0.003258
3230.0	0.00306
3240.0	0.003025
3250.0	0.002955
3260.0	0.002723
3270.0	0.003002
3280.0	0.002839
3290.0	0.003048
3300.0	0.003142
3310.0	0.003223
3320.0	0.00313
3330.0	0.00299
3340.0	0.003188
3350.0	0.003165
3360.0	0.003619
3370.0	0.003607
3380.0	0.003677
3390.0	0.003619
3400.0	0.003979
3410.0	0.004061
3420.0	0.004003
3430.0	0.003898
3440.0	0.003723
3450.0	0.003723
3460.0	0.003747
3470.0	0.003816
3480.0	0.00384
3490.0	0.003758
3500.0	0.003758
3510.0	0.003467
3520.0	0.003421
3530.0	0.003188
3540.0	0.003258
3550.0	0.003456
3560.0	0.00356
3570.0	0.003514
3580.0	0.003537
3590.0	0.003456
3600.0	0.003456
3610.0	0.003491
3620.0	0.003607
3630.0	0.003409
3640.0	0.003211
3650.0	0.003316
3660.0	0.003316
3670.0	0.003363
3680.0	0.003339
3690.0	0.003479
3700.0	0.003607
3710.0	0.003595
3720.0	0.003642
3730.0	0.003968
3740.0	0.004235
3750.0	0.004177
3760.0	0.004049
3770.0	0.004165
3780.0	0.004212
3790.0	0.004363
3800.0	0.00427
3810.0	0.004421
3820.0	0.004212
3830.0	0.00391
3840.0	0.003828
3850.0	0.003688
3860.0	0.003537
3870.0	0.003432
3880.0	0.003572
3890.0	0.003654
3900.0	0.003677
3910.0	0.0037
3920.0	0.003898
3930.0	0.003595
3940.0	0.003723
3950.0	0.003816
3960.0	0.0037
3970.0	0.003805
3980.0	0.003991
3990.0	0.003944
4000.0	0.004084
4010.0	0.004049
4020.0	0.004072
4030.0	0.004165
4040.0	0.004014
4050.0	0.00434
4060.0	0.004212
4070.0	0.004456
4080.0	0.004165
4090.0	0.004305
4100.0	0.004131
4110.0	0.004305
4120.0	0.004259
4130.0	0.004421
4140.0	0.004421
4150.0	0.004177
4160.0	0.004608
4170.0	0.004352
4180.0	0.004421
4190.0	0.004736
4200.0	0.004747
4210.0	0.004631
4220.0	0.004677
4230.0	0.004712
4240.0	0.004561
4250.0	0.004724
4260.0	0.004538
4270.0	0.004352
4280.0	0.004398
4290.0	0.003886
4300.0	0.003898
4310.0	0.003944
4320.0	0.003863
4330.0	0.003933
4340.0	0.004026
4350.0	0.004049
4360.0	0.003898
4370.0	0.003851
4380.0	0.003933
4390.0	0.003805
4400.0	0.00356
4410.0	0.003642
4420.0	0.003398
4430.0	0.003793
4440.0	0.003549
4450.0	0.003584
4460.0	0.003432
4470.0	0.003153
4480.0	0.0032
4490.0	0.003107
4500.0	0.003095
4510.0	0.003142
4520.0	0.003142
4530.0	0.003118
4540.0	0.003316
4550.0	0.002979
4560.0	0.003211
4570.0	0.003246
4580.0	0.003235
4590.0	0.003281
4600.0	0.003537
4610.0	0.003537
4620.0	0.00327
4630.0	0.003095
4640.0	0.002886
4650.0	0.002886
4660.0	0.003118
4670.0	0.003165
4680.0	0.003107
4690.0	0.003107
4700.0	0.003153
4710.0	0.003188
4720.0	0.003176
4730.0	0.003072
4740.0	0.003304
4750.0	0.003456
4760.0	0.003619
4770.0	0.003654
4780.0	0.003863
4790.0	0.003572
4800.0	0.003991
4810.0	0.003898
4820.0	0.003816
4830.0	0.00377
4840.0	0.003491
4850.0	0.003572
4860.0	0.003607
4870.0	0.003747
4880.0	0.00391
4890.0	0.004142
4900.0	0.004107
4910.0	0.004107
4920.0	0.004107
4930.0	0.004282
4940.0	0.004026
4950.0	0.004119
4960.0	0.004165
4970.0	0.004235
4980.0	0.004026
4990.0	0.003956
5000.0	0.004154
5010.0	0.004026
5020.0	0.004491
5030.0	0.004084
5040.0	0.004096
5050.0	0.004398
5060.0	0.004387
5070.0	0.004398
5080.0	0.004189
5090.0	0.004387
5100.0	0.004003
5110.0	0.004247
5120.0	0.004212
5130.0	0.004293
5140.0	0.004259
5150.0	0.004177
5160.0	0.004293
5170.0	0.00448
5180.0	0.004398
5190.0	0.004515
5200.0	0.00441
5210.0	0.004398
5220.0	0.00434
5230.0	0.00434
5240.0	0.004468
5250.0	0.004549
5260.0	0.004445
5270.0	0.004573
5280.0	0.004421
5290.0	0.004747
5300.0	0.004747
5310.0	0.004747
5320.0	0.004573
5330.0	0.004328
5340.0	0.004328
5350.0	0.004747
5360.0	0.004747
5370.0	0.004584
5380.0	0.004771
5390.0	0.004805
5400.0	0.004945
5410.0	0.004701
5420.0	0.004875
5430.0	0.004701
5440.0	0.004794
5450.0	0.004771
5460.0	0.004759
5470.0	0.004596
5480.0	0.00498
5490.0	0.004701
5500.0	0.004689
5510.0	0.004782
5520.0	0.004619
5530.0	0.004712
5540.0	0.004794
5550.0	0.00484
5560.0	0.004945
5570.0	0.004922
5580.0	0.004724
5590.0	0.004852
5600.0	0.004724
5610.0	0.004922
5620.0	0.004805
5630.0	0.004992
5640.0	0.00512
5650.0	0.005085
5660.0	0.005387
5670.0	0.005189
5680.0	0.005248
5690.0	0.00491
5700.0	0.004852
5710.0	0.00491
5720.0	0.004782
5730.0	0.004968
5740.0	0.004957
5750.0	0.004957
5760.0	0.004852
5770.0	0.004945
5780.0	0.004794
5790.0	0.004573
5800.0	0.004573
5810.0	0.004666
5820.0	0.00391
5830.0	0.003886
5840.0	0.003933
5850.0	0.00384
5860.0	0.003793
5870.0	0.003374
5880.0	0.003374
5890.0	0.003549
5900.0	0.003595
5910.0	0.003654
5920.0	0.003758
5930.0	0.00377
5940.0	0.003851
5950.0	0.004038
5960.0	0.004014
5970.0	0.004131
5980.0	0.004084
5990.0	0.004026
6000.0	0.003968
6010.0	0.003828
6020.0	0.004061
6030.0	0.004107
6040.0	0.004177
6050.0	0.004352
6060.0	0.004293
6070.0	0.00448
6080.0	0.004224
6090.0	0.003642
6100.0	0.004096
6110.0	0.004096
6120.0	0.004049
6130.0	0.003863
6140.0	0.003921
6150.0	0.003875
6160.0	0.003479
6170.0	0.00356
6180.0	0.0032
6190.0	0.003246
6200.0	0.003467
6210.0	0.003048
6220.0	0.003025
6230.0	0.00306
6240.0	0.002944
6250.0	0.002862
6260.0	0.002862
6270.0	0.002921
6280.0	0.003002
6290.0	0.003118
6300.0	0.003037
6310.0	0.003176
6320.0	0.003223
6330.0	0.003339
6340.0	0.00306
6350.0	0.003014
6360.0	0.00299
6370.0	0.00299
6380.0	0.00299
6390.0	0.002967
6400.0	0.002851
6410.0	0.00299
6420.0	0.00299
6430.0	0.002862
6440.0	0.003025
6450.0	0.003083
6460.0	0.003048
6470.0	0.00313
6480.0	0.00306
6490.0	0.00306
6500.0	0.00306
6510.0	0.00306
6520.0	0.002909
6530.0	0.002955
6540.0	0.002944
6550.0	0.002967
6560.0	0.003118
6570.0	0.003002
6580.0	0.003025
6590.0	0.003339
6600.0	0.00356
6610.0	0.003723
6620.0	0.003677
6630.0	0.004096
6640.0	0.003956
6650.0	0.003851
6660.0	0.003921
6670.0	0.003979
6680.0	0.004142
6690.0	0.004142
6700.0	0.004131
6710.0	0.004247
6720.0	0.004189
6730.0	0.004189
6740.0	0.004445
6750.0	0.004538
6760.0	0.004293
6770.0	0.004654
6780.0	0.004468
6790.0	0.004526
6800.0	0.004398
6810.0	0.00427
6820.0	0.004224
6830.0	0.004491
6840.0	0.004445
6850.0	0.004096
6860.0	0.003863
6870.0	0.003758
6880.0	0.003991
6890.0	0.00327
6900.0	0.003479
6910.0	0.003386
6920.0	0.003444
6930.0	0.00356
6940.0	0.003886
6950.0	0.003816
6960.0	0.003863
6970.0	0.00377
6980.0	0.003979
6990.0	0.003921
7000.0	0.003968
7010.0	0.003979
7020.0	0.003758
7030.0	0.003712
7040.0	0.003956
7050.0	0.003979
7060.0	0.003875
7070.0	0.004049
7080.0	0.004049
7090.0	0.003898
7100.0	0.003479
7110.0	0.003444
7120.0	0.003339
7130.0	0.003211
7140.0	0.003316
7150.0	0.00327
7160.0	0.003619
7170.0	0.003444
7180.0	0.003456
7190.0	0.003619
7200.0	0.003398
7210.0	0.003688
7220.0	0.003723
7230.0	0.003723
7240.0	0.003875
7250.0	0.00391
7260.0	0.003816
7270.0	0.003805
7280.0	0.003921
7290.0	0.003991
7300.0	0.003816
7310.0	0.003665
7320.0	0.00377
7330.0	0.003712
7340.0	0.003677
7350.0	0.003572
7360.0	0.003642
7370.0	0.00356
7380.0	0.003479
7390.0	0.003479
7400.0	0.003526
7410.0	0.003363
7420.0	0.003432
7430.0	0.003432
7440.0	0.003293
7450.0	0.003572
7460.0	0.003526
7470.0	0.003479
7480.0	0.003444
7490.0	0.003793
7500.0	0.003816
7510.0	0.003467
7520.0	0.003526
7530.0	0.003374
7540.0	0.003153
7550.0	0.003235
7560.0	0.003293
7570.0	0.003246
7580.0	0.003456
7590.0	0.003502
7600.0	0.003409
7610.0	0.003304
7620.0	0.003537
7630.0	0.003537
7640.0	0.003514
7650.0	0.003386
7660.0	0.003246
7670.0	0.003421
7680.0	0.00313
7690.0	0.0032
7700.0	0.003014
7710.0	0.003176
7720.0	0.002909
7730.0	0.002967
7740.0	0.002548
7750.0	0.002944
7760.0	0.002781
7770.0	0.00256
7780.0	0.002606
7790.0	0.002537
7800.0	0.00242
7810.0	0.002385
7820.0	0.002246
7830.0	0.00235
7840.0	0.002257
7850.0	0.002513
7860.0	0.002502
7870.0	0.002443
7880.0	0.002618
7890.0	0.002839
7900.0	0.002804
7910.0	0.002897
7920.0	0.002897
7930.0	0.002839
7940.0	0.002781
7950.0	0.002909
7960.0	0.002781
7970.0	0.002723
7980.0	0.002886
7990.0	0.002874
8000.0	0.00299
8010.0	0.003165
8020.0	0.00299
8030.0	0.003281
8040.0	0.003095
8050.0	0.003188
8060.0	0.003235
8070.0	0.003351
8080.0	0.003363
8090.0	0.003142
8100.0	0.003188
8110.0	0.003188
8120.0	0.003584
8130.0	0.003584
8140.0	0.003584
8150.0	0.003584
8160.0	0.003607
8170.0	0.003421
8180.0	0.003502
8190.0	0.003537
8200.0	0.003549
8210.0	0.003723
8220.0	0.003584
8230.0	0.003758
8240.0	0.003723
8250.0	0.003491
8260.0	0.003665
8270.0	0.003467
8280.0	0.003863
8290.0	0.003944
8300.0	0.003851
8310.0	0.003782
8320.0	0.003758
8330.0	0.003886
8340.0	0.004503
8350.0	0.004666
8360.0	0.004677
8370.0	0.004829
8380.0	0.004922
8390.0	0.004922
8400.0	0.005085
8410.0	0.004933
8420.0	0.004968
8430.0	0.00484
8440.0	0.004654
8450.0	0.004957
8460.0	0.004631
8470.0	0.004503
8480.0	0.004503
8490.0	0.004468
8500.0	0.004561
8510.0	0.004375
8520.0	0.004375
8530.0	0.004072
8540.0	0.003991
8550.0	0.003723
8560.0	0.004014
8570.0	0.004107
8580.0	0.003851
8590.0	0.003921
8600.0	0.003875
8610.0	0.003584
8620.0	0.003851
8630.0	0.003572
8640.0	0.003723
8650.0	0.003654
8660.0	0.003549
8670.0	0.003526
8680.0	0.003595
8690.0	0.00356
8700.0	0.00356
8710.0	0.003514
8720.0	0.003409
8730.0	0.003363
8740.0	0.003514
8750.0	0.003514
8760.0	0.003514
8770.0	0.003584
8780.0	0.003619
8790.0	0.003514
8800.0	0.003293
8810.0	0.003363
8820.0	0.003526
8830.0	0.00356
8840.0	0.00391
8850.0	0.003828
8860.0	0.003816
8870.0	0.003595
8880.0	0.003339
8890.0	0.003351
8900.0	0.003688
8910.0	0.003688
8920.0	0.003386
8930.0	0.003083
8940.0	0.00356
8950.0	0.003526
8960.0	0.003665
8970.0	0.003328
8980.0	0.003549
8990.0	0.003619
9000.0	0.003654
9010.0	0.003572
9020.0	0.003537
9030.0	0.003293
9040.0	0.003339
9050.0	0.003444
9060.0	0.003537
9070.0	0.003398
9080.0	0.003142
9090.0	0.003444
9100.0	0.003409
9110.0	0.003537
9120.0	0.003118
9130.0	0.003118
9140.0	0.002921
9150.0	0.00306
9160.0	0.00313
9170.0	0.003223
9180.0	0.003188
9190.0	0.003211
9200.0	0.003328
9210.0	0.003316
9220.0	0.003316
9230.0	0.003176
9240.0	0.003188
9250.0	0.00313
9260.0	0.003083
9270.0	0.003002
9280.0	0.003142
9290.0	0.003456
9300.0	0.003607
9310.0	0.003526
9320.0	0.00313
9330.0	0.0032
9340.0	0.003456
9350.0	0.003444
9360.0	0.0032
9370.0	0.002979
9380.0	0.003025
9390.0	0.003293
9400.0	0.003072
9410.0	0.003188
9420.0	0.003176
9430.0	0.003107
9440.0	0.003107
9450.0	0.003072
9460.0	0.003211
9470.0	0.003072
9480.0	0.003002
9490.0	0.002967
9500.0	0.002758
9510.0	0.002734
9520.0	0.002653
9530.0	0.002723
9540.0	0.002862
9550.0	0.003188
9560.0	0.003188
9570.0	0.003444
9580.0	0.003444
9590.0	0.003363
9600.0	0.003386
9610.0	0.003409
9620.0	0.00299
9630.0	0.003176
9640.0	0.00327
9650.0	0.003526
9660.0	0.003619
9670.0	0.003688
9680.0	0.003467
9690.0	0.003095
9700.0	0.003246
9710.0	0.003211
9720.0	0.003211
9730.0	0.003246
9740.0	0.003246
9750.0	0.003339
9760.0	0.003107
9770.0	0.003107
9780.0	0.003107
9790.0	0.003514
9800.0	0.003747
9810.0	0.00384
9820.0	0.00391
9830.0	0.003665
9840.0	0.003526
9850.0	0.003304
9860.0	0.003351
9870.0	0.003595
9880.0	0.003607
9890.0	0.003793
9900.0	0.004247
9910.0	0.004305
9920.0	0.004363
9930.0	0.00434
9940.0	0.004119
9950.0	0.004573
9960.0	0.004736
9970.0	0.004456
9980.0	0.004456
9990.0	0.004456
10000.0	0.004456
10010.0	0.004317
10020.0	0.004293
10030.0	0.004119
10040.0	0.004654
10050.0	0.004619
10060.0	0.004165
10070.0	0.004526
10080.0	0.004317
10090.0	0.004608
10100.0	0.004666
10110.0	0.00441
10120.0	0.00441
10130.0	0.004375
10140.0	0.004468
10150.0	0.004491
10160.0	0.004142
10170.0	0.004317
10180.0	0.003956
10190.0	0.0037
10200.0	0.003805
10210.0	0.004026
10220.0	0.004026
10230.0	0.003875
10240.0	0.003991
10250.0	0.003816
10260.0	0.003968
10270.0	0.004014
10280.0	0.004061
10290.0	0.004154
10300.0	0.004235
10310.0	0.004096
10320.0	0.004026
10330.0	0.003816
10340.0	0.003875
10350.0	0.003584
10360.0	0.003886
10370.0	0.003723
10380.0	0.003723
10390.0	0.00356
10400.0	0.003514
10410.0	0.003537
10420.0	0.003572
10430.0	0.003747
10440.0	0.004107
10450.0	0.004072
10460.0	0.004107
10470.0	0.004259
10480.0	0.00427
10490.0	0.004712
10500.0	0.004677
10510.0	0.004503
10520.0	0.004584
10530.0	0.004328
10540.0	0.004456
10550.0	0.004421
10560.0	0.004503
10570.0	0.004224
10580.0	0.004445
10590.0	0.00441
10600.0	0.004317
10610.0	0.004293
10620.0	0.004119
10630.0	0.003793
10640.0	0.003933
10650.0	0.003886
10660.0	0.003851
10670.0	0.003595
10680.0	0.0037
10690.0	0.003782
10700.0	0.003863
10710.0	0.00377
10720.0	0.003584
10730.0	0.003886
10740.0	0.003863
10750.0	0.003758
10760.0	0.003944
10770.0	0.003898
10780.0	0.003933
10790.0	0.003828
10800.0	0.003549
10810.0	0.003409
10820.0	0.003409
10830.0	0.003363
10840.0	0.003491
10850.0	0.003607
10860.0	0.003491
10870.0	0.003968
10880.0	0.003758
10890.0	0.003432
10900.0	0.003409
10910.0	0.003235
10920.0	0.003328
10930.0	0.003293
10940.0	0.003398
10950.0	0.003444
10960.0	0.003363
10970.0	0.003386
10980.0	0.003549
10990.0	0.003467
11000.0	0.003595
11010.0	0.003526
11020.0	0.003409
11030.0	0.003339
11040.0	0.003211
11050.0	0.003328
11060.0	0.003223
11070.0	0.003246
11080.0	0.003316
11090.0	0.003374
11100.0	0.003374
11110.0	0.003328
11120.0	0.003316
11130.0	0.003339
11140.0	0.003293
11150.0	0.003421
11160.0	0.003421
11170.0	0.003165
11180.0	0.003165
11190.0	0.003258
11200.0	0.003002
11210.0	0.0032
11220.0	0.003223
11230.0	0.00327
11240.0	0.003374
11250.0	0.003083
11260.0	0.003025
11270.0	0.003014
11280.0	0.003014
11290.0	0.003107
11300.0	0.003107
11310.0	0.003002
11320.0	0.003002
11330.0	0.003107
11340.0	0.002769
11350.0	0.002525
11360.0	0.002665
11370.0	0.002653
11380.0	0.002513
11390.0	0.002455
11400.0	0.002502
11410.0	0.002711
11420.0	0.002688
11430.0	0.002688
11440.0	0.002746
11450.0	0.002897
11460.0	0.003014
11470.0	0.003188
11480.0	0.0032
11490.0	0.003491
11500.0	0.003595
11510.0	0.003491
11520.0	0.003549
11530.0	0.003339
11540.0	0.003374
11550.0	0.003665
11560.0	0.003782
11570.0	0.003747
11580.0	0.003654
11590.0	0.003805
11600.0	0.003793
11610.0	0.00384
11620.0	0.003863
11630.0	0.003968
11640.0	0.003944
11650.0	0.003793
11660.0	0.003793
11670.0	0.003898
11680.0	0.003467
11690.0	0.003654
11700.0	0.003537
11710.0	0.003537
11720.0	0.003374
11730.0	0.00363
11740.0	0.00384
11750.0	0.003933
11760.0	0.003979
11770.0	0.004224
11780.0	0.00448
11790.0	0.004631
11800.0	0.004398
11810.0	0.004584
11820.0	0.004677
11830.0	0.004561
11840.0	0.00484
11850.0	0.004666
11860.0	0.004724
11870.0	0.004712
11880.0	0.004666
11890.0	0.004724
11900.0	0.004515
11910.0	0.004293
11920.0	0.004038
11930.0	0.004084
11940.0	0.004352
11950.0	0.004456
11960.0	0.004282
11970.0	0.004352
11980.0	0.004503
11990.0	0.004456
12000.0	0.004398
12010.0	0.004538
12020.0	0.004165
12030.0	0.004212
12040.0	0.004352
12050.0	0.004538
12060.0	0.004375
12070.0	0.004538
12080.0	0.004538
12090.0	0.004503
12100.0	0.00491
12110.0	0.004887
12120.0	0.005003
12130.0	0.004829
12140.0	0.004992
12150.0	0.004805
12160.0	0.004666
12170.0	0.004619
12180.0	0.004712
12190.0	0.004503
12200.0	0.004503
12210.0	0.004282
12220.0	0.004026
12230.0	0.004014
12240.0	0.003968
12250.0	0.003944
12260.0	0.003968
12270.0	0.003782
12280.0	0.003665
12290.0	0.004003
12300.0	0.003747
12310.0	0.004049
12320.0	0.003863
12330.0	0.00391
12340.0	0.004119
12350.0	0.003968
12360.0	0.004328
12370.0	0.004445
12380.0	0.004654
12390.0	0.004538
12400.0	0.004421
12410.0	0.00427
12420.0	0.004421
12430.0	0.004491
12440.0	0.004503
12450.0	0.004503
12460.0	0.004363
12470.0	0.004596
12480.0	0.004619
12490.0	0.004584
12500.0	0.004689
12510.0	0.004165
12520.0	0.004363
12530.0	0.004421
12540.0	0.004352
12550.0	0.004363
12560.0	0.00441
12570.0	0.004387
12580.0	0.004363
12590.0	0.004515
12600.0	0.004549
12610.0	0.004549
12620.0	0.004736
12630.0	0.004771
12640.0	0.004771
12650.0	0.004747
12660.0	0.004666
12670.0	0.004456
12680.0	0.004375
12690.0	0.0042
12700.0	0.004072
12710.0	0.004375
12720.0	0.004631
12730.0	0.004666
12740.0	0.004584
12750.0	0.00441
12760.0	0.004387
12770.0	0.004212
12780.0	0.004328
12790.0	0.0042
12800.0	0.004142
12810.0	0.004317
12820.0	0.004247
12830.0	0.004631
12840.0	0.004712
12850.0	0.005015
12860.0	0.004864
12870.0	0.004887
12880.0	0.00498
12890.0	0.004933
12900.0	0.005178
12910.0	0.005073
12920.0	0.005096
12930.0	0.004666
12940.0	0.004608
12950.0	0.004829
12960.0	0.004666
12970.0	0.004363
12980.0	0.004515
12990.0	0.004259
13000.0	0.00434
13010.0	0.004119
13020.0	0.004352
13030.0	0.004154
13040.0	0.004224
13050.0	0.004177
13060.0	0.004177
13070.0	0.004282
13080.0	0.004293
13090.0	0.004398
13100.0	0.004387
13110.0	0.004701
13120.0	0.004887
13130.0	0.004759
13140.0	0.004305
13150.0	0.004526
13160.0	0.004317
13170.0	0.004596
13180.0	0.004421
13190.0	0.004317
13200.0	0.004189
13210.0	0.004212
13220.0	0.003898
13230.0	0.003793
13240.0	0.003654
13250.0	0.003782
13260.0	0.003828
13270.0	0.003723
13280.0	0.003595
13290.0	0.003619
13300.0	0.003758
13310.0	0.00363
13320.0	0.003537
13330.0	0.003502
13340.0	0.003514
13350.0	0.003537
13360.0	0.003654
13370.0	0.00377
13380.0	0.003828
13390.0	0.00391
13400.0	0.003747
13410.0	0.003991
13420.0	0.004107
13430.0	0.004107
13440.0	0.004061
13450.0	0.004014
13460.0	0.003863
13470.0	0.00377
13480.0	0.003432
13490.0	0.003363
13500.0	0.003432
13510.0	0.003584
13520.0	0.003828
13530.0	0.003805
13540.0	0.003816
13550.0	0.003851
13560.0	0.003851
13570.0	0.00391
13580.0	0.00356
13590.0	0.003619
13600.0	0.003688
13610.0	0.003526
13620.0	0.003479
13630.0	0.003607
13640.0	0.003514
13650.0	0.003642
13660.0	0.003584
13670.0	0.00327
13680.0	0.002967
13690.0	0.003153
13700.0	0.003037
13710.0	0.003095
13720.0	0.002979
13730.0	0.003293
13740.0	0.003142
13750.0	0.003165
13760.0	0.003095
13770.0	0.003165
13780.0	0.003025
13790.0	0.003258
13800.0	0.003374
13810.0	0.003654
13820.0	0.003712
13830.0	0.003677
13840.0	0.004072
13850.0	0.004072
13860.0	0.00434
13870.0	0.004293
13880.0	0.004305
13890.0	0.004224
13900.0	0.00448
13910.0	0.004375
13920.0	0.004259
13930.0	0.004107
13940.0	0.004084
13950.0	0.004224
13960.0	0.004293
13970.0	0.004328
13980.0	0.004247
13990.0	0.004398
14000.0	0.004398
14010.0	0.004119
14020.0	0.004026
14030.0	0.00441
14040.0	0.004468
14050.0	0.004515
14060.0	0.004398
14070.0	0.004317
14080.0	0.004352
14090.0	0.004224
14100.0	0.004154
14110.0	0.004119
14120.0	0.003979
14130.0	0.003735
14140.0	0.003456
14150.0	0.003549
14160.0	0.00363
14170.0	0.003444
14180.0	0.003537
14190.0	0.003502
14200.0	0.003246
14210.0	0.003281
14220.0	0.003456
14230.0	0.003304
14240.0	0.003281
14250.0	0.003339
14260.0	0.0032
14270.0	0.003188
14280.0	0.003188
14290.0	0.003095
14300.0	0.002944
14310.0	0.003095
14320.0	0.003095

&

