10.0	-0.001215
20.0	-0.003403
30.0	-0.004132
40.0	-0.004132
50.0	-0.004132
60.0	-0.004132
70.0	-0.004132
80.0	-0.006077
90.0	-0.006077
100.0	-0.006077
110.0	-0.006077
120.0	-0.007535
130.0	-0.007535
140.0	-0.009723
150.0	-0.008993
160.0	-0.008993
170.0	-0.005347
180.0	-0.005347
190.0	-0.00559
200.0	-0.007292
210.0	-0.002188
220.0	-0.002188
230.0	-0.001945
240.0	-0.004375
250.0	-0.004375
260.0	-0.002674
270.0	-0.00632
280.0	0.006563
290.0	0.010209
300.0	0.010452
310.0	0.008993
320.0	0.008264
330.0	0.009966
340.0	0.005104
350.0	0.008993
360.0	0.008993
370.0	0.010938
380.0	0.012882
390.0	0.009966
400.0	0.008021
410.0	0.004132
420.0	0.002917
430.0	0.011424
440.0	0.01507
450.0	0.010452
460.0	0.007778
470.0	0.011181
480.0	0.016285
490.0	0.024306
500.0	0.015556
510.0	0.015556
520.0	0.009479
530.0	0.011424
540.0	0.010938
550.0	0.017987
560.0	0.007049
570.0	0.002917
580.0	0.00316
590.0	0.017014
600.0	0.014098
610.0	0.012882
620.0	0.01191
630.0	0.017501
640.0	0.011424
650.0	0.013368
660.0	0.014098
670.0	0.005834
680.0	0.005834
690.0	0.008993
700.0	0.01507
710.0	0.008507
720.0	0.001701
730.0	0.001701
740.0	-0.002431
750.0	-0.002674
760.0	0.00316
770.0	0.010209
780.0	0.009966
790.0	0.008993
800.0	0.004618
810.0	-0.001945
820.0	-0.001945
830.0	0.013125
840.0	0.01191
850.0	0.013368
860.0	0.014098
870.0	0.014098
880.0	0.000486
890.0	0.000486
900.0	0.000486
910.0	-0.000729
920.0	0.001458
930.0	0.007049
940.0	0.007535
950.0	0.002917
960.0	0.003646
970.0	0.002674
980.0	-0.000486
990.0	-0.000486
1000.0	0.000729
1010.0	0.003646
1020.0	-0.00316
1030.0	-0.00316
1040.0	-0.005347
1050.0	0.007778
1060.0	0.01507
1070.0	0.013368
1080.0	0.016528
1090.0	0.019931
1100.0	0.013125
1110.0	0.01191
1120.0	0.016528
1130.0	0.018473
1140.0	0.014341
1150.0	0.014341
1160.0	0.009479
1170.0	0.008993
1180.0	0.011424
1190.0	0.010695
1200.0	0.004618
1210.0	0.007049
1220.0	0.00632
1230.0	-0.000486
1240.0	0.002674
1250.0	0.003403
1260.0	0.004375
1270.0	0.001458
1280.0	-0.006806
1290.0	-0.009479
1300.0	-0.016771
1310.0	-0.022119
1320.0	-0.008993
1330.0	-0.001215
1340.0	-0.002431
1350.0	0.001458
1360.0	0.000486
1370.0	0.005104
1380.0	0.003889
1390.0	-0.003889
1400.0	-0.005104
1410.0	-0.005104
1420.0	-0.002188
1430.0	0.004618
1440.0	0.003646
1450.0	0.00316
1460.0	0.001215
1470.0	0.008264
1480.0	0.003646
1490.0	0.005347
1500.0	0.004861
1510.0	0.005834
1520.0	0.006563
1530.0	0.00632
1540.0	0.002917
1550.0	0.000243
1560.0	0.006563
1570.0	0.002674
1580.0	-0.006077
1590.0	-0.007292
1600.0	-0.009479
1610.0	-0.009236
1620.0	-0.014584
1630.0	-0.009236
1640.0	-0.011667
1650.0	-0.019931
1660.0	-0.020174
1670.0	-0.012396
1680.0	-0.008507
1690.0	-0.012882
1700.0	-0.016771
1710.0	-0.012639
1720.0	-0.009236
1730.0	-0.007292
1740.0	-0.008021
1750.0	-0.006077
1760.0	-0.007778
1770.0	-0.007778
1780.0	-0.001458
1790.0	-0.002431
1800.0	-0.000486
1810.0	0.002917
1820.0	0.005347
1830.0	0.002674
1840.0	-0.002431
1850.0	-0.005347
1860.0	0.000486
1870.0	0.002674
1880.0	0.002674
1890.0	0.006077
1900.0	0.010452
1910.0	0.005104
1920.0	0.010452
1930.0	0.008993
1940.0	0.006806
1950.0	0.00632
1960.0	0.00559
1970.0	0.009723
1980.0	0.006806
1990.0	0.005347
2000.0	0.005347
2010.0	0.002431
2020.0	-0.007049
2030.0	-0.004132
2040.0	-0.004861
2050.0	-0.004861
2060.0	-0.006563
2070.0	-0.003646
2080.0	-0.002188
2090.0	0.006806
2100.0	0.016285
2110.0	0.016042
2120.0	0.016285
2130.0	0.017257
2140.0	0.015313
2150.0	0.011181
2160.0	0.011181
2170.0	0.008021
2180.0	0.007535
2190.0	0.013125
2200.0	0.017257
2210.0	0.017257
2220.0	0.014098
2230.0	0.006806
2240.0	0.006806
2250.0	0.009966
2260.0	0.009236
2270.0	0.009236
2280.0	0.015313
2290.0	0.008021
2300.0	-0.000243
2310.0	-0.000729
2320.0	0.012153
2330.0	0.009236
2340.0	0.000486
2350.0	-0.00632
2360.0	0.007292
2370.0	0.002674
2380.0	0.001215
2390.0	-0.002188
2400.0	0.000243
2410.0	-0.001701
2420.0	0.0
2430.0	-0.002431
2440.0	0.003403
2450.0	0.008264
2460.0	-0.002188
2470.0	0.002188
2480.0	0.008993
2490.0	0.008993
2500.0	0.010209
2510.0	0.00632
2520.0	-0.003646
2530.0	-0.005104
2540.0	-0.008993
2550.0	-0.000243
2560.0	0.000486
2570.0	0.004861
2580.0	0.00316
2590.0	0.007049
2600.0	0.00316
2610.0	0.00316
2620.0	-0.003889
2630.0	-0.004132
2640.0	0.003403
2650.0	-0.000243
2660.0	-0.000243
2670.0	-0.00316
2680.0	-0.012396
2690.0	-0.001458
2700.0	0.002917
2710.0	-0.000729
2720.0	0.004861
2730.0	0.000729
2740.0	0.001215
2750.0	0.0
2760.0	0.00316
2770.0	-0.000243
2780.0	0.003403
2790.0	0.000729
2800.0	0.00316
2810.0	0.003889
2820.0	-0.001215
2830.0	0.006806
2840.0	0.00875
2850.0	0.008993
2860.0	0.009479
2870.0	0.009479
2880.0	-0.000729
2890.0	-0.001701
2900.0	-0.001458
2910.0	-0.004132
2920.0	-0.002431
2930.0	-0.003403
2940.0	-0.011424
2950.0	-0.011667
2960.0	-0.010938
2970.0	-0.011181
2980.0	-0.011181
2990.0	-0.00632
3000.0	-0.015313
3010.0	-0.014341
3020.0	-0.015799
3030.0	-0.028195
3040.0	-0.027223
3050.0	-0.02698
3060.0	-0.021876
3070.0	-0.012153
3080.0	-0.020903
3090.0	-0.01823
3100.0	-0.011667
3110.0	-0.011667
3120.0	-0.011667
3130.0	-0.014341
3140.0	-0.014341
3150.0	-0.02066
3160.0	-0.016771
3170.0	-0.008507
3180.0	-0.007535
3190.0	0.000972
3200.0	-0.000972
3210.0	0.005834
3220.0	-0.000486
3230.0	-0.002917
3240.0	-0.010209
3250.0	-0.006806
3260.0	-0.005347
3270.0	-0.005347
3280.0	-0.008021
3290.0	-0.008021
3300.0	-0.009236
3310.0	-0.010209
3320.0	-0.006806
3330.0	-0.00875
3340.0	-0.006806
3350.0	-0.002188
3360.0	-0.002188
3370.0	-0.002674
3380.0	-0.007049
3390.0	-0.002188
3400.0	-0.001701
3410.0	-0.002917
3420.0	-0.002917
3430.0	-0.000729
3440.0	-0.00875
3450.0	-0.002917
3460.0	-0.002917
3470.0	-0.000729
3480.0	-0.000729
3490.0	-0.000729
3500.0	0.0
3510.0	-0.002188
3520.0	-0.005347
3530.0	0.00559
3540.0	0.003646
3550.0	0.005104
3560.0	0.005104
3570.0	0.002188
3580.0	0.007535
3590.0	0.010209
3600.0	0.010209
3610.0	0.001945
3620.0	0.00316
3630.0	0.006806
3640.0	-0.001945
3650.0	-0.015799
3660.0	-0.00559
3670.0	0.005347
3680.0	0.003403
3690.0	-0.001701
3700.0	0.001945
3710.0	-0.003646
3720.0	-0.007292
3730.0	0.001701
3740.0	-0.012639
3750.0	-0.010209
3760.0	-0.016528
3770.0	-0.016042
3780.0	-0.014827
3790.0	-0.014827
3800.0	-0.009966
3810.0	-0.009236
3820.0	-0.004861
3830.0	-0.005347
3840.0	-0.012396
3850.0	-0.014341
3860.0	-0.014098
3870.0	-0.013368
3880.0	-0.007049
3890.0	-0.001458
3900.0	-0.002917
3910.0	-0.002917
3920.0	-0.006806
3930.0	-0.012639
3940.0	-0.016285
3950.0	-0.012153
3960.0	-0.003646
3970.0	-0.00559
3980.0	-0.010938
3990.0	-0.012396
4000.0	-0.004861
4010.0	-0.00875
4020.0	0.000243
4030.0	-0.005834
4040.0	0.000729
4050.0	0.006077
4060.0	0.006077
4070.0	0.008507
4080.0	0.004618
4090.0	0.005347
4100.0	0.005834
4110.0	0.005834
4120.0	-0.001701
4130.0	0.000972
4140.0	-0.004375
4150.0	-0.001215
4160.0	-0.001945
4170.0	0.004375
4180.0	0.004132
4190.0	-0.00316
4200.0	-0.005104
4210.0	-0.004861
4220.0	-0.004861
4230.0	-0.008507
4240.0	-0.008021
4250.0	-0.006806
4260.0	-0.011181
4270.0	-0.014341
4280.0	-0.017257
4290.0	-0.017014
4300.0	-0.014341
4310.0	-0.013368
4320.0	-0.013368
4330.0	-0.014341
4340.0	-0.014341
4350.0	-0.009479
4360.0	-0.017014
4370.0	-0.015799
4380.0	-0.016771
4390.0	-0.010452
4400.0	-0.010938
4410.0	-0.00875
4420.0	-0.014827
4430.0	-0.017987
4440.0	-0.016528
4450.0	-0.012153
4460.0	-0.000243
4470.0	-0.006077
4480.0	-0.008507
4490.0	-0.01191
4500.0	-0.013368
4510.0	0.000729
4520.0	0.005104
4530.0	-0.001945
4540.0	-0.003403
4550.0	-0.007535
4560.0	-0.018473
4570.0	-0.019445
4580.0	-0.016528
4590.0	-0.015556
4600.0	-0.01191
4610.0	-0.010938
4620.0	-0.023334
4630.0	-0.023334
4640.0	-0.02139
4650.0	-0.019445
4660.0	-0.016528
4670.0	-0.007535
4680.0	-0.013612
4690.0	-0.020174
4700.0	-0.016042
4710.0	-0.014827
4720.0	-0.013125
4730.0	-0.014098
4740.0	-0.016771
4750.0	-0.009723
4760.0	-0.001701
4770.0	0.003646
4780.0	0.003403
4790.0	0.005347
4800.0	0.003889
4810.0	0.006806
4820.0	0.002431
4830.0	-0.001215
4840.0	-0.006563
4850.0	-0.010452
4860.0	-0.006806
4870.0	-0.003646
4880.0	-0.017257
4890.0	-0.017257
4900.0	-0.017987
4910.0	-0.012396
4920.0	-0.012396
4930.0	-0.000486
4940.0	0.005347
4950.0	0.00559
4960.0	0.00316
4970.0	0.00316
4980.0	0.00632
4990.0	0.008264
5000.0	0.015313
5010.0	0.011181
5020.0	0.011181
5030.0	0.00559
5040.0	0.003646
5050.0	0.002431
5060.0	-0.000972
5070.0	0.003646
5080.0	0.003646
5090.0	0.007049
5100.0	0.011667
5110.0	0.01191
5120.0	0.008021
5130.0	-0.003646
5140.0	-0.012882
5150.0	-0.007292
5160.0	-0.00559
5170.0	-0.000243
5180.0	-0.003889
5190.0	-0.013125
5200.0	-0.017987
5210.0	-0.022119
5220.0	-0.017987
5230.0	-0.019931
5240.0	-0.016042
5250.0	-0.016042
5260.0	-0.014341
5270.0	-0.016285
5280.0	-0.015799
5290.0	-0.014584
5300.0	-0.002188
5310.0	-0.008264
5320.0	-0.008264
5330.0	-0.024306
5340.0	-0.022605
5350.0	-0.019445
5360.0	-0.019445
5370.0	-0.019445
5380.0	-0.024792
5390.0	-0.028438
5400.0	-0.028925
5410.0	-0.02066
5420.0	-0.023577
5430.0	-0.028438
5440.0	-0.028681
5450.0	-0.017744
5460.0	-0.013612
5470.0	-0.013612
5480.0	-0.007535
5490.0	-0.013368
5500.0	-0.013612
5510.0	-0.013612
5520.0	-0.003403
5530.0	-0.007049
5540.0	-0.007778
5550.0	-0.007292
5560.0	0.009236
5570.0	0.007292
5580.0	0.00316
5590.0	0.00316
5600.0	0.003403
5610.0	0.008993
5620.0	-0.005347
5630.0	-0.00316
5640.0	0.003403
5650.0	-0.012639
5660.0	-0.011181
5670.0	-0.011667
5680.0	-0.007778
5690.0	-0.002188
5700.0	-0.002188
5710.0	-0.003403
5720.0	-0.002431
5730.0	0.004861
5740.0	0.001458
5750.0	-0.002188
5760.0	-0.001458
5770.0	-0.001458
5780.0	0.005834
5790.0	-0.000486
5800.0	-0.006077
5810.0	-0.005347
5820.0	-0.00559
5830.0	-0.00559
5840.0	-0.013368
5850.0	-0.007292
5860.0	-0.012639
5870.0	-0.009236
5880.0	-0.017014
5890.0	-0.020903
5900.0	-0.022362
5910.0	-0.021147
5920.0	-0.025036
5930.0	-0.015799
5940.0	-0.016528
5950.0	-0.020174
5960.0	-0.022605
5970.0	-0.016285
5980.0	-0.025279
5990.0	-0.031112
6000.0	-0.017744
6010.0	-0.013855
6020.0	-0.006806
6030.0	-0.013125
6040.0	-0.003889
6050.0	0.001701
6060.0	0.003403
6070.0	-0.005104
6080.0	-0.003889
6090.0	-0.01191
6100.0	-0.006563
6110.0	-0.00632
6120.0	-0.006806
6130.0	-0.007049
6140.0	-0.011424
6150.0	-0.009723
6160.0	-0.010938
6170.0	-0.01823
6180.0	-0.010938
6190.0	-0.006806
6200.0	-0.007535
6210.0	-0.012153
6220.0	-0.017987
6230.0	-0.020903
6240.0	-0.020903
6250.0	-0.01823
6260.0	-0.019688
6270.0	-0.017744
6280.0	-0.013125
6290.0	-0.010209
6300.0	-0.007778
6310.0	-0.004861
6320.0	-0.004861
6330.0	-0.006563
6340.0	-0.005834
6350.0	-0.005834
6360.0	-0.006563
6370.0	0.001215
6380.0	0.004618
6390.0	0.010695
6400.0	0.017014
6410.0	0.01823
6420.0	0.01823
6430.0	0.017501
6440.0	0.018959
6450.0	0.017014
6460.0	0.013125
6470.0	0.021147
6480.0	0.014584
6490.0	0.012396
6500.0	0.003646
6510.0	0.008021
6520.0	0.017014
6530.0	0.016528
6540.0	0.001945
6550.0	0.002431
6560.0	-0.000486
6570.0	-0.005347
6580.0	-0.006563
6590.0	-0.005347
6600.0	-0.004861
6610.0	0.004861
6620.0	0.00632
6630.0	0.011181
6640.0	0.011181
6650.0	0.011181
6660.0	0.015313
6670.0	0.027466
6680.0	0.017501
6690.0	0.021876
6700.0	0.021876
6710.0	0.021876
6720.0	0.023334
6730.0	0.024063
6740.0	0.021147
6750.0	0.013125
6760.0	0.009966
6770.0	0.008993
6780.0	-0.003646
6790.0	0.005834
6800.0	0.004861
6810.0	0.008507
6820.0	0.009966
6830.0	0.006077
6840.0	0.012639
6850.0	-0.000243
6860.0	-0.000243
6870.0	-0.001701
6880.0	0.006806
6890.0	0.00559
6900.0	0.010695
6910.0	0.010695
6920.0	0.009236
6930.0	0.011667
6940.0	0.010695
6950.0	0.008507
6960.0	0.008021
6970.0	0.00632
6980.0	0.008021
6990.0	0.015556
7000.0	0.019931
7010.0	0.017501
7020.0	0.01507
7030.0	0.007049
7040.0	0.003646
7050.0	0.006563
7060.0	0.001701
7070.0	0.011424
7080.0	0.011424
7090.0	0.005104
7100.0	0.006563
7110.0	0.006563
7120.0	-0.000243
7130.0	0.000486
7140.0	0.005104
7150.0	0.007778
7160.0	0.00632
7170.0	0.00559
7180.0	0.002917
7190.0	-0.003889
7200.0	-0.000729
7210.0	0.001215
7220.0	0.005347
7230.0	0.005347
7240.0	0.001458
7250.0	0.001458
7260.0	-0.001701
7270.0	-0.002674
7280.0	-0.010452
7290.0	-0.016771
7300.0	-0.014827
7310.0	-0.014827
7320.0	-0.014584
7330.0	-0.001458
7340.0	0.003646
7350.0	0.000729
7360.0	-0.005104
7370.0	-0.007778
7380.0	-0.012639
7390.0	-0.015313
7400.0	-0.015313
7410.0	-0.010209
7420.0	-0.010209
7430.0	-0.011667
7440.0	-0.014584
7450.0	-0.017744
7460.0	-0.017744
7470.0	-0.013855
7480.0	-0.002917
7490.0	-0.00316
7500.0	-0.00875
7510.0	-0.012639
7520.0	-0.005834
7530.0	-0.010695
7540.0	-0.011667
7550.0	-0.004861
7560.0	-0.007535
7570.0	-0.009479
7580.0	-0.008993
7590.0	-0.00632
7600.0	-0.00316
7610.0	-0.00316
7620.0	-0.008507
7630.0	-0.012396
7640.0	-0.011667
7650.0	-0.016771
7660.0	-0.017987
7670.0	-0.009966
7680.0	-0.001701
7690.0	0.000729
7700.0	-0.003889
7710.0	-0.006077
7720.0	0.006077
7730.0	0.004375
7740.0	0.005834
7750.0	0.005834
7760.0	0.0
7770.0	0.005834
7780.0	-0.00316
7790.0	-0.000486
7800.0	0.002674
7810.0	-0.008507
7820.0	-0.013125
7830.0	-0.017014
7840.0	0.000729
7850.0	0.008507
7860.0	0.013368
7870.0	0.014584
7880.0	0.018716
7890.0	0.02139
7900.0	0.012639
7910.0	0.008993
7920.0	0.004618
7930.0	0.00316
7940.0	0.011181
7950.0	0.006077
7960.0	0.015313
7970.0	0.019688
7980.0	0.011424
7990.0	0.006077
8000.0	0.009236
8010.0	0.014098
8020.0	0.014341
8030.0	0.017014
8040.0	0.021876
8050.0	0.023577
8060.0	0.010209
8070.0	0.008507
8080.0	0.008264
8090.0	-0.004132
8100.0	-0.013855
8110.0	-0.012639
8120.0	-0.012639
8130.0	-0.016771
8140.0	-0.016285
8150.0	-0.016285
8160.0	-0.008993
8170.0	-0.002431
8180.0	0.002917
8190.0	0.010209
8200.0	0.009966
8210.0	0.009966
8220.0	-0.001701
8230.0	0.002674
8240.0	0.000729
8250.0	-0.004375
8260.0	-0.006077
8270.0	-0.00559
8280.0	-0.002917
8290.0	-0.000729
8300.0	0.004132
8310.0	0.007535
8320.0	-0.002431
8330.0	-0.008507
8340.0	-0.00316
8350.0	-0.000729
8360.0	0.004618
8370.0	0.00559
8380.0	0.003646
8390.0	0.004132
8400.0	0.008507
8410.0	0.008993
8420.0	0.011181
8430.0	0.012639
8440.0	0.006563
8450.0	0.012396
8460.0	0.009966
8470.0	0.004375
8480.0	-0.004132
8490.0	-0.004618
8500.0	-0.001945
8510.0	0.002188
8520.0	0.007778
8530.0	0.008507
8540.0	0.013125
8550.0	0.008507
8560.0	0.005834
8570.0	0.012396
8580.0	0.004861
8590.0	0.000729
8600.0	-0.00559
8610.0	-0.003403
8620.0	-0.003889
8630.0	-0.001701
8640.0	-0.009236
8650.0	-0.000729
8660.0	-0.001458
8670.0	0.001215
8680.0	0.007535
8690.0	0.012639
8700.0	0.012639
8710.0	0.003646
8720.0	0.004618
8730.0	0.000243
8740.0	0.001945
8750.0	0.001945
8760.0	0.006077
8770.0	0.01191
8780.0	0.009723
8790.0	0.003403
8800.0	-0.003889
8810.0	-0.009966
8820.0	-0.014584
8830.0	0.002188
8840.0	0.004132
8850.0	0.000972
8860.0	0.003403
8870.0	0.00316
8880.0	0.007292
8890.0	0.015313
8900.0	0.009966
8910.0	0.007049
8920.0	0.005834
8930.0	0.000243
8940.0	0.001215
8950.0	0.006563
8960.0	0.010452
8970.0	0.013855
8980.0	0.01191
8990.0	0.013612
9000.0	0.009236
9010.0	0.004375
9020.0	0.004375
9030.0	0.004618
9040.0	0.003646
9050.0	0.002431
9060.0	0.000972
9070.0	0.00559
9080.0	0.017257
9090.0	0.020417
9100.0	0.01823
9110.0	0.013612
9120.0	0.006077
9130.0	0.003403
9140.0	-0.007292
9150.0	-0.007292
9160.0	-0.015313
9170.0	-0.014827
9180.0	-0.019688
9190.0	-0.015313
9200.0	-0.013612
9210.0	-0.013125
9220.0	-0.014584
9230.0	-0.006806
9240.0	0.001945
9250.0	0.000972
9260.0	0.002188
9270.0	0.001215
9280.0	0.012639
9290.0	0.012639
9300.0	0.015313
9310.0	0.010452
9320.0	0.007778
9330.0	0.014098
9340.0	0.008507
9350.0	0.014098
9360.0	0.009479
9370.0	0.010938
9380.0	0.010938
9390.0	0.003646
9400.0	0.003646
9410.0	0.00875
9420.0	0.008021
9430.0	0.008507
9440.0	0.013855
9450.0	0.017744
9460.0	0.007535
9470.0	0.004132
9480.0	0.001701
9490.0	0.001215
9500.0	-0.005834
9510.0	-0.004861
9520.0	-0.009479
9530.0	-0.009479
9540.0	-0.009479
9550.0	-0.004618
9560.0	0.00875
9570.0	0.00875
9580.0	0.016285
9590.0	0.012153
9600.0	0.004132
9610.0	0.001701
9620.0	0.005347
9630.0	0.007535
9640.0	0.002674
9650.0	0.004132
9660.0	-0.001215
9670.0	-0.004375
9680.0	-0.004861
9690.0	-0.005104
9700.0	-0.00316
9710.0	0.002188
9720.0	0.00316
9730.0	-0.006077
9740.0	-0.003646
9750.0	-0.002917
9760.0	-0.005104
9770.0	-0.005104
9780.0	-0.002674
9790.0	0.009236
9800.0	0.011424
9810.0	0.008021
9820.0	0.002674
9830.0	0.008507
9840.0	0.01823
9850.0	0.02139
9860.0	0.016042
9870.0	0.001945
9880.0	-0.004375
9890.0	-0.004132
9900.0	-0.004132
9910.0	-0.002674
9920.0	0.002917
9930.0	0.011181
9940.0	0.000729
9950.0	0.004861
9960.0	0.002188
9970.0	0.002188
9980.0	0.00632
9990.0	0.004861
10000.0	0.008021
10010.0	0.010209
10020.0	0.010209
10030.0	0.012153
10040.0	0.004861
10050.0	0.005104
10060.0	0.006563
10070.0	0.005834
10080.0	0.00632
10090.0	0.001458
10100.0	0.002674
10110.0	0.001701
10120.0	0.004861
10130.0	0.012882
10140.0	0.012882
10150.0	0.008264
10160.0	0.003403
10170.0	0.003403
10180.0	0.009479
10190.0	-0.002188
10200.0	-0.006077
10210.0	-0.004375
10220.0	0.000972
10230.0	-0.003889
10240.0	-0.003889
10250.0	0.002431
10260.0	0.001701
10270.0	0.007049
10280.0	0.007049
10290.0	0.007049
10300.0	0.007049
10310.0	0.005834
10320.0	-0.001215
10330.0	0.003403
10340.0	0.009479
10350.0	0.009479
10360.0	0.006806
10370.0	0.00316
10380.0	0.007292
10390.0	0.007535
10400.0	0.003889
10410.0	0.006077
10420.0	0.00632
10430.0	0.007049
10440.0	0.000243
10450.0	-0.002674
10460.0	-0.002674
10470.0	-0.006563
10480.0	-0.009966
10490.0	-0.005834
10500.0	-0.005834
10510.0	-0.00316
10520.0	-0.003403
10530.0	-0.004375
10540.0	0.000729
10550.0	-0.008993
10560.0	-0.006806
10570.0	-0.005347
10580.0	-0.005104
10590.0	-0.000486
10600.0	0.0
10610.0	0.0
10620.0	0.0
10630.0	0.002674
10640.0	0.008021
10650.0	0.003889
10660.0	0.003646
10670.0	0.003646
10680.0	0.00559
10690.0	0.010695
10700.0	0.008264
10710.0	0.004861
10720.0	0.000486
10730.0	0.006563
10740.0	-0.002917
10750.0	-0.006806
10760.0	-0.006806
10770.0	-0.008264
10780.0	-0.008264
10790.0	-0.007049
10800.0	-0.007049
10810.0	-0.006806
10820.0	-0.004618
10830.0	-0.002431
10840.0	-0.002431
10850.0	-0.002674
10860.0	-0.002917
10870.0	-0.005834
10880.0	-0.001945
10890.0	-0.005834
10900.0	-0.009723
10910.0	-0.009723
10920.0	-0.006806
10930.0	0.0
10940.0	-0.002188
10950.0	-0.003646
10960.0	0.00316
10970.0	0.001458
10980.0	-0.001215
10990.0	0.009966
11000.0	0.005834
11010.0	0.001945
11020.0	0.00316
11030.0	0.00316
11040.0	0.001458
11050.0	-0.003403
11060.0	-0.005834
11070.0	-0.000243
11080.0	-0.008507
11090.0	-0.010209
11100.0	-0.00875
11110.0	-0.012153
11120.0	-0.012153
11130.0	-0.015313
11140.0	-0.013612
11150.0	-0.013612
11160.0	-0.013855
11170.0	-0.013855
11180.0	-0.012639
11190.0	-0.010695
11200.0	-0.009236
11210.0	-0.009479
11220.0	-0.009479
11230.0	-0.012639
11240.0	-0.017014
11250.0	-0.020417
11260.0	-0.023577
11270.0	-0.019688
11280.0	-0.012639
11290.0	-0.012639
11300.0	-0.005834
11310.0	-0.007778
11320.0	-0.010452
11330.0	-0.010938
11340.0	-0.007292
11350.0	-0.009236
11360.0	-0.011181
11370.0	-0.007292
11380.0	-0.011181
11390.0	-0.00559
11400.0	-0.000243
11410.0	0.000486
11420.0	0.000243
11430.0	0.000243
11440.0	-0.000972
11450.0	0.004618
11460.0	0.007292
11470.0	0.000972
11480.0	0.000972
11490.0	-0.006563
11500.0	-0.00875
11510.0	-0.013368
11520.0	-0.001458
11530.0	-0.001458
11540.0	-0.001215
11550.0	0.003646
11560.0	-0.000243
11570.0	-0.000243
11580.0	0.001945
11590.0	0.001945
11600.0	-0.00559
11610.0	-0.006806
11620.0	-0.001945
11630.0	-0.008264
11640.0	-0.008264
11650.0	-0.008264
11660.0	-0.006563
11670.0	-0.004375
11680.0	-0.008507
11690.0	-0.00875
11700.0	-0.010452
11710.0	-0.014341
11720.0	-0.018473
11730.0	-0.01191
11740.0	-0.003646
11750.0	-0.000243
11760.0	0.001945
11770.0	0.00559
11780.0	-0.000729
11790.0	-0.001458
11800.0	0.001945
11810.0	0.006077
11820.0	0.006077
11830.0	0.000729
11840.0	0.010452
11850.0	0.016528
11860.0	0.012882
11870.0	0.007049
11880.0	0.009966
11890.0	0.006806
11900.0	0.00316
11910.0	0.008993
11920.0	0.012882
11930.0	0.006077
11940.0	0.006077
11950.0	0.012153
11960.0	0.013855
11970.0	0.014098
11980.0	0.011424
11990.0	0.001945
12000.0	0.008993
12010.0	0.008993
12020.0	0.009966
12030.0	0.00632
12040.0	0.010209
12050.0	0.011424
12060.0	0.010938
12070.0	0.009966
12080.0	0.008993
12090.0	0.008021
12100.0	0.010695
12110.0	0.017014
12120.0	0.014341
12130.0	0.014341
12140.0	0.014341
12150.0	0.02066
12160.0	0.02066
12170.0	0.020903
12180.0	0.022848
12190.0	0.019202
12200.0	0.018959
12210.0	0.021147
12220.0	0.015313
12230.0	0.014584
12240.0	0.009236
12250.0	0.010695
12260.0	0.016042
12270.0	0.019931
12280.0	0.02139
12290.0	0.019445
12300.0	0.020174
12310.0	0.024792
12320.0	0.015556
12330.0	0.012153
12340.0	0.004618
12350.0	0.011424
12360.0	0.011424
12370.0	0.007292
12380.0	0.011667
12390.0	0.011667
12400.0	0.00875
12410.0	0.016771
12420.0	0.016771
12430.0	0.015313
12440.0	0.01191
12450.0	0.016528
12460.0	0.021633
12470.0	0.01507
12480.0	0.010452
12490.0	0.007292
12500.0	0.009479
12510.0	0.001701
12520.0	-0.001701
12530.0	-0.004861
12540.0	0.002431
12550.0	-0.013612
12560.0	-0.008993
12570.0	-0.01191
12580.0	-0.01507
12590.0	-0.016771
12600.0	-0.019202
12610.0	-0.022119
12620.0	-0.016771
12630.0	-0.015556
12640.0	-0.01823
12650.0	-0.017987
12660.0	-0.006077
12670.0	0.005104
12680.0	0.009966
12690.0	0.001215
12700.0	0.000729
12710.0	0.006077
12720.0	0.014584
12730.0	0.008021
12740.0	0.008264
12750.0	0.013368
12760.0	0.011667
12770.0	0.010938
12780.0	0.00875
12790.0	0.000972
12800.0	0.003403
12810.0	-0.008993
12820.0	-0.008021
12830.0	-0.004132
12840.0	-0.009966
12850.0	-0.013612
12860.0	-0.012153
12870.0	-0.008264
12880.0	0.001945
12890.0	0.001945
12900.0	0.007049
12910.0	0.003403
12920.0	-0.006563
12930.0	-0.017744
12940.0	-0.017987
12950.0	-0.012882
12960.0	-0.014827
12970.0	-0.00875
12980.0	-0.002674
12990.0	-0.008993
13000.0	-0.009236
13010.0	0.000729
13020.0	-0.005104
13030.0	-0.009966
13040.0	-0.005834
13050.0	-0.005104
13060.0	-0.002917
13070.0	-0.006806
13080.0	0.001215
13090.0	0.004375
13100.0	0.004861
13110.0	0.004861
13120.0	0.00632
13130.0	0.005834
13140.0	0.00632
13150.0	0.00559
13160.0	0.006077
13170.0	0.006077
13180.0	0.001215
13190.0	0.004132
13200.0	0.004618
13210.0	0.009236
13220.0	0.007535
13230.0	0.003646
13240.0	0.009966
13250.0	0.00632
13260.0	0.00559
13270.0	0.003646
13280.0	0.003889
13290.0	0.004132
13300.0	0.004861
13310.0	0.000243
13320.0	0.004375
13330.0	0.000243
13340.0	0.004861
13350.0	0.007292
13360.0	0.006563
13370.0	0.006563
13380.0	0.007292
13390.0	0.002674
13400.0	-0.000243
13410.0	-0.006806
13420.0	-0.007535
13430.0	-0.005834
13440.0	-0.002674
13450.0	-0.002674
13460.0	-0.009966
13470.0	-0.008264
13480.0	-0.008507
13490.0	-0.006563
13500.0	0.004375
13510.0	0.006077
13520.0	0.011181
13530.0	0.003646
13540.0	0.003646
13550.0	0.017257
13560.0	0.014341
13570.0	0.012153
13580.0	0.009479
13590.0	0.01507
13600.0	0.013368
13610.0	0.013612
13620.0	0.015556
13630.0	0.013612
13640.0	0.012882
13650.0	0.010209
13660.0	0.013368
13670.0	0.013855
13680.0	0.006563
13690.0	0.011181
13700.0	0.011667
13710.0	0.011667
13720.0	0.00559
13730.0	0.004375
13740.0	0.013855
13750.0	0.005104
13760.0	-0.000972
13770.0	-0.000972
13780.0	-0.000972

&

10.0	-0.001945
20.0	0.003889
30.0	-0.002188
40.0	-0.002188
50.0	-0.002188
60.0	-0.002188
70.0	-0.002188
80.0	-0.010209
90.0	-0.010209
100.0	-0.010209
110.0	-0.010209
120.0	-0.016042
130.0	-0.016042
140.0	-0.011181
150.0	-0.008993
160.0	-0.008993
170.0	-0.007535
180.0	-0.007535
190.0	-0.007778
200.0	-0.00875
210.0	-0.007049
220.0	-0.007049
230.0	-0.000243
240.0	0.000486
250.0	0.000486
260.0	0.000243
270.0	-0.004375
280.0	-0.005347
290.0	-0.003889
300.0	-0.001458
310.0	-0.002188
320.0	-0.004375
330.0	-0.009236
340.0	-0.012153
350.0	-0.007535
360.0	-0.007535
370.0	-0.005834
380.0	-0.004618
390.0	0.002188
400.0	-0.004375
410.0	-0.000729
420.0	-0.001458
430.0	0.002674
440.0	0.001701
450.0	0.0
460.0	0.006077
470.0	0.008021
480.0	0.009479
490.0	0.010695
500.0	0.009966
510.0	0.009966
520.0	0.01191
530.0	0.005104
540.0	-0.000972
550.0	0.003646
560.0	0.002431
570.0	0.004375
580.0	0.005104
590.0	-0.001945
600.0	0.003403
610.0	-0.00316
620.0	-0.010452
630.0	-0.009236
640.0	-0.004861
650.0	-0.013855
660.0	-0.020417
670.0	-0.010452
680.0	-0.010452
690.0	-0.014584
700.0	-0.00559
710.0	-0.004618
720.0	-0.005104
730.0	-0.002431
740.0	-0.001458
750.0	0.006806
760.0	-0.000486
770.0	0.005347
780.0	-0.000243
790.0	0.000243
800.0	-0.004618
810.0	-0.003889
820.0	-0.003889
830.0	0.000486
840.0	0.0
850.0	0.001458
860.0	0.0
870.0	0.0
880.0	0.000486
890.0	0.000486
900.0	0.000486
910.0	0.000486
920.0	-0.010209
930.0	-0.012396
940.0	-0.010209
950.0	-0.013368
960.0	-0.007292
970.0	-0.00632
980.0	-0.006806
990.0	-0.006806
1000.0	-0.002917
1010.0	-0.000243
1020.0	-0.000243
1030.0	-0.000243
1040.0	0.004861
1050.0	0.007535
1060.0	0.004618
1070.0	0.000486
1080.0	-0.004618
1090.0	0.00316
1100.0	0.016042
1110.0	0.004618
1120.0	0.013612
1130.0	0.006806
1140.0	-0.002188
1150.0	-0.002188
1160.0	-0.008021
1170.0	-0.012396
1180.0	-0.022362
1190.0	-0.016771
1200.0	-0.013612
1210.0	-0.009236
1220.0	-0.012396
1230.0	-0.015799
1240.0	-0.02382
1250.0	-0.03014
1260.0	-0.02382
1270.0	-0.01823
1280.0	-0.019931
1290.0	-0.023091
1300.0	0.004618
1310.0	0.006806
1320.0	0.00559
1330.0	0.007292
1340.0	-0.001458
1350.0	0.005347
1360.0	0.003889
1370.0	0.008507
1380.0	0.002431
1390.0	0.008021
1400.0	0.008264
1410.0	0.003403
1420.0	0.004132
1430.0	0.010695
1440.0	0.003889
1450.0	0.010938
1460.0	0.007292
1470.0	0.010695
1480.0	0.01191
1490.0	0.014827
1500.0	0.015799
1510.0	0.009966
1520.0	-0.001458
1530.0	-0.005104
1540.0	-0.001215
1550.0	0.001458
1560.0	0.002188
1570.0	-0.004375
1580.0	-0.005104
1590.0	0.000486
1600.0	-0.003646
1610.0	-0.002674
1620.0	0.004375
1630.0	0.002674
1640.0	-0.003889
1650.0	-0.011424
1660.0	-0.005347
1670.0	-0.004375
1680.0	-0.002188
1690.0	0.005104
1700.0	0.003889
1710.0	0.007292
1720.0	0.002188
1730.0	0.004618
1740.0	0.002917
1750.0	0.00316
1760.0	-0.003646
1770.0	-0.003646
1780.0	-0.003403
1790.0	-0.009966
1800.0	-0.010938
1810.0	-0.007535
1820.0	-0.008264
1830.0	-0.012882
1840.0	-0.010695
1850.0	-0.004861
1860.0	-0.007292
1870.0	-0.008021
1880.0	-0.008021
1890.0	-0.000486
1900.0	0.002188
1910.0	0.0
1920.0	-0.001215
1930.0	-0.007049
1940.0	-0.00559
1950.0	-0.00632
1960.0	-0.001215
1970.0	0.001701
1980.0	0.004375
1990.0	0.009236
2000.0	0.009236
2010.0	0.006077
2020.0	0.004375
2030.0	0.009236
2040.0	0.012153
2050.0	0.012153
2060.0	0.001701
2070.0	0.002917
2080.0	0.013125
2090.0	0.008264
2100.0	0.001701
2110.0	-0.003646
2120.0	0.002188
2130.0	0.002431
2140.0	0.00559
2150.0	0.009479
2160.0	0.009479
2170.0	0.001458
2180.0	0.000243
2190.0	0.00632
2200.0	0.000486
2210.0	0.000486
2220.0	-0.005347
2230.0	-0.006077
2240.0	-0.006077
2250.0	-0.000972
2260.0	-0.005834
2270.0	0.000486
2280.0	-0.000486
2290.0	-0.00316
2300.0	-0.004861
2310.0	-0.010209
2320.0	0.000972
2330.0	-0.002431
2340.0	0.0
2350.0	-0.003403
2360.0	-0.005347
2370.0	-0.004132
2380.0	-0.007049
2390.0	-0.004375
2400.0	-0.016285
2410.0	-0.008021
2420.0	-0.004618
2430.0	-0.008264
2440.0	-0.010209
2450.0	-0.004861
2460.0	-0.004618
2470.0	-0.016042
2480.0	-0.00559
2490.0	-0.00559
2500.0	-0.008021
2510.0	-0.000486
2520.0	0.005104
2530.0	0.004132
2540.0	0.008264
2550.0	0.011667
2560.0	0.012153
2570.0	0.007778
2580.0	0.004861
2590.0	-0.000729
2600.0	-0.000729
2610.0	-0.000729
2620.0	0.001701
2630.0	0.001458
2640.0	-0.004618
2650.0	-0.004861
2660.0	-0.004861
2670.0	-0.002674
2680.0	-0.000243
2690.0	-0.010695
2700.0	-0.010452
2710.0	-0.013125
2720.0	-0.008021
2730.0	-0.009966
2740.0	-0.005104
2750.0	-0.006806
2760.0	-0.009479
2770.0	-0.011667
2780.0	-0.00632
2790.0	-0.010452
2800.0	-0.013855
2810.0	-0.012639
2820.0	-0.000729
2830.0	0.001215
2840.0	0.000972
2850.0	0.009236
2860.0	0.002917
2870.0	0.002917
2880.0	-0.003646
2890.0	-0.000243
2900.0	-0.00316
2910.0	0.000972
2920.0	0.002188
2930.0	-0.001945
2940.0	0.006806
2950.0	0.007535
2960.0	0.002674
2970.0	-0.006563
2980.0	-0.000729
2990.0	-0.004375
3000.0	-0.007535
3010.0	0.000486
3020.0	-0.004375
3030.0	0.006077
3040.0	0.011181
3050.0	0.01191
3060.0	0.00559
3070.0	0.007535
3080.0	0.012153
3090.0	0.018716
3100.0	0.019931
3110.0	0.019931
3120.0	0.017014
3130.0	0.016042
3140.0	0.017744
3150.0	0.003889
3160.0	0.006563
3170.0	0.004375
3180.0	0.009723
3190.0	0.006563
3200.0	0.004618
3210.0	0.004375
3220.0	-0.001215
3230.0	0.002917
3240.0	0.00632
3250.0	0.009479
3260.0	0.014341
3270.0	0.014341
3280.0	0.021147
3290.0	0.021147
3300.0	0.015556
3310.0	0.018473
3320.0	0.014341
3330.0	0.007049
3340.0	0.002674
3350.0	0.006806
3360.0	0.002431
3370.0	0.002188
3380.0	-0.003646
3390.0	-0.006563
3400.0	-0.008021
3410.0	-0.014584
3420.0	-0.012639
3430.0	-0.012396
3440.0	-0.014341
3450.0	-0.009966
3460.0	-0.009966
3470.0	-0.004618
3480.0	-0.004618
3490.0	0.000972
3500.0	0.00559
3510.0	-0.004861
3520.0	-0.00316
3530.0	0.001945
3540.0	-0.001945
3550.0	0.0
3560.0	0.0
3570.0	-0.005834
3580.0	-0.008021
3590.0	-0.004375
3600.0	-0.004375
3610.0	0.001458
3620.0	-0.001701
3630.0	-0.002674
3640.0	0.002431
3650.0	0.005834
3660.0	0.016771
3670.0	0.017501
3680.0	0.017744
3690.0	0.012882
3700.0	0.007535
3710.0	0.004375
3720.0	0.008993
3730.0	0.009723
3740.0	0.014584
3750.0	0.013855
3760.0	0.012396
3770.0	0.013368
3780.0	0.017014
3790.0	0.017014
3800.0	0.013368
3810.0	0.007049
3820.0	0.009966
3830.0	0.014584
3840.0	0.009236
3850.0	0.012153
3860.0	0.01191
3870.0	0.010938
3880.0	0.010452
3890.0	0.007535
3900.0	0.010452
3910.0	0.010452
3920.0	0.004375
3930.0	0.001945
3940.0	0.003889
3950.0	-0.000972
3960.0	-0.000972
3970.0	-0.004618
3980.0	0.004375
3990.0	0.000729
4000.0	0.002917
4010.0	0.000972
4020.0	-0.001701
4030.0	-0.000972
4040.0	-0.001458
4050.0	-0.005104
4060.0	-0.005104
4070.0	-0.009966
4080.0	-0.013612
4090.0	-0.00632
4100.0	-0.007049
4110.0	-0.007049
4120.0	-0.014584
4130.0	-0.012396
4140.0	-0.009966
4150.0	-0.007049
4160.0	-0.010695
4170.0	-0.016042
4180.0	-0.025522
4190.0	-0.014098
4200.0	-0.018473
4210.0	-0.018716
4220.0	-0.018716
4230.0	-0.014827
4240.0	-0.014584
4250.0	-0.003646
4260.0	-0.003403
4270.0	0.004861
4280.0	-0.000729
4290.0	0.000243
4300.0	0.001945
4310.0	0.010209
4320.0	0.010209
4330.0	0.005104
4340.0	0.005104
4350.0	0.002188
4360.0	0.008507
4370.0	0.000729
4380.0	0.008264
4390.0	0.012639
4400.0	0.012396
4410.0	0.01191
4420.0	0.002917
4430.0	-0.001945
4440.0	0.002188
4450.0	0.005104
4460.0	0.00559
4470.0	0.005104
4480.0	-0.00316
4490.0	-0.001701
4500.0	-0.002431
4510.0	-0.000972
4520.0	0.006806
4530.0	0.000486
4540.0	0.004375
4550.0	-0.007535
4560.0	-0.014584
4570.0	-0.005347
4580.0	0.004618
4590.0	0.00316
4600.0	0.011667
4610.0	0.006563
4620.0	0.004618
4630.0	0.004618
4640.0	0.010209
4650.0	0.004375
4660.0	0.009723
4670.0	0.012882
4680.0	0.005104
4690.0	-0.000729
4700.0	-0.000972
4710.0	0.000486
4720.0	-0.004861
4730.0	-0.003646
4740.0	-0.012153
4750.0	-0.016528
4760.0	-0.012153
4770.0	-0.013125
4780.0	-0.008264
4790.0	-0.004861
4800.0	0.003403
4810.0	0.000486
4820.0	0.001945
4830.0	-0.004618
4840.0	-0.003646
4850.0	-0.008021
4860.0	-0.010938
4870.0	-0.004132
4880.0	-0.004132
4890.0	-0.004132
4900.0	-0.005347
4910.0	-0.006806
4920.0	-0.006806
4930.0	-0.009479
4940.0	-0.009236
4950.0	-0.014584
4960.0	-0.015556
4970.0	-0.015556
4980.0	-0.015799
4990.0	-0.015799
5000.0	-0.008021
5010.0	-0.009236
5020.0	-0.000972
5030.0	0.001945
5040.0	0.005104
5050.0	-0.001945
5060.0	0.000243
5070.0	-0.000243
5080.0	-0.000243
5090.0	-0.000729
5100.0	0.001945
5110.0	0.007292
5120.0	0.007292
5130.0	0.009723
5140.0	0.013855
5150.0	0.002188
5160.0	-0.000729
5170.0	-0.009966
5180.0	-0.017744
5190.0	-0.010695
5200.0	-0.010938
5210.0	-0.010938
5220.0	-0.007292
5230.0	-0.007778
5240.0	-0.004618
5250.0	-0.004618
5260.0	-0.000729
5270.0	-0.00875
5280.0	-0.006806
5290.0	-0.007292
5300.0	-0.008021
5310.0	-0.007292
5320.0	-0.006806
5330.0	0.001945
5340.0	-0.00316
5350.0	-0.005104
5360.0	-0.005104
5370.0	-0.005104
5380.0	-0.003646
5390.0	-0.001215
5400.0	0.0
5410.0	-0.00316
5420.0	0.002431
5430.0	-0.006806
5440.0	-0.006806
5450.0	-0.007778
5460.0	0.001458
5470.0	0.001458
5480.0	0.000729
5490.0	-0.004861
5500.0	0.003889
5510.0	0.003889
5520.0	0.004618
5530.0	-0.001701
5540.0	0.000972
5550.0	-0.00316
5560.0	-0.007535
5570.0	-0.001945
5580.0	0.003646
5590.0	0.003646
5600.0	-0.00316
5610.0	-0.003646
5620.0	-0.004375
5630.0	-0.012639
5640.0	-0.003889
5650.0	-0.005104
5660.0	-0.002674
5670.0	0.00875
5680.0	0.001458
5690.0	0.009479
5700.0	0.009479
5710.0	0.010938
5720.0	0.004618
5730.0	0.01191
5740.0	0.004375
5750.0	0.012882
5760.0	0.008993
5770.0	0.008993
5780.0	0.007049
5790.0	0.006806
5800.0	0.002674
5810.0	0.010938
5820.0	0.012639
5830.0	0.012639
5840.0	0.006563
5850.0	0.006563
5860.0	0.000972
5870.0	0.000729
5880.0	-0.000486
5890.0	-0.000729
5900.0	0.001701
5910.0	0.005347
5920.0	0.011181
5930.0	0.006806
5940.0	0.004375
5950.0	0.008993
5960.0	0.003403
5970.0	-0.00316
5980.0	-0.006806
5990.0	-0.012153
6000.0	-0.009966
6010.0	-0.003889
6020.0	-0.002431
6030.0	-0.002674
6040.0	0.006077
6050.0	0.003403
6060.0	0.007778
6070.0	0.005104
6080.0	-0.000486
6090.0	-0.000486
6100.0	-0.002188
6110.0	-0.006806
6120.0	-0.00875
6130.0	-0.001701
6140.0	-0.003646
6150.0	-0.007292
6160.0	-0.005347
6170.0	-0.007535
6180.0	-0.002188
6190.0	-0.000729
6200.0	0.0
6210.0	0.001458
6220.0	0.002188
6230.0	-0.000243
6240.0	-0.000243
6250.0	-0.003403
6260.0	-0.002917
6270.0	-0.002431
6280.0	-0.001215
6290.0	-0.001945
6300.0	-0.000729
6310.0	0.005104
6320.0	0.005104
6330.0	-0.007049
6340.0	-0.007535
6350.0	-0.007535
6360.0	-0.007292
6370.0	-0.006806
6380.0	-0.005834
6390.0	-0.013612
6400.0	-0.011424
6410.0	-0.019445
6420.0	-0.019445
6430.0	-0.013855
6440.0	-0.012639
6450.0	-0.005104
6460.0	0.001945
6470.0	0.004618
6480.0	0.003889
6490.0	0.010695
6500.0	0.017014
6510.0	0.014827
6520.0	0.016528
6530.0	0.010209
6540.0	0.010695
6550.0	0.015799
6560.0	0.010695
6570.0	0.003403
6580.0	0.00316
6590.0	0.009236
6600.0	0.011181
6610.0	0.01823
6620.0	0.024549
6630.0	0.022362
6640.0	0.022362
6650.0	0.022362
6660.0	0.026737
6670.0	0.01507
6680.0	0.012396
6690.0	0.012882
6700.0	0.012882
6710.0	0.012882
6720.0	0.008507
6730.0	0.004375
6740.0	0.011424
6750.0	0.00559
6760.0	0.010452
6770.0	0.010938
6780.0	0.015556
6790.0	0.02066
6800.0	0.015799
6810.0	0.002188
6820.0	-0.007292
6830.0	0.000972
6840.0	-0.002674
6850.0	-0.010938
6860.0	-0.010938
6870.0	-0.009723
6880.0	-0.009236
6890.0	-0.004375
6900.0	0.002674
6910.0	0.002674
6920.0	0.004375
6930.0	-0.001458
6940.0	-0.001701
6950.0	0.00632
6960.0	0.009723
6970.0	0.008021
6980.0	0.012396
6990.0	0.008507
7000.0	0.014584
7010.0	0.014098
7020.0	0.007778
7030.0	0.005834
7040.0	0.006806
7050.0	0.002674
7060.0	0.000486
7070.0	0.004861
7080.0	0.004861
7090.0	0.005104
7100.0	0.00875
7110.0	0.00875
7120.0	0.001458
7130.0	0.00559
7140.0	0.00559
7150.0	0.001945
7160.0	0.003403
7170.0	0.007049
7180.0	0.00875
7190.0	0.009723
7200.0	0.011424
7210.0	0.005347
7220.0	0.00559
7230.0	0.00559
7240.0	0.001945
7250.0	0.001945
7260.0	-0.009479
7270.0	-0.003889
7280.0	-0.011424
7290.0	-0.013855
7300.0	-0.004132
7310.0	-0.007778
7320.0	-0.008993
7330.0	-0.010452
7340.0	-0.00875
7350.0	-0.01191
7360.0	-0.004375
7370.0	-0.015313
7380.0	-0.017014
7390.0	-0.012639
7400.0	-0.012396
7410.0	-0.015799
7420.0	-0.008507
7430.0	-0.00875
7440.0	-0.010695
7450.0	-0.009479
7460.0	-0.009479
7470.0	-0.015799
7480.0	-0.019931
7490.0	-0.019688
7500.0	-0.010695
7510.0	-0.005104
7520.0	-0.013125
7530.0	-0.004618
7540.0	-0.005104
7550.0	-0.004132
7560.0	-0.008507
7570.0	0.001701
7580.0	0.002431
7590.0	0.003403
7600.0	0.002917
7610.0	0.002917
7620.0	0.002674
7630.0	-0.005104
7640.0	0.000243
7650.0	-0.001701
7660.0	-0.000972
7670.0	-0.00559
7680.0	-0.004375
7690.0	-0.005347
7700.0	-0.00316
7710.0	-0.002188
7720.0	-0.002674
7730.0	-0.008507
7740.0	-0.001458
7750.0	-0.001458
7760.0	-0.000972
7770.0	-0.011424
7780.0	-0.008264
7790.0	-0.002917
7800.0	-0.003889
7810.0	-0.005834
7820.0	0.001945
7830.0	0.003889
7840.0	-0.00875
7850.0	0.000243
7860.0	0.003646
7870.0	0.0
7880.0	-0.002917
7890.0	-0.004618
7900.0	-0.006563
7910.0	0.0
7920.0	-0.002431
7930.0	-0.006563
7940.0	-0.005347
7950.0	-0.012882
7960.0	-0.01191
7970.0	-0.007778
7980.0	-0.012153
7990.0	-0.012153
8000.0	-0.017744
8010.0	-0.015313
8020.0	-0.007292
8030.0	-0.007535
8040.0	-0.010452
8050.0	-0.00875
8060.0	-0.000729
8070.0	-0.006077
8080.0	-0.004861
8090.0	0.004132
8100.0	-0.008507
8110.0	-0.004132
8120.0	-0.004132
8130.0	-0.004375
8140.0	-0.006563
8150.0	-0.006563
8160.0	-0.001458
8170.0	-0.005347
8180.0	-0.001701
8190.0	-0.002917
8200.0	-0.001215
8210.0	-0.001215
8220.0	0.012153
8230.0	0.008993
8240.0	0.009479
8250.0	0.003889
8260.0	0.009236
8270.0	0.012153
8280.0	0.014584
8290.0	0.021147
8300.0	0.021147
8310.0	0.024792
8320.0	0.025036
8330.0	0.033543
8340.0	0.02698
8350.0	0.031355
8360.0	0.029411
8370.0	0.025036
8380.0	0.028681
8390.0	0.025279
8400.0	0.025279
8410.0	0.033786
8420.0	0.028195
8430.0	0.02698
8440.0	0.025036
8450.0	0.024549
8460.0	0.024792
8470.0	0.021147
8480.0	0.016528
8490.0	0.010938
8500.0	0.009966
8510.0	0.010452
8520.0	0.009723
8530.0	0.006806
8540.0	0.002431
8550.0	-0.000729
8560.0	-0.007778
8570.0	-0.006563
8580.0	-0.002431
8590.0	0.000243
8600.0	-0.002431
8610.0	-0.003889
8620.0	-0.005347
8630.0	-0.014098
8640.0	-0.018473
8650.0	-0.007535
8660.0	-0.012153
8670.0	-0.024306
8680.0	-0.021876
8690.0	-0.026008
8700.0	-0.026008
8710.0	-0.027466
8720.0	-0.02139
8730.0	-0.021633
8740.0	-0.027223
8750.0	-0.027223
8760.0	-0.023334
8770.0	-0.020417
8780.0	-0.018959
8790.0	-0.02066
8800.0	-0.02382
8810.0	-0.011424
8820.0	-0.001458
8830.0	-0.013125
8840.0	-0.020903
8850.0	-0.01823
8860.0	-0.023334
8870.0	-0.016528
8880.0	-0.014584
8890.0	-0.013612
8900.0	-0.008993
8910.0	-0.01191
8920.0	-0.006077
8930.0	-0.011667
8940.0	-0.017987
8950.0	-0.014341
8960.0	-0.00632
8970.0	-0.008021
8980.0	-0.012639
8990.0	-0.014341
9000.0	-0.010209
9010.0	-0.008264
9020.0	-0.008993
9030.0	-0.017257
9040.0	-0.011667
9050.0	-0.011424
9060.0	-0.005347
9070.0	0.000972
9080.0	0.002431
9090.0	0.005834
9100.0	0.004375
9110.0	0.002431
9120.0	0.012882
9130.0	0.009479
9140.0	0.012639
9150.0	0.012639
9160.0	0.022362
9170.0	0.022119
9180.0	0.021633
9190.0	0.012153
9200.0	0.010209
9210.0	0.009723
9220.0	0.009236
9230.0	0.011181
9240.0	0.007049
9250.0	0.006563
9260.0	0.000486
9270.0	-0.00316
9280.0	0.001215
9290.0	0.001215
9300.0	-0.004132
9310.0	-0.003646
9320.0	-0.000486
9330.0	0.000486
9340.0	-0.004375
9350.0	-0.006077
9360.0	-0.00632
9370.0	-0.006806
9380.0	-0.00316
9390.0	-0.002431
9400.0	-0.002431
9410.0	0.004861
9420.0	0.001458
9430.0	-0.001945
9440.0	0.004375
9450.0	0.000729
9460.0	-0.007049
9470.0	-0.006077
9480.0	-0.008264
9490.0	-0.001215
9500.0	0.018716
9510.0	0.016285
9520.0	0.012153
9530.0	0.012153
9540.0	0.012153
9550.0	0.00316
9560.0	-0.003403
9570.0	-0.006563
9580.0	-0.010695
9590.0	-0.013368
9600.0	-0.013855
9610.0	-0.014098
9620.0	-0.009236
9630.0	-0.010695
9640.0	-0.012153
9650.0	-0.006563
9660.0	0.004861
9670.0	0.008264
9680.0	0.013125
9690.0	0.013125
9700.0	0.01191
9710.0	0.012153
9720.0	0.013125
9730.0	-0.002917
9740.0	-0.002674
9750.0	-0.002674
9760.0	-0.004618
9770.0	-0.004861
9780.0	-0.005347
9790.0	-0.002674
9800.0	-0.001458
9810.0	-0.001215
9820.0	-0.003646
9830.0	-0.005834
9840.0	-0.005834
9850.0	-0.002917
9860.0	-0.001458
9870.0	0.010695
9880.0	0.009479
9890.0	0.010938
9900.0	0.009479
9910.0	0.003646
9920.0	0.000486
9930.0	-0.000729
9940.0	-0.001458
9950.0	0.003403
9960.0	0.003889
9970.0	0.003889
9980.0	-0.002188
9990.0	0.000486
10000.0	-0.01191
10010.0	-0.007049
10020.0	-0.007049
10030.0	-0.00559
10040.0	-0.007292
10050.0	-0.005834
10060.0	-0.008021
10070.0	-0.007535
10080.0	-0.012153
10090.0	-0.007049
10100.0	0.001215
10110.0	0.000243
10120.0	0.000729
10130.0	-0.005347
10140.0	-0.005347
10150.0	-0.003889
10160.0	-0.002431
10170.0	-0.002431
10180.0	-0.003646
10190.0	-0.005347
10200.0	-0.007292
10210.0	-0.011667
10220.0	-0.014827
10230.0	-0.010938
10240.0	-0.010938
10250.0	-0.004861
10260.0	0.00559
10270.0	0.002188
10280.0	0.002188
10290.0	0.002188
10300.0	0.002188
10310.0	-0.002431
10320.0	-0.00875
10330.0	-0.009236
10340.0	-0.00875
10350.0	-0.00875
10360.0	-0.013855
10370.0	-0.013855
10380.0	-0.010695
10390.0	-0.004132
10400.0	0.00316
10410.0	-0.001701
10420.0	-0.004861
10430.0	-0.002188
10440.0	-0.004861
10450.0	-0.000243
10460.0	-0.000243
10470.0	0.000729
10480.0	0.006563
10490.0	0.000729
10500.0	0.000729
10510.0	-0.002917
10520.0	0.000729
10530.0	0.002431
10540.0	0.000729
10550.0	0.008021
10560.0	0.001945
10570.0	0.002674
10580.0	0.001215
10590.0	-0.004375
10600.0	-0.003646
10610.0	0.002188
10620.0	0.002188
10630.0	0.009966
10640.0	0.00559
10650.0	0.010695
10660.0	0.010209
10670.0	0.010209
10680.0	0.014827
10690.0	0.016771
10700.0	0.014584
10710.0	0.011667
10720.0	0.003403
10730.0	0.002431
10740.0	0.00316
10750.0	0.003889
10760.0	0.003889
10770.0	0.002674
10780.0	0.002674
10790.0	0.000486
10800.0	0.000486
10810.0	0.000486
10820.0	0.002188
10830.0	-0.005347
10840.0	-0.005347
10850.0	-0.003889
10860.0	-0.000486
10870.0	0.002431
10880.0	-0.005347
10890.0	-0.018959
10900.0	-0.015799
10910.0	-0.015799
10920.0	-0.009723
10930.0	-0.009236
10940.0	-0.003646
10950.0	-0.000729
10960.0	-0.010695
10970.0	-0.003403
10980.0	-0.002188
10990.0	-0.013125
11000.0	-0.014827
11010.0	-0.005104
11020.0	-0.005834
11030.0	-0.005834
11040.0	0.002674
11050.0	-0.007778
11060.0	-0.008507
11070.0	-0.003403
11080.0	-0.008264
11090.0	-0.01191
11100.0	-0.012153
11110.0	-0.019688
11120.0	-0.019688
11130.0	-0.016285
11140.0	-0.018716
11150.0	-0.018716
11160.0	-0.017501
11170.0	-0.017501
11180.0	-0.003646
11190.0	-0.006563
11200.0	-0.003646
11210.0	-0.00875
11220.0	-0.00875
11230.0	-0.009236
11240.0	-0.002188
11250.0	0.002188
11260.0	0.00875
11270.0	0.016528
11280.0	0.018716
11290.0	0.013855
11300.0	0.010209
11310.0	0.010695
11320.0	0.009723
11330.0	0.008993
11340.0	0.002674
11350.0	0.000729
11360.0	-0.002917
11370.0	0.002431
11380.0	0.007778
11390.0	0.004132
11400.0	0.000972
11410.0	-0.001701
11420.0	-0.007292
11430.0	-0.007292
11440.0	-0.000486
11450.0	-0.002188
11460.0	-0.001215
11470.0	0.004132
11480.0	0.00316
11490.0	0.008993
11500.0	0.004861
11510.0	-0.000243
11520.0	-0.004375
11530.0	-0.004375
11540.0	-0.004132
11550.0	-0.003889
11560.0	-0.002431
11570.0	-0.002431
11580.0	-0.001701
11590.0	-0.001701
11600.0	0.000486
11610.0	0.002431
11620.0	0.006077
11630.0	0.006077
11640.0	-0.000486
11650.0	-0.000486
11660.0	0.00559
11670.0	-0.002431
11680.0	0.002188
11690.0	0.003889
11700.0	0.001458
11710.0	-0.001215
11720.0	0.006077
11730.0	0.002431
11740.0	0.000243
11750.0	0.004132
11760.0	0.010938
11770.0	0.019202
11780.0	0.007535
11790.0	0.001701
11800.0	0.010452
11810.0	0.014341
11820.0	0.014341
11830.0	0.009236
11840.0	0.00875
11850.0	0.010452
11860.0	0.004861
11870.0	-0.008021
11880.0	-0.016042
11890.0	-0.000972
11900.0	0.003403
11910.0	-0.001458
11920.0	-0.002431
11930.0	-0.002917
11940.0	-0.002674
11950.0	-0.001701
11960.0	0.007778
11970.0	0.013612
11980.0	0.002431
11990.0	-0.001458
12000.0	-0.005834
12010.0	-0.005834
12020.0	-0.010938
12030.0	-0.005104
12040.0	-0.009723
12050.0	-0.009966
12060.0	-0.011667
12070.0	-0.008021
12080.0	-0.014098
12090.0	-0.020174
12100.0	-0.017987
12110.0	-0.019445
12120.0	-0.009236
12130.0	-0.009236
12140.0	-0.009236
12150.0	-0.010938
12160.0	-0.007292
12170.0	-0.00316
12180.0	-0.001701
12190.0	-0.004132
12200.0	-0.011424
12210.0	-0.011181
12220.0	-0.011424
12230.0	-0.001215
12240.0	-0.007778
12250.0	-0.008021
12260.0	-0.008507
12270.0	-0.007778
12280.0	-0.001701
12290.0	-0.006806
12300.0	-0.010938
12310.0	-0.016042
12320.0	-0.02066
12330.0	-0.019931
12340.0	-0.022362
12350.0	-0.010452
12360.0	-0.010452
12370.0	-0.017257
12380.0	-0.01191
12390.0	-0.01191
12400.0	-0.007535
12410.0	-0.008993
12420.0	-0.010209
12430.0	-0.012639
12440.0	-0.00632
12450.0	-0.014341
12460.0	-0.000729
12470.0	0.009236
12480.0	0.017257
12490.0	0.010938
12500.0	0.010695
12510.0	0.00875
12520.0	0.000729
12530.0	0.0
12540.0	0.005347
12550.0	0.007778
12560.0	0.004861
12570.0	0.006563
12580.0	0.002674
12590.0	0.007778
12600.0	0.004132
12610.0	0.009236
12620.0	0.015313
12630.0	0.011181
12640.0	-0.007049
12650.0	0.001701
12660.0	-0.001701
12670.0	-0.00316
12680.0	-0.011667
12690.0	-0.014584
12700.0	-0.010209
12710.0	-0.005834
12720.0	-0.001215
12730.0	0.001458
12740.0	0.000972
12750.0	0.004861
12760.0	0.014827
12770.0	0.013612
12780.0	0.021876
12790.0	0.025765
12800.0	0.028925
12810.0	0.017257
12820.0	0.028925
12830.0	0.017257
12840.0	0.017987
12850.0	-0.002188
12860.0	-0.004132
12870.0	-0.008264
12880.0	-0.007049
12890.0	-0.007049
12900.0	-0.006563
12910.0	-0.005347
12920.0	0.006077
12930.0	0.011181
12940.0	0.00875
12950.0	0.010209
12960.0	0.009236
12970.0	0.019931
12980.0	0.016771
12990.0	0.014341
13000.0	0.011667
13010.0	0.007292
13020.0	0.00316
13030.0	-0.000486
13040.0	-0.008021
13050.0	-0.008264
13060.0	-0.017744
13070.0	-0.012153
13080.0	-0.015799
13090.0	-0.016042
13100.0	-0.009966
13110.0	-0.007535
13120.0	0.002188
13130.0	0.007778
13140.0	0.003889
13150.0	0.001458
13160.0	-0.000729
13170.0	-0.000729
13180.0	-0.005834
13190.0	-0.012882
13200.0	-0.01191
13210.0	-0.016042
13220.0	-0.021633
13230.0	-0.019931
13240.0	-0.020903
13250.0	-0.025765
13260.0	-0.026737
13270.0	-0.026737
13280.0	-0.027709
13290.0	-0.02382
13300.0	-0.017987
13310.0	-0.015313
13320.0	-0.012396
13330.0	-0.007292
13340.0	-0.015313
13350.0	-0.013612
13360.0	-0.014341
13370.0	-0.014341
13380.0	-0.015556
13390.0	-0.019688
13400.0	-0.014341
13410.0	-0.008507
13420.0	-0.004861
13430.0	-0.007049
13440.0	-0.007049
13450.0	-0.007049
13460.0	-0.002188
13470.0	-0.002188
13480.0	-0.001701
13490.0	-0.00632
13500.0	-0.002917
13510.0	0.000486
13520.0	-0.000729
13530.0	0.010695
13540.0	0.010695
13550.0	0.005347
13560.0	0.009236
13570.0	0.010938
13580.0	0.00559
13590.0	0.003403
13600.0	-0.002917
13610.0	-0.008021
13620.0	-0.006077
13630.0	-0.010938
13640.0	-0.011181
13650.0	-0.006806
13660.0	-0.002917
13670.0	-0.007292
13680.0	-0.000486
13690.0	-0.004618
13700.0	0.007535
13710.0	0.007535
13720.0	0.005834
13730.0	0.00875
13740.0	0.008264
13750.0	0.008507
13760.0	0.008021
13770.0	0.00316
13780.0	0.00316

&

10.0	0.000198
20.0	0.000233
30.0	0.000349
40.0	0.000349
50.0	0.000349
60.0	0.000349
70.0	0.000349
80.0	0.000454
90.0	0.000454
100.0	0.000454
110.0	0.000454
120.0	0.000593
130.0	0.000593
140.0	0.000559
150.0	0.000768
160.0	0.000768
170.0	0.000803
180.0	0.000803
190.0	0.000873
200.0	0.001024
210.0	0.001187
220.0	0.001187
230.0	0.001198
240.0	0.001164
250.0	0.001164
260.0	0.001326
270.0	0.00142
280.0	0.001361
290.0	0.001955
300.0	0.002153
310.0	0.002187
320.0	0.002094
330.0	0.002199
340.0	0.002362
350.0	0.00249
360.0	0.00249
370.0	0.002548
380.0	0.00263
390.0	0.002606
400.0	0.002781
410.0	0.002793
420.0	0.002816
430.0	0.003281
440.0	0.003363
450.0	0.003037
460.0	0.0032
470.0	0.00327
480.0	0.003142
490.0	0.003304
500.0	0.003409
510.0	0.003409
520.0	0.003142
530.0	0.003235
540.0	0.003176
550.0	0.00313
560.0	0.00306
570.0	0.003072
580.0	0.003188
590.0	0.003072
600.0	0.003025
610.0	0.002723
620.0	0.003025
630.0	0.003118
640.0	0.003014
650.0	0.003118
660.0	0.003328
670.0	0.003665
680.0	0.003665
690.0	0.003642
700.0	0.003735
710.0	0.00384
720.0	0.004072
730.0	0.003875
740.0	0.003816
750.0	0.003619
760.0	0.003363
770.0	0.003281
780.0	0.002932
790.0	0.003002
800.0	0.002793
810.0	0.003095
820.0	0.003095
830.0	0.002606
840.0	0.002967
850.0	0.002758
860.0	0.002862
870.0	0.002862
880.0	0.003072
890.0	0.003072
900.0	0.003072
910.0	0.002781
920.0	0.002816
930.0	0.002513
940.0	0.002734
950.0	0.002595
960.0	0.002851
970.0	0.00299
980.0	0.003304
990.0	0.003304
1000.0	0.003316
1010.0	0.003211
1020.0	0.003514
1030.0	0.003514
1040.0	0.003304
1050.0	0.003014
1060.0	0.002897
1070.0	0.002897
1080.0	0.002827
1090.0	0.002548
1100.0	0.002653
1110.0	0.002653
1120.0	0.00256
1130.0	0.002862
1140.0	0.002886
1150.0	0.002886
1160.0	0.003025
1170.0	0.003211
1180.0	0.003409
1190.0	0.003223
1200.0	0.003339
1210.0	0.003712
1220.0	0.003642
1230.0	0.003968
1240.0	0.003456
1250.0	0.0037
1260.0	0.003467
1270.0	0.003339
1280.0	0.003444
1290.0	0.003654
1300.0	0.00356
1310.0	0.003572
1320.0	0.003723
1330.0	0.003851
1340.0	0.003933
1350.0	0.004003
1360.0	0.004072
1370.0	0.00384
1380.0	0.004072
1390.0	0.003712
1400.0	0.003595
1410.0	0.003619
1420.0	0.0037
1430.0	0.003805
1440.0	0.003851
1450.0	0.00391
1460.0	0.003805
1470.0	0.003886
1480.0	0.00384
1490.0	0.004154
1500.0	0.004014
1510.0	0.003828
1520.0	0.003572
1530.0	0.003363
1540.0	0.003363
1550.0	0.00327
1560.0	0.003374
1570.0	0.003223
1580.0	0.003304
1590.0	0.003421
1600.0	0.003211
1610.0	0.003293
1620.0	0.003421
1630.0	0.003572
1640.0	0.003211
1650.0	0.00327
1660.0	0.00306
1670.0	0.00306
1680.0	0.003211
1690.0	0.003304
1700.0	0.003176
1710.0	0.003281
1720.0	0.0032
1730.0	0.002897
1740.0	0.002432
1750.0	0.002676
1760.0	0.002432
1770.0	0.002432
1780.0	0.002374
1790.0	0.002571
1800.0	0.002665
1810.0	0.002525
1820.0	0.002443
1830.0	0.002653
1840.0	0.002513
1850.0	0.002374
1860.0	0.002374
1870.0	0.002537
1880.0	0.002537
1890.0	0.002478
1900.0	0.002583
1910.0	0.002339
1920.0	0.002513
1930.0	0.002653
1940.0	0.002595
1950.0	0.002513
1960.0	0.002513
1970.0	0.002618
1980.0	0.002583
1990.0	0.002839
2000.0	0.002839
2010.0	0.002804
2020.0	0.002781
2030.0	0.002781
2040.0	0.002374
2050.0	0.002374
2060.0	0.002281
2070.0	0.002385
2080.0	0.002432
2090.0	0.002537
2100.0	0.002746
2110.0	0.002804
2120.0	0.002886
2130.0	0.002874
2140.0	0.002606
2150.0	0.002734
2160.0	0.002734
2170.0	0.002618
2180.0	0.002746
2190.0	0.00256
2200.0	0.002688
2210.0	0.002688
2220.0	0.002793
2230.0	0.002758
2240.0	0.002758
2250.0	0.002758
2260.0	0.002676
2270.0	0.002839
2280.0	0.002827
2290.0	0.002769
2300.0	0.002921
2310.0	0.003083
2320.0	0.002955
2330.0	0.002862
2340.0	0.002909
2350.0	0.003095
2360.0	0.002862
2370.0	0.003002
2380.0	0.003002
2390.0	0.0032
2400.0	0.002955
2410.0	0.002955
2420.0	0.003037
2430.0	0.002932
2440.0	0.002932
2450.0	0.002955
2460.0	0.002886
2470.0	0.003014
2480.0	0.002886
2490.0	0.002886
2500.0	0.002827
2510.0	0.002886
2520.0	0.002699
2530.0	0.002746
2540.0	0.002897
2550.0	0.002781
2560.0	0.002886
2570.0	0.002955
2580.0	0.003223
2590.0	0.003304
2600.0	0.003304
2610.0	0.003304
2620.0	0.002967
2630.0	0.00299
2640.0	0.002897
2650.0	0.002851
2660.0	0.002851
2670.0	0.002793
2680.0	0.003025
2690.0	0.003002
2700.0	0.002967
2710.0	0.0032
2720.0	0.003107
2730.0	0.002979
2740.0	0.002769
2750.0	0.002955
2760.0	0.002583
2770.0	0.002478
2780.0	0.00256
2790.0	0.002583
2800.0	0.00242
2810.0	0.002443
2820.0	0.00256
2830.0	0.002269
2840.0	0.002164
2850.0	0.002246
2860.0	0.002478
2870.0	0.002478
2880.0	0.00249
2890.0	0.002513
2900.0	0.002502
2910.0	0.002478
2920.0	0.002432
2930.0	0.002374
2940.0	0.002478
2950.0	0.002409
2960.0	0.002397
2970.0	0.002385
2980.0	0.002315
2990.0	0.002374
3000.0	0.002164
3010.0	0.002409
3020.0	0.002455
3030.0	0.002199
3040.0	0.002211
3050.0	0.002257
3060.0	0.002269
3070.0	0.002246
3080.0	0.002537
3090.0	0.002327
3100.0	0.002397
3110.0	0.002397
3120.0	0.002211
3130.0	0.002478
3140.0	0.002397
3150.0	0.002222
3160.0	0.002606
3170.0	0.002478
3180.0	0.002315
3190.0	0.002269
3200.0	0.002059
3210.0	0.002141
3220.0	0.00171
3230.0	0.001466
3240.0	0.001815
3250.0	0.00199
3260.0	0.002176
3270.0	0.002176
3280.0	0.002281
3290.0	0.002281
3300.0	0.00256
3310.0	0.002327
3320.0	0.002548
3330.0	0.002176
3340.0	0.002315
3350.0	0.002432
3360.0	0.002339
3370.0	0.00235
3380.0	0.002211
3390.0	0.002211
3400.0	0.002164
3410.0	0.00235
3420.0	0.002304
3430.0	0.002513
3440.0	0.002571
3450.0	0.002618
3460.0	0.002618
3470.0	0.002537
3480.0	0.002537
3490.0	0.002665
3500.0	0.002362
3510.0	0.002269
3520.0	0.002385
3530.0	0.002525
3540.0	0.002618
3550.0	0.002827
3560.0	0.002827
3570.0	0.00299
3580.0	0.002979
3590.0	0.003211
3600.0	0.003211
3610.0	0.003235
3620.0	0.003211
3630.0	0.003293
3640.0	0.002909
3650.0	0.002432
3660.0	0.002816
3670.0	0.002979
3680.0	0.002897
3690.0	0.002793
3700.0	0.002804
3710.0	0.002688
3720.0	0.002734
3730.0	0.002688
3740.0	0.002467
3750.0	0.002641
3760.0	0.002734
3770.0	0.002525
3780.0	0.002315
3790.0	0.002315
3800.0	0.002699
3810.0	0.002595
3820.0	0.002874
3830.0	0.002513
3840.0	0.002385
3850.0	0.002571
3860.0	0.002804
3870.0	0.002886
3880.0	0.002769
3890.0	0.002478
3900.0	0.002478
3910.0	0.002478
3920.0	0.002281
3930.0	0.002304
3940.0	0.002641
3950.0	0.002583
3960.0	0.002269
3970.0	0.002164
3980.0	0.002129
3990.0	0.002374
4000.0	0.00235
4010.0	0.002304
4020.0	0.002327
4030.0	0.002281
4040.0	0.002525
4050.0	0.002374
4060.0	0.002374
4070.0	0.002374
4080.0	0.002315
4090.0	0.002304
4100.0	0.002339
4110.0	0.002339
4120.0	0.002339
4130.0	0.002246
4140.0	0.002153
4150.0	0.002164
4160.0	0.002118
4170.0	0.002118
4180.0	0.002234
4190.0	0.002339
4200.0	0.002176
4210.0	0.002059
4220.0	0.002059
4230.0	0.001908
4240.0	0.002013
4250.0	0.002013
4260.0	0.002071
4270.0	0.002036
4280.0	0.002071
4290.0	0.002269
4300.0	0.002455
4310.0	0.002525
4320.0	0.002525
4330.0	0.002513
4340.0	0.002513
4350.0	0.00242
4360.0	0.002618
4370.0	0.002723
4380.0	0.002688
4390.0	0.002665
4400.0	0.002793
4410.0	0.003037
4420.0	0.003107
4430.0	0.003444
4440.0	0.003293
4450.0	0.003339
4460.0	0.003281
4470.0	0.003072
4480.0	0.003165
4490.0	0.003211
4500.0	0.003316
4510.0	0.003432
4520.0	0.003432
4530.0	0.003304
4540.0	0.003118
4550.0	0.002839
4560.0	0.002723
4570.0	0.002839
4580.0	0.002827
4590.0	0.003014
4600.0	0.002967
4610.0	0.002793
4620.0	0.002571
4630.0	0.002571
4640.0	0.002653
4650.0	0.002653
4660.0	0.002839
4670.0	0.002886
4680.0	0.002571
4690.0	0.002816
4700.0	0.002467
4710.0	0.002455
4720.0	0.00242
4730.0	0.002525
4740.0	0.002385
4750.0	0.002537
4760.0	0.002525
4770.0	0.002362
4780.0	0.002537
4790.0	0.002537
4800.0	0.002537
4810.0	0.002746
4820.0	0.002746
4830.0	0.002606
4840.0	0.002513
4850.0	0.002118
4860.0	0.002432
4870.0	0.002234
4880.0	0.002443
4890.0	0.002443
4900.0	0.00235
4910.0	0.002292
4920.0	0.002292
4930.0	0.002432
4940.0	0.002327
4950.0	0.002246
4960.0	0.002246
4970.0	0.002246
4980.0	0.002199
4990.0	0.002339
5000.0	0.002257
5010.0	0.001978
5020.0	0.001978
5030.0	0.002013
5040.0	0.001862
5050.0	0.001838
5060.0	0.001524
5070.0	0.001792
5080.0	0.001792
5090.0	0.001978
5100.0	0.001792
5110.0	0.00178
5120.0	0.00178
5130.0	0.001966
5140.0	0.001769
5150.0	0.00185
5160.0	0.001931
5170.0	0.002211
5180.0	0.002059
5190.0	0.001745
5200.0	0.00192
5210.0	0.002071
5220.0	0.001862
5230.0	0.001862
5240.0	0.00199
5250.0	0.00199
5260.0	0.001908
5270.0	0.00199
5280.0	0.002106
5290.0	0.001978
5300.0	0.001931
5310.0	0.001955
5320.0	0.001908
5330.0	0.002164
5340.0	0.002001
5350.0	0.002013
5360.0	0.002013
5370.0	0.002013
5380.0	0.002269
5390.0	0.002211
5400.0	0.002246
5410.0	0.002304
5420.0	0.002339
5430.0	0.002571
5440.0	0.002443
5450.0	0.002129
5460.0	0.002467
5470.0	0.002467
5480.0	0.00242
5490.0	0.002432
5500.0	0.002699
5510.0	0.002699
5520.0	0.002502
5530.0	0.002537
5540.0	0.002699
5550.0	0.002734
5560.0	0.002688
5570.0	0.002955
5580.0	0.003351
5590.0	0.003351
5600.0	0.003432
5610.0	0.003374
5620.0	0.00363
5630.0	0.003595
5640.0	0.003677
5650.0	0.003526
5660.0	0.003782
5670.0	0.003514
5680.0	0.003677
5690.0	0.003747
5700.0	0.003747
5710.0	0.003619
5720.0	0.003712
5730.0	0.003293
5740.0	0.003514
5750.0	0.003421
5760.0	0.003502
5770.0	0.003502
5780.0	0.003572
5790.0	0.003421
5800.0	0.003398
5810.0	0.003293
5820.0	0.003432
5830.0	0.003432
5840.0	0.003514
5850.0	0.003805
5860.0	0.00363
5870.0	0.003665
5880.0	0.003514
5890.0	0.003572
5900.0	0.003758
5910.0	0.003363
5920.0	0.003549
5930.0	0.003619
5940.0	0.003374
5950.0	0.003351
5960.0	0.003502
5970.0	0.003421
5980.0	0.003537
5990.0	0.003235
6000.0	0.003258
6010.0	0.003293
6020.0	0.003258
6030.0	0.00313
6040.0	0.003014
6050.0	0.002874
6060.0	0.003002
6070.0	0.00256
6080.0	0.002839
6090.0	0.002781
6100.0	0.002909
6110.0	0.002746
6120.0	0.002746
6130.0	0.002769
6140.0	0.002816
6150.0	0.00263
6160.0	0.002478
6170.0	0.00249
6180.0	0.002467
6190.0	0.002176
6200.0	0.002246
6210.0	0.001955
6220.0	0.002199
6230.0	0.002222
6240.0	0.002222
6250.0	0.002176
6260.0	0.002315
6270.0	0.002478
6280.0	0.002455
6290.0	0.002467
6300.0	0.002409
6310.0	0.002455
6320.0	0.002455
6330.0	0.00242
6340.0	0.002246
6350.0	0.002246
6360.0	0.002199
6370.0	0.002432
6380.0	0.002525
6390.0	0.00242
6400.0	0.002455
6410.0	0.002222
6420.0	0.002222
6430.0	0.002106
6440.0	0.001978
6450.0	0.002129
6460.0	0.002187
6470.0	0.00235
6480.0	0.002327
6490.0	0.002548
6500.0	0.002874
6510.0	0.002955
6520.0	0.003002
6530.0	0.003095
6540.0	0.003095
6550.0	0.002874
6560.0	0.002839
6570.0	0.002839
6580.0	0.002583
6590.0	0.002769
6600.0	0.002769
6610.0	0.002921
6620.0	0.00306
6630.0	0.003025
6640.0	0.003025
6650.0	0.003025
6660.0	0.003176
6670.0	0.002851
6680.0	0.002921
6690.0	0.002641
6700.0	0.002641
6710.0	0.002641
6720.0	0.002688
6730.0	0.002665
6740.0	0.002537
6750.0	0.002292
6760.0	0.00235
6770.0	0.00249
6780.0	0.002409
6790.0	0.002129
6800.0	0.002036
6810.0	0.002001
6820.0	0.001827
6830.0	0.001757
6840.0	0.00199
6850.0	0.001606
6860.0	0.001606
6870.0	0.001617
6880.0	0.001559
6890.0	0.001524
6900.0	0.001524
6910.0	0.001524
6920.0	0.001396
6930.0	0.001676
6940.0	0.00199
6950.0	0.002036
6960.0	0.001966
6970.0	0.002129
6980.0	0.002094
6990.0	0.002432
7000.0	0.002653
7010.0	0.002606
7020.0	0.002862
7030.0	0.002665
7040.0	0.002548
7050.0	0.002723
7060.0	0.002595
7070.0	0.002641
7080.0	0.002641
7090.0	0.002676
7100.0	0.002548
7110.0	0.002548
7120.0	0.002711
7130.0	0.002362
7140.0	0.002141
7150.0	0.002141
7160.0	0.002281
7170.0	0.002211
7180.0	0.002094
7190.0	0.00235
7200.0	0.002583
7210.0	0.002478
7220.0	0.002432
7230.0	0.002432
7240.0	0.00249
7250.0	0.00249
7260.0	0.002793
7270.0	0.002455
7280.0	0.002769
7290.0	0.003118
7300.0	0.003165
7310.0	0.002897
7320.0	0.002781
7330.0	0.002571
7340.0	0.002571
7350.0	0.002397
7360.0	0.002618
7370.0	0.002571
7380.0	0.002513
7390.0	0.002315
7400.0	0.002094
7410.0	0.002176
7420.0	0.001943
7430.0	0.001908
7440.0	0.001606
7450.0	0.001652
7460.0	0.001652
7470.0	0.001769
7480.0	0.002164
7490.0	0.002513
7500.0	0.00256
7510.0	0.002478
7520.0	0.002676
7530.0	0.002618
7540.0	0.002525
7550.0	0.002339
7560.0	0.002537
7570.0	0.00256
7580.0	0.002618
7590.0	0.002583
7600.0	0.002246
7610.0	0.002246
7620.0	0.002467
7630.0	0.002304
7640.0	0.002362
7650.0	0.002257
7660.0	0.00249
7670.0	0.002187
7680.0	0.002106
7690.0	0.002525
7700.0	0.002502
7710.0	0.002327
7720.0	0.00256
7730.0	0.002571
7740.0	0.002676
7750.0	0.002676
7760.0	0.002304
7770.0	0.002665
7780.0	0.002921
7790.0	0.003048
7800.0	0.002641
7810.0	0.002758
7820.0	0.003002
7830.0	0.003095
7840.0	0.003107
7850.0	0.003258
7860.0	0.003072
7870.0	0.002979
7880.0	0.002967
7890.0	0.002897
7900.0	0.00306
7910.0	0.003363
7920.0	0.00327
7930.0	0.003421
7940.0	0.003304
7950.0	0.003002
7960.0	0.002979
7970.0	0.002827
7980.0	0.003037
7990.0	0.003176
8000.0	0.003176
8010.0	0.003595
8020.0	0.003526
8030.0	0.003735
8040.0	0.003642
8050.0	0.003479
8060.0	0.003293
8070.0	0.003235
8080.0	0.002886
8090.0	0.00263
8100.0	0.002769
8110.0	0.002781
8120.0	0.002781
8130.0	0.00327
8140.0	0.003118
8150.0	0.003118
8160.0	0.003083
8170.0	0.002816
8180.0	0.002897
8190.0	0.002769
8200.0	0.002653
8210.0	0.002653
8220.0	0.002665
8230.0	0.002676
8240.0	0.002699
8250.0	0.002793
8260.0	0.00306
8270.0	0.003014
8280.0	0.002955
8290.0	0.002932
8300.0	0.002676
8310.0	0.002571
8320.0	0.002688
8330.0	0.002944
8340.0	0.002839
8350.0	0.003165
8360.0	0.003211
8370.0	0.003304
8380.0	0.003479
8390.0	0.003456
8400.0	0.003688
8410.0	0.003281
8420.0	0.003328
8430.0	0.003456
8440.0	0.003351
8450.0	0.003607
8460.0	0.003176
8470.0	0.003107
8480.0	0.003223
8490.0	0.003374
8500.0	0.003409
8510.0	0.003351
8520.0	0.003095
8530.0	0.003176
8540.0	0.003118
8550.0	0.002979
8560.0	0.00256
8570.0	0.002746
8580.0	0.002839
8590.0	0.002862
8600.0	0.002921
8610.0	0.00256
8620.0	0.002839
8630.0	0.002734
8640.0	0.002955
8650.0	0.002839
8660.0	0.002909
8670.0	0.003246
8680.0	0.003339
8690.0	0.003223
8700.0	0.003223
8710.0	0.003304
8720.0	0.003293
8730.0	0.00363
8740.0	0.003747
8750.0	0.003747
8760.0	0.003991
8770.0	0.003991
8780.0	0.004119
8790.0	0.004061
8800.0	0.004165
8810.0	0.004305
8820.0	0.004235
8830.0	0.0042
8840.0	0.004573
8850.0	0.004666
8860.0	0.004631
8870.0	0.004689
8880.0	0.004561
8890.0	0.004689
8900.0	0.004445
8910.0	0.004677
8920.0	0.004503
8930.0	0.004363
8940.0	0.004317
8950.0	0.004282
8960.0	0.004433
8970.0	0.004491
8980.0	0.004433
8990.0	0.004503
9000.0	0.004468
9010.0	0.004608
9020.0	0.00448
9030.0	0.004235
9040.0	0.003944
9050.0	0.003688
9060.0	0.003723
9070.0	0.003712
9080.0	0.004247
9090.0	0.004445
9100.0	0.00441
9110.0	0.004352
9120.0	0.00384
9130.0	0.003805
9140.0	0.003491
9150.0	0.003491
9160.0	0.003665
9170.0	0.003607
9180.0	0.003514
9190.0	0.003665
9200.0	0.003467
9210.0	0.003398
9220.0	0.003072
9230.0	0.003351
9240.0	0.003502
9250.0	0.003642
9260.0	0.003526
9270.0	0.003304
9280.0	0.003339
9290.0	0.003339
9300.0	0.003211
9310.0	0.003142
9320.0	0.003142
9330.0	0.003747
9340.0	0.003363
9350.0	0.003223
9360.0	0.0032
9370.0	0.002804
9380.0	0.002979
9390.0	0.003037
9400.0	0.003037
9410.0	0.003072
9420.0	0.003223
9430.0	0.003223
9440.0	0.003432
9450.0	0.003374
9460.0	0.003328
9470.0	0.003165
9480.0	0.003386
9490.0	0.003491
9500.0	0.003014
9510.0	0.002804
9520.0	0.002921
9530.0	0.002921
9540.0	0.002921
9550.0	0.002746
9560.0	0.002304
9570.0	0.002339
9580.0	0.002315
9590.0	0.002246
9600.0	0.002071
9610.0	0.002339
9620.0	0.002327
9630.0	0.002222
9640.0	0.002176
9650.0	0.002327
9660.0	0.002315
9670.0	0.00235
9680.0	0.002443
9690.0	0.002432
9700.0	0.002537
9710.0	0.002571
9720.0	0.002851
9730.0	0.002711
9740.0	0.002676
9750.0	0.002502
9760.0	0.00263
9770.0	0.002595
9780.0	0.002944
9790.0	0.002665
9800.0	0.002758
9810.0	0.00249
9820.0	0.002443
9830.0	0.002339
9840.0	0.002246
9850.0	0.002513
9860.0	0.002327
9870.0	0.00235
9880.0	0.002409
9890.0	0.002676
9900.0	0.002862
9910.0	0.002723
9920.0	0.002513
9930.0	0.002199
9940.0	0.002362
9950.0	0.002443
9960.0	0.002362
9970.0	0.002362
9980.0	0.00199
9990.0	0.002001
10000.0	0.002094
10010.0	0.002315
10020.0	0.002315
10030.0	0.002222
10040.0	0.002537
10050.0	0.002502
10060.0	0.002467
10070.0	0.002409
10080.0	0.002443
10090.0	0.002502
10100.0	0.002304
10110.0	0.002513
10120.0	0.002478
10130.0	0.002548
10140.0	0.002548
10150.0	0.002537
10160.0	0.00249
10170.0	0.00249
10180.0	0.002374
10190.0	0.001966
10200.0	0.001594
10210.0	0.001722
10220.0	0.001664
10230.0	0.001478
10240.0	0.001478
10250.0	0.001582
10260.0	0.001629
10270.0	0.001699
10280.0	0.001699
10290.0	0.001699
10300.0	0.001699
10310.0	0.001838
10320.0	0.001873
10330.0	0.001838
10340.0	0.001897
10350.0	0.001897
10360.0	0.001873
10370.0	0.001582
10380.0	0.001722
10390.0	0.00142
10400.0	0.001501
10410.0	0.001699
10420.0	0.001536
10430.0	0.001513
10440.0	0.001524
10450.0	0.001676
10460.0	0.001676
10470.0	0.001606
10480.0	0.001489
10490.0	0.001966
10500.0	0.001966
10510.0	0.00171
10520.0	0.001641
10530.0	0.001513
10540.0	0.001396
10550.0	0.001582
10560.0	0.001769
10570.0	0.001943
10580.0	0.001978
10590.0	0.001815
10600.0	0.001757
10610.0	0.001757
10620.0	0.001757
10630.0	0.001722
10640.0	0.001652
10650.0	0.001466
10660.0	0.001478
10670.0	0.001478
10680.0	0.001931
10690.0	0.001943
10700.0	0.002094
10710.0	0.002141
10720.0	0.002118
10730.0	0.002129
10740.0	0.001803
10750.0	0.002094
10760.0	0.002094
10770.0	0.002059
10780.0	0.002059
10790.0	0.00199
10800.0	0.00199
10810.0	0.002025
10820.0	0.002141
10830.0	0.002141
10840.0	0.002141
10850.0	0.002269
10860.0	0.002187
10870.0	0.001908
10880.0	0.001792
10890.0	0.001792
10900.0	0.00178
10910.0	0.00178
10920.0	0.001699
10930.0	0.001885
10940.0	0.001838
10950.0	0.002048
10960.0	0.002385
10970.0	0.002257
10980.0	0.002304
10990.0	0.002315
11000.0	0.002083
11010.0	0.002036
11020.0	0.002292
11030.0	0.002292
11040.0	0.002199
11050.0	0.002234
11060.0	0.002315
11070.0	0.002176
11080.0	0.002315
11090.0	0.002292
11100.0	0.002281
11110.0	0.002339
11120.0	0.002339
11130.0	0.002327
11140.0	0.002478
11150.0	0.002478
11160.0	0.002385
11170.0	0.002385
11180.0	0.002013
11190.0	0.001734
11200.0	0.001734
11210.0	0.001966
11220.0	0.001966
11230.0	0.001908
11240.0	0.002059
11250.0	0.002106
11260.0	0.002246
11270.0	0.002339
11280.0	0.002502
11290.0	0.002339
11300.0	0.002327
11310.0	0.002234
11320.0	0.002455
11330.0	0.002443
11340.0	0.002409
11350.0	0.002851
11360.0	0.002769
11370.0	0.00242
11380.0	0.002071
11390.0	0.002141
11400.0	0.002013
11410.0	0.002176
11420.0	0.002013
11430.0	0.002013
11440.0	0.002001
11450.0	0.002025
11460.0	0.002153
11470.0	0.00192
11480.0	0.002176
11490.0	0.002118
11500.0	0.002048
11510.0	0.001978
11520.0	0.002094
11530.0	0.002094
11540.0	0.002071
11550.0	0.00185
11560.0	0.00199
11570.0	0.00199
11580.0	0.001897
11590.0	0.001897
11600.0	0.002059
11610.0	0.001815
11620.0	0.001757
11630.0	0.00171
11640.0	0.001978
11650.0	0.001978
11660.0	0.001862
11670.0	0.002001
11680.0	0.001978
11690.0	0.002001
11700.0	0.00192
11710.0	0.002118
11720.0	0.002153
11730.0	0.002246
11740.0	0.001931
11750.0	0.001792
11760.0	0.00192
11770.0	0.001978
11780.0	0.002374
11790.0	0.002362
11800.0	0.002315
11810.0	0.002164
11820.0	0.002164
11830.0	0.002548
11840.0	0.002385
11850.0	0.002502
11860.0	0.002711
11870.0	0.002979
11880.0	0.002967
11890.0	0.003025
11900.0	0.002781
11910.0	0.002874
11920.0	0.002897
11930.0	0.00299
11940.0	0.002886
11950.0	0.00327
11960.0	0.003176
11970.0	0.003258
11980.0	0.003339
11990.0	0.003374
12000.0	0.003386
12010.0	0.003386
12020.0	0.003467
12030.0	0.0032
12040.0	0.003118
12050.0	0.00256
12060.0	0.002548
12070.0	0.002327
12080.0	0.002665
12090.0	0.002769
12100.0	0.002583
12110.0	0.002862
12120.0	0.002921
12130.0	0.002921
12140.0	0.002921
12150.0	0.002979
12160.0	0.003153
12170.0	0.003386
12180.0	0.003339
12190.0	0.003304
12200.0	0.003363
12210.0	0.00327
12220.0	0.003002
12230.0	0.003246
12240.0	0.003211
12250.0	0.00327
12260.0	0.003409
12270.0	0.003351
12280.0	0.003595
12290.0	0.003816
12300.0	0.003677
12310.0	0.003537
12320.0	0.003526
12330.0	0.00377
12340.0	0.003782
12350.0	0.00356
12360.0	0.00356
12370.0	0.003921
12380.0	0.003735
12390.0	0.003735
12400.0	0.004131
12410.0	0.004282
12420.0	0.004503
12430.0	0.004596
12440.0	0.004084
12450.0	0.00427
12460.0	0.004305
12470.0	0.003979
12480.0	0.003956
12490.0	0.004154
12500.0	0.004014
12510.0	0.004038
12520.0	0.004212
12530.0	0.004235
12540.0	0.004119
12550.0	0.003816
12560.0	0.004084
12570.0	0.004049
12580.0	0.004177
12590.0	0.004177
12600.0	0.004119
12610.0	0.004387
12620.0	0.004445
12630.0	0.004677
12640.0	0.004352
12650.0	0.003805
12660.0	0.003072
12670.0	0.003095
12680.0	0.00327
12690.0	0.003386
12700.0	0.003432
12710.0	0.003316
12720.0	0.003456
12730.0	0.003595
12740.0	0.003444
12750.0	0.003363
12760.0	0.003246
12770.0	0.00327
12780.0	0.003142
12790.0	0.002909
12800.0	0.002944
12810.0	0.002979
12820.0	0.003002
12830.0	0.002746
12840.0	0.002711
12850.0	0.003409
12860.0	0.003316
12870.0	0.003211
12880.0	0.003339
12890.0	0.003339
12900.0	0.003281
12910.0	0.003142
12920.0	0.003142
12930.0	0.003153
12940.0	0.002932
12950.0	0.003246
12960.0	0.003037
12970.0	0.003444
12980.0	0.003188
12990.0	0.002537
13000.0	0.002443
13010.0	0.002362
13020.0	0.002234
13030.0	0.002292
13040.0	0.002525
13050.0	0.002478
13060.0	0.002339
13070.0	0.002164
13080.0	0.002234
13090.0	0.002327
13100.0	0.002409
13110.0	0.002362
13120.0	0.002129
13130.0	0.002164
13140.0	0.002304
13150.0	0.002432
13160.0	0.002443
13170.0	0.002443
13180.0	0.002246
13190.0	0.002443
13200.0	0.002397
13210.0	0.002327
13220.0	0.002513
13230.0	0.002711
13240.0	0.002525
13250.0	0.002583
13260.0	0.002851
13270.0	0.002851
13280.0	0.00263
13290.0	0.002688
13300.0	0.002513
13310.0	0.001955
13320.0	0.001897
13330.0	0.001594
13340.0	0.001524
13350.0	0.001606
13360.0	0.001815
13370.0	0.001815
13380.0	0.001955
13390.0	0.001931
13400.0	0.001978
13410.0	0.00192
13420.0	0.001664
13430.0	0.00185
13440.0	0.001699
13450.0	0.001699
13460.0	0.001699
13470.0	0.00178
13480.0	0.001582
13490.0	0.001594
13500.0	0.001792
13510.0	0.00171
13520.0	0.001687
13530.0	0.001594
13540.0	0.001594
13550.0	0.001315
13560.0	0.001501
13570.0	0.001501
13580.0	0.001629
13590.0	0.001769
13600.0	0.001571
13610.0	0.001664
13620.0	0.001897
13630.0	0.002059
13640.0	0.002199
13650.0	0.002327
13660.0	0.002315
13670.0	0.002315
13680.0	0.002083
13690.0	0.002059
13700.0	0.002199
13710.0	0.002199
13720.0	0.002153
13730.0	0.002281
13740.0	0.002362
13750.0	0.00242
13760.0	0.002269
13770.0	0.002362
13780.0	0.002362

&

