0.1	0.0
0.2	0.002188
0.3	-0.002188
0.4	-0.001458
0.5	0.000243
0.6	-0.001945
0.7	-0.002674
0.8	-0.005347
0.9	-0.005347
1.0	-0.002188
1.1	-0.001458
1.2	-0.001458
1.3	0.000243
1.4	0.002431
1.5	0.00875
1.6	0.006806
1.7	0.005347
1.8	0.003403
1.9	-0.001458
2.0	-0.004618
2.1	-0.005104
2.2	-0.001701
2.3	-0.004861
2.4	-0.004132
2.5	0.000486
2.6	0.002431
2.7	-0.00632
2.8	-0.00632
2.9	-0.001215
3.0	0.001945
3.1	-0.004132
3.2	-0.006563
3.3	-0.008264
3.4	-0.008507
3.5	-0.017501
3.6	-0.023091
3.7	-0.024306
3.8	-0.022848
3.9	-0.019688
4.0	-0.018473
4.1	-0.013125
4.2	-0.012153
4.3	-0.000486
4.4	0.000972
4.5	0.007292
4.6	0.010452
4.7	0.013125
4.8	0.016042
4.9	0.009236
5.0	0.013125
5.1	0.008021
5.2	0.009479
5.3	0.007292
5.4	0.007292
5.5	-0.004132
5.6	0.003403
5.7	-0.004618
5.8	-0.007778
5.9	0.002431
6.0	-0.001215
6.1	-0.009966
6.2	0.005347
6.3	-0.001458
6.4	-0.001458
6.5	-0.007292
6.6	-0.004375
6.7	-0.005104
6.8	-0.007535
6.9	-0.001215
7.0	-0.000972
7.1	0.001215
7.2	-0.010695
7.3	-0.001945
7.4	-0.003403
7.5	-0.001945
7.6	0.001458
7.7	-0.001701
7.8	0.00632
7.9	-0.003403
8.0	0.000243
8.1	0.004132
8.2	-0.004618
8.3	-0.002674
8.4	0.007535
8.5	-0.001945
8.6	0.00559
8.7	0.006563
8.8	0.011424
8.9	0.013125
9.0	0.012396
9.1	0.005347
9.2	0.0
9.3	0.010695
9.4	0.013855
9.5	0.008021
9.6	0.010695
9.7	0.012396
9.8	0.022848
9.9	0.014584
10.0	0.015556
10.1	0.012639
10.2	0.015799
10.3	0.011424
10.4	0.01507
10.5	0.01823
10.6	0.03014
10.7	0.031841
10.8	0.018959
10.9	0.014341
11.0	0.000486
11.1	-0.002674
11.2	-0.004375
11.3	0.001458
11.4	-0.000972
11.5	0.000243
11.6	0.011424
11.7	0.016042
11.8	0.000243
11.9	0.000972
12.0	-0.007049
12.1	0.0
12.2	0.002674
12.3	-0.003403
12.4	-0.005104
12.5	-0.001215
12.6	-0.010938
12.7	-0.00875
12.8	-0.019688
12.9	-0.027709
13.0	-0.029897
13.1	-0.025765
13.2	-0.03014
13.3	-0.015556
13.4	-0.01507
13.5	-0.021633
13.6	-0.024792
13.7	-0.027466
13.8	-0.034758
13.9	-0.038161
14.0	-0.041078
14.1	-0.043022
14.2	-0.036946
14.3	-0.041321
14.4	-0.048127
14.5	-0.046425
14.6	-0.040835
14.7	-0.042536
14.8	-0.030626
14.9	-0.027223
15.0	-0.019931
15.1	-0.017501
15.2	-0.012639
15.3	-0.003403
15.4	-0.002188
15.5	0.006077
15.6	0.003889
15.7	0.00316
15.8	0.000486
15.9	0.022119
16.0	0.033786
16.1	0.024063
16.2	0.012882
16.3	0.007535
16.4	-0.002674
16.5	0.000243
16.6	-0.012639
16.7	-0.000729
16.8	-0.002674
16.9	-0.00316
17.0	-0.005104
17.1	-0.010938
17.2	-0.00632
17.3	-0.000972
17.4	-0.001945
17.5	0.000972
17.6	0.014827
17.7	0.021633
17.8	0.020903
17.9	0.016771
18.0	0.018473
18.1	0.025036
18.2	0.022605
18.3	0.010452
18.4	0.014827
18.5	0.008264
18.6	0.005104
18.7	0.003646
18.8	0.022119
18.9	0.00875
19.0	0.012639
19.1	-0.008021
19.2	0.001458
19.3	0.002917
19.4	-0.015313
19.5	-0.007535
19.6	-0.001701
19.7	0.000243
19.8	0.006077
19.9	0.000972
20.0	0.009966
20.1	0.007292
20.2	0.002431
20.3	0.012639
20.4	-0.000486
20.5	0.013125
20.6	0.002674
20.7	0.005104
20.8	0.001701
20.9	0.00632
21.0	0.001945
21.1	0.018716
21.2	0.01823
21.3	0.025279
21.4	0.022848
21.5	0.017257
21.6	0.032327
21.7	0.034272
21.8	0.031841
21.9	0.021876
22.0	0.018473
22.1	0.013125
22.2	0.008021
22.3	-0.006563
22.4	-0.020417
22.5	-0.022362
22.6	-0.033543
22.7	-0.022362
22.8	-0.019445
22.9	-0.024306
23.0	-0.026008
23.1	-0.013612
23.2	-0.01823
23.3	-0.019688
23.4	-0.022362
23.5	-0.013125
23.6	-0.010938
23.7	-0.006077
23.8	-0.004132
23.9	0.002188
24.0	0.007535
24.1	0.004375
24.2	0.011424
24.3	0.010452
24.4	0.004375
24.5	0.002917
24.6	0.002431
24.7	0.001701
24.8	-0.005347
24.9	0.030626
25.0	0.034515
25.1	0.039376
25.2	0.033786
25.3	0.033543
25.4	0.032084
25.5	0.01507
25.6	0.022605
25.7	0.017014
25.8	0.014584
25.9	0.009966
26.0	0.010695
26.1	0.014584
26.2	0.016285
26.3	0.003403
26.4	0.00875
26.5	0.028438
26.6	0.011424
26.7	0.006563
26.8	-0.002188
26.9	-0.006563
27.0	-0.013125
27.1	0.004132
27.2	-0.000729
27.3	-0.000972
27.4	0.000729
27.5	-0.00632
27.6	0.006563
27.7	0.002431
27.8	0.00632
27.9	0.017744
28.0	0.019202
28.1	0.022605
28.2	0.022362
28.3	0.023091
28.4	0.009723
28.5	0.016771
28.6	0.011181
28.7	0.010695
28.8	0.020417
28.9	0.014584
29.0	0.001458
29.1	0.008507
29.2	0.001458
29.3	-0.000243
29.4	0.0
29.5	0.004375
29.6	0.002917
29.7	-0.002431
29.8	-0.007049
29.9	-0.001215
30.0	0.004132
30.1	0.003403
30.2	0.012153
30.3	0.012639
30.4	0.013125
30.5	0.018473
30.6	0.008264
30.7	0.018716
30.8	-0.000486
30.9	-0.002431
31.0	-0.000486
31.1	0.009723
31.2	0.008993
31.3	0.010695
31.4	0.017744
31.5	0.036703
31.6	0.032814
31.7	0.024549
31.8	0.023577
31.9	0.019931
32.0	0.025036
32.1	0.012882
32.2	-0.009236
32.3	-0.00559
32.4	-0.025036
32.5	-0.016528
32.6	-0.014584
32.7	-0.024549
32.8	-0.013612
32.9	-0.017501
33.0	-0.021633
33.1	-0.00559
33.2	-0.003646
33.3	0.000243
33.4	0.005104
33.5	0.001701
33.6	0.00316
33.7	0.000972
33.8	-0.020174
33.9	-0.021147
34.0	-0.017257
34.1	-0.005104
34.2	-0.008021
34.3	0.004861
34.4	0.00632
34.5	0.006806
34.6	-0.007535
34.7	-0.011667
34.8	-0.015313
34.9	-0.007778
35.0	0.00632
35.1	0.004132
35.2	0.002917
35.3	-0.005104
35.4	-0.010209
35.5	-0.024549
35.6	-0.031598
35.7	-0.018716
35.8	-0.004861
35.9	0.002431
36.0	-0.007049
36.1	-0.015556
36.2	-0.014098
36.3	-0.014827
36.4	-0.005104
36.5	0.010695
36.6	0.005834
36.7	0.001458
36.8	-0.008507
36.9	-0.017501
37.0	-0.024549
37.1	-0.026251
37.2	-0.026251
37.3	-0.030383
37.4	-0.032084
37.5	-0.032814
37.6	-0.031598
37.7	-0.024063
37.8	-0.017987
37.9	-0.016042
38.0	-0.010695
38.1	-0.009479
38.2	-0.013125
38.3	-0.006806
38.4	-0.011424
38.5	-0.025036
38.6	-0.043751
38.7	-0.040349
38.8	-0.028681
38.9	-0.016285
39.0	-0.008507
39.1	-0.009236
39.2	-0.013125
39.3	-0.019931
39.4	-0.009236
39.5	-0.007778
39.6	-0.00875
39.7	-0.00559
39.8	-0.012639
39.9	-0.00875
40.0	-0.006077
40.1	0.001701
40.2	0.015799
40.3	0.014098
40.4	0.008993
40.5	0.007049
40.6	0.007535
40.7	0.003889
40.8	0.001945
40.9	-0.001458
41.0	-0.002188
41.1	-0.012396
41.2	0.000486
41.3	0.005347
41.4	0.006806
41.5	0.007535
41.6	0.016042
41.7	0.025765
41.8	0.023334
41.9	0.013125
42.0	0.02139
42.1	0.019931
42.2	0.01191
42.3	-0.00316
42.4	0.010695
42.5	0.007535
42.6	0.00632
42.7	0.021633
42.8	0.016285
42.9	0.012639
43.0	0.010938
43.1	0.010695
43.2	0.001945
43.3	0.009966
43.4	0.007292
43.5	0.012639
43.6	0.00632
43.7	0.008507
43.8	0.003889
43.9	0.006563
44.0	0.013125
44.1	0.011424
44.2	0.02066
44.3	0.014098
44.4	0.009236
44.5	0.006077
44.6	-0.003646
44.7	-0.002431
44.8	0.001215
44.9	0.00559
45.0	0.004618
45.1	0.006563
45.2	-0.002917
45.3	0.010695
45.4	0.004132
45.5	0.001458
45.6	-0.00559
45.7	-0.002431
45.8	-0.005347
45.9	-0.005834
46.0	-0.007778
46.1	-0.00875
46.2	-0.010938
46.3	-0.024063
46.4	-0.014341
46.5	-0.013855
46.6	-0.013855
46.7	-0.004132
46.8	0.006806
46.9	0.002917
47.0	0.000972
47.1	-0.011181
47.2	-0.017257
47.3	-0.014827
47.4	-0.015556
47.5	-0.012882
47.6	-0.007292
47.7	-0.020174
47.8	-0.02382
47.9	-0.023334
48.0	-0.025036
48.1	-0.016285
48.2	-0.02139
48.3	-0.015313
48.4	-0.021147
48.5	-0.016042
48.6	-0.014584
48.7	-0.013612
48.8	-0.010695
48.9	-0.00875
49.0	-0.018473
49.1	-0.010695
49.2	-0.013855
49.3	-0.007535
49.4	0.006806
49.5	-0.002917
49.6	0.003889
49.7	0.009479
49.8	0.001458
49.9	0.014827
50.0	0.001458
50.1	0.000486
50.2	0.007049
50.3	0.010209
50.4	0.021876
50.5	0.008264
50.6	0.016771
50.7	0.015799
50.8	0.005347
50.9	0.000729
51.0	-0.018716
51.1	-0.024549
51.2	-0.023334
51.3	-0.024792
51.4	-0.032084
51.5	-0.031841
51.6	-0.027952
51.7	-0.013612
51.8	-0.021633
51.9	-0.018716
52.0	-0.002431
52.1	0.00632
52.2	-0.000486
52.3	-0.008993
52.4	-0.008507
52.5	0.010695
52.6	0.01507
52.7	0.022119
52.8	0.023334
52.9	0.022605
53.0	0.019688
53.1	0.001945
53.2	0.002917
53.3	0.008264
53.4	-0.000243
53.5	-0.001215
53.6	0.013855
53.7	0.012153
53.8	0.003646
53.9	0.012396
54.0	0.008993
54.1	-0.007535
54.2	-0.002188
54.3	-0.002431
54.4	-0.010938
54.5	-0.012639
54.6	-0.021633
54.7	-0.02382
54.8	-0.022605
54.9	-0.00316
55.0	0.000243
55.1	-0.002674
55.2	0.000486
55.3	0.002188
55.4	0.001701
55.5	0.007535
55.6	0.00875
55.7	0.012153
55.8	-0.00632
55.9	-0.023334
56.0	-0.029168
56.1	-0.01823
56.2	-0.021876
56.3	-0.012882
56.4	-0.012396
56.5	-0.012882
56.6	0.000972
56.7	-0.001945
56.8	0.018716
56.9	0.017014
57.0	0.009966
57.1	0.017501
57.2	0.024063
57.3	0.024792
57.4	-0.007049
57.5	-0.006563
57.6	-0.014584
57.7	-0.026251
57.8	-0.004618
57.9	-0.002917
58.0	-0.002917
58.1	0.006563
58.2	0.010209
58.3	0.005834
58.4	0.014098
58.5	0.008993
58.6	0.011424
58.7	-0.010695
58.8	0.00632
58.9	0.006806
59.0	0.007535
59.1	0.011667
59.2	-0.001701
59.3	-0.009966
59.4	-0.009479
59.5	-0.002188
59.6	0.007778
59.7	0.006077
59.8	0.008264
59.9	0.025765
60.0	0.017987
60.1	0.009723
60.2	0.0
60.3	0.000729
60.4	0.006077
60.5	0.011181
60.6	0.021876
60.7	0.004618
60.8	0.006563
60.9	0.003403
61.0	0.005104
61.1	0.007292
61.2	0.006563
61.3	0.020174
61.4	0.027709
61.5	0.014341
61.6	0.01823
61.7	0.026251
61.8	0.014098
61.9	0.03014
62.0	0.031598
62.1	0.02382
62.2	0.02139
62.3	0.012882
62.4	0.002674
62.5	-0.007778
62.6	-0.020174
62.7	-0.005347
62.8	-0.016771
62.9	-0.019931
63.0	-0.012396
63.1	-0.006806
63.2	-0.006563
63.3	-0.005104
63.4	-0.001458
63.5	0.008507
63.6	0.010938
63.7	0.017744
63.8	0.002188
63.9	0.014584
64.0	0.023577
64.1	0.025522
64.2	0.021633
64.3	0.010452
64.4	-0.009723
64.5	-0.022848
64.6	-0.019931
64.7	-0.007049
64.8	-0.005104
64.9	0.002674
65.0	-0.000243
65.1	0.002917
65.2	0.002431
65.3	0.007292
65.4	-0.012396
65.5	-0.00632
65.6	-0.009236
65.7	0.001458
65.8	-0.001701
65.9	-0.016042
66.0	-0.016042
66.1	-0.008993
66.2	-0.000486
66.3	0.000243
66.4	0.008507
66.5	0.012639
66.6	0.014827
66.7	0.020903
66.8	0.020903
66.9	0.02382
67.0	0.02382
67.1	0.036216
67.2	0.020174
67.3	0.012882
67.4	0.012153
67.5	0.005347
67.6	-0.001945
67.7	0.011424
67.8	0.008993
67.9	0.012396
68.0	0.026737
68.1	0.033786
68.2	0.037432
68.3	0.03573
68.4	0.016285
68.5	0.009966
68.6	-0.000729
68.7	-0.00316
68.8	-0.002431
68.9	0.001458
69.0	0.003646
69.1	-0.005104
69.2	-0.013125
69.3	-0.007049
69.4	-0.00559
69.5	0.006806
69.6	0.02139
69.7	0.012639
69.8	0.007292
69.9	0.01823
70.0	0.026494
70.1	0.02139
70.2	0.010695
70.3	0.007292
70.4	0.001945
70.5	0.000243
70.6	-0.006077
70.7	0.008993
70.8	0.016528
70.9	0.002674
71.0	0.013368
71.1	0.022605
71.2	0.024792
71.3	0.028681
71.4	0.038404
71.5	0.013855
71.6	0.009966
71.7	0.010695
71.8	0.02139
71.9	0.028925
72.0	0.027466
72.1	0.019931
72.2	0.00632
72.3	0.007292
72.4	-0.000486
72.5	0.00559
72.6	0.010938
72.7	0.020903
72.8	0.013612
72.9	0.010209
73.0	0.020174
73.1	0.014341
73.2	0.012882
73.3	-0.001458
73.4	-0.007778
73.5	-0.010209
73.6	-0.010695
73.7	-0.014098
73.8	-0.008507
73.9	-0.005104
74.0	-0.017987
74.1	-0.008264
74.2	0.005104
74.3	0.028195
74.4	0.02066
74.5	0.01191
74.6	0.015799
74.7	-0.003403
74.8	-0.010695
74.9	-0.00632
75.0	0.003889
75.1	-0.009236
75.2	-0.02139
75.3	-0.003646
75.4	-0.001701
75.5	0.001215
75.6	0.008021
75.7	-0.00559
75.8	-0.00559
75.9	-0.011181
76.0	-0.006806
76.1	-0.003889
76.2	-0.008993
76.3	0.002917
76.4	0.010938
76.5	0.016771
76.6	0.007535
76.7	0.007778
76.8	0.002917
76.9	0.012882
77.0	0.008507
77.1	0.000972
77.2	0.014098
77.3	0.020417
77.4	0.016042
77.5	0.017014
77.6	0.002674
77.7	0.00632
77.8	0.004618
77.9	-0.003403
78.0	-0.012396
78.1	-0.011181
78.2	0.000243
78.3	-0.002917
78.4	-0.010695
78.5	-0.013855
78.6	-0.01823
78.7	-0.005104
78.8	0.000729
78.9	-0.006077
79.0	-0.011424
79.1	0.006563
79.2	0.014827
79.3	0.007535
79.4	0.004861
79.5	-0.003646
79.6	0.007292
79.7	0.008993
79.8	0.018473
79.9	0.012396
80.0	0.009236
80.1	0.021876
80.2	0.021876
80.3	0.019931
80.4	0.026494
80.5	0.028438
80.6	0.01823
80.7	0.027466
80.8	0.032084
80.9	0.028438
81.0	0.014584
81.1	0.01191
81.2	0.003646
81.3	0.000972
81.4	0.00632
81.5	0.012639
81.6	-0.000729
81.7	0.003403
81.8	0.000729
81.9	-0.001215
82.0	0.005834
82.1	0.009236
82.2	-0.005347
82.3	-0.001458
82.4	0.006563
82.5	0.003889
82.6	0.009236
82.7	0.013125
82.8	0.005347
82.9	0.019202
83.0	0.021876
83.1	0.017257
83.2	-0.000243
83.3	0.004618
83.4	-0.014098
83.5	-0.019688
83.6	-0.00875
83.7	-0.019202
83.8	-0.011181
83.9	0.003403
84.0	0.004375
84.1	0.005834
84.2	0.008264
84.3	0.011667
84.4	0.016771
84.5	0.011424
84.6	0.005834
84.7	0.009479
84.8	0.016042
84.9	0.020174
85.0	0.02066
85.1	0.017987
85.2	0.009723
85.3	0.003889
85.4	0.010452
85.5	0.006563
85.6	0.005104
85.7	-0.001458
85.8	-0.001701
85.9	-0.00875
86.0	-0.020417
86.1	-0.035001
86.2	-0.026494
86.3	-0.038404
86.4	-0.039619
86.5	-0.047397
86.6	-0.036703
86.7	-0.017987
86.8	-0.019202
86.9	-0.019202
87.0	-0.025522
87.1	-0.024306
87.2	-0.033543
87.3	-0.032327
87.4	-0.040349
87.5	-0.038404
87.6	-0.046668
87.7	-0.026008
87.8	-0.026494
87.9	-0.006077
88.0	0.007049
88.1	0.004132
88.2	0.002674
88.3	0.002188
88.4	-0.014098
88.5	-0.019931
88.6	-0.027466
88.7	-0.012882
88.8	-0.017257
88.9	-0.017744
89.0	0.006077
89.1	0.007049
89.2	0.017014
89.3	0.021633
89.4	0.013368
89.5	0.012882
89.6	0.013855
89.7	0.016285
89.8	0.011667
89.9	0.004861
90.0	-0.002431
90.1	0.004132
90.2	-0.002431
90.3	-0.004132
90.4	-0.013612
90.5	-0.016285
90.6	-0.018716
90.7	-0.021876
90.8	-0.024306
90.9	-0.031112
91.0	-0.024792
91.1	-0.019931
91.2	-0.020903
91.3	-0.01823
91.4	-0.010452
91.5	-0.005347
91.6	-0.012153
91.7	-0.007292
91.8	-0.014584
91.9	-0.019931
92.0	-0.018473
92.1	-0.019202
92.2	-0.008507
92.3	-0.001945
92.4	0.000729
92.5	-0.011424
92.6	-0.024549
92.7	-0.032814
92.8	-0.02382
92.9	-0.027709
93.0	-0.014098
93.1	-0.014584
93.2	-0.011667
93.3	-0.010695
93.4	-0.009479
93.5	-0.002674
93.6	-0.002917
93.7	0.002674
93.8	0.004861
93.9	0.010452
94.0	0.017501
94.1	0.026008
94.2	0.030626
94.3	0.041564
94.4	0.032084
94.5	0.038404
94.6	0.041564
94.7	0.040592
94.8	0.036459
94.9	0.022848
95.0	0.021633
95.1	0.004618
95.2	0.006077
95.3	0.011181
95.4	0.0
95.5	0.006806
95.6	0.001215
95.7	-0.001215
95.8	-0.005347
95.9	-0.010452
96.0	-0.011424
96.1	-0.009479
96.2	-0.002917
96.3	-0.004132
96.4	0.008264
96.5	-0.003646
96.6	-0.006563
96.7	-0.01823
96.8	-0.00875
96.9	-0.025036
97.0	-0.026737
97.1	-0.032327
97.2	-0.029897
97.3	-0.022848
97.4	-0.01823
97.5	-0.014341
97.6	0.000243
97.7	0.002431
97.8	-0.011181
97.9	-0.013368
98.0	0.002917
98.1	-0.004861
98.2	-0.01191
98.3	-0.01507
98.4	-0.01191
98.5	-0.011424
98.6	-0.011181
98.7	-0.002917
98.8	-0.00316
98.9	-0.006077
99.0	-0.008021
99.1	-0.00632
99.2	-0.013855
99.3	-0.019202
99.4	-0.009723
99.5	-0.000243
99.6	-0.002674
99.7	-0.000729
99.8	-0.014827
99.9	-0.016528
100.0	-0.020417
100.1	-0.01191
100.2	-0.011181
100.3	-0.026251
100.4	-0.026737
100.5	-0.018959
100.6	-0.013855
100.7	-0.023091
100.8	-0.017501
100.9	-0.023334
101.0	-0.027952
101.1	-0.034029
101.2	-0.033057
101.3	-0.014098
101.4	-0.001701
101.5	-0.003889
101.6	-0.007049
101.7	-0.001458
101.8	-0.005347
101.9	0.003403
102.0	0.012639
102.1	0.014584
102.2	0.017987
102.3	0.01191
102.4	-0.003646
102.5	-0.002431
102.6	-0.005104
102.7	-0.001215
102.8	-0.004375
102.9	0.000243
103.0	-0.005347
103.1	-0.003889
103.2	-0.001458
103.3	-0.008021
103.4	-0.004618
103.5	-0.00632
103.6	-0.002431
103.7	0.004132
103.8	0.0
103.9	0.008264
104.0	0.00316
104.1	-0.014584
104.2	-0.015799
104.3	-0.00316
104.4	0.003889
104.5	0.011667
104.6	-0.000486
104.7	0.000729
104.8	0.007535
104.9	-0.000972
105.0	-0.01191
105.1	-0.00632
105.2	-0.011667
105.3	-0.003646
105.4	-0.022119
105.5	-0.028438
105.6	-0.032814
105.7	-0.029168
105.8	-0.025036
105.9	-0.025765
106.0	-0.017257
106.1	-0.010452
106.2	-0.018959
106.3	-0.012639
106.4	-0.000243
106.5	-0.003403
106.6	-0.017014
106.7	-0.024063
106.8	-0.013125
106.9	-0.016285
107.0	-0.017987
107.1	-0.017987
107.2	-0.019931
107.3	-0.014584
107.4	-0.020903
107.5	-0.015313
107.6	-0.009966
107.7	-0.007292
107.8	-0.007535
107.9	-0.005104
108.0	-0.000486
108.1	-0.002431
108.2	0.004375
108.3	-0.006563
108.4	-0.005104
108.5	-0.000243
108.6	-0.01507
108.7	-0.006563
108.8	-0.005104
108.9	-0.012153
109.0	-0.016285
109.1	-0.012153
109.2	-0.001215
109.3	-0.001215
109.4	0.002917
109.5	-0.004132
109.6	0.020417
109.7	0.012882
109.8	0.00559
109.9	-0.011424
110.0	0.000972
110.1	0.0
110.2	-0.014341
110.3	-0.008021
110.4	-0.012396
110.5	-0.019931
110.6	-0.015556
110.7	-0.019202
110.8	-0.023577
110.9	-0.047154
111.0	-0.039376
111.1	-0.043508
111.2	-0.031841
111.3	-0.018959
111.4	-0.011424
111.5	-0.02139
111.6	-0.027223
111.7	-0.020174
111.8	-0.013368
111.9	-0.007049
112.0	-0.002674
112.1	-0.001458
112.2	-0.006563
112.3	-0.002674
112.4	0.004132
112.5	0.009236
112.6	-0.000486
112.7	0.009236
112.8	0.010209
112.9	0.001945
113.0	0.002188
113.1	-0.009236
113.2	-0.007292
113.3	-0.003646
113.4	-0.007292
113.5	-0.01507
113.6	-0.016285
113.7	-0.018473
113.8	-0.010695
113.9	-0.009723
114.0	0.000729
114.1	0.002674
114.2	0.005347
114.3	0.000729
114.4	0.005347
114.5	0.005347
114.6	-0.003646
114.7	0.012396
114.8	0.012153
114.9	-0.01191
115.0	-0.011181
115.1	-0.014098
115.2	-0.014098
115.3	-0.006077
115.4	0.004618
115.5	0.009236
115.6	0.015799
115.7	0.017987
115.8	0.01191
115.9	0.019202
116.0	0.012396
116.1	0.008993
116.2	0.002431
116.3	0.012882
116.4	0.011667
116.5	0.010695
116.6	0.012639
116.7	0.018473
116.8	0.013368
116.9	0.008507
117.0	-0.007535
117.1	-0.013368
117.2	-0.007778
117.3	-0.008993
117.4	-0.009236
117.5	0.001215
117.6	0.012396
117.7	0.017987
117.8	0.019202
117.9	0.009723
118.0	0.01507
118.1	0.017014
118.2	0.014827
118.3	-0.001215
118.4	-0.005104
118.5	-0.00632
118.6	-0.002431
118.7	-0.004132
118.8	-0.001945
118.9	0.00632
119.0	-0.002674
119.1	-0.009966
119.2	-0.006806
119.3	0.014341
119.4	0.005834
119.5	0.001215
119.6	-0.00632
119.7	0.001701
119.8	0.000729
119.9	-0.000243
120.0	-0.001701
120.1	-0.004861
120.2	-0.000972
120.3	0.012153
120.4	0.006077
120.5	0.009723
120.6	0.013368
120.7	0.010452
120.8	0.007778
120.9	0.012396
121.0	0.018473
121.1	0.024063
121.2	0.02382
121.3	0.003889
121.4	0.010452
121.5	0.015556
121.6	0.028195
121.7	0.025279
121.8	0.035244
121.9	0.03889
122.0	0.034758
122.1	0.027466
122.2	0.017014
122.3	0.017014
122.4	0.02698
122.5	0.022119
122.6	0.017014
122.7	0.016042
122.8	0.02382
122.9	0.017744
123.0	0.016771
123.1	0.013612
123.2	0.00316
123.3	-0.008264
123.4	-0.00875
123.5	-0.017014
123.6	-0.028925
123.7	-0.026251
123.8	-0.019202
123.9	-0.011181
124.0	-0.005347
124.1	-0.003889
124.2	-0.014098
124.3	-0.021876
124.4	-0.018473
124.5	-0.005347
124.6	0.003646
124.7	0.010938
124.8	0.009723
124.9	0.001458
125.0	-0.002188
125.1	0.002674
125.2	0.025522
125.3	0.021876
125.4	0.015556
125.5	0.015799
125.6	0.011424
125.7	0.026737
125.8	0.033786
125.9	0.020417
126.0	0.017257
126.1	-0.00632
126.2	-0.012153
126.3	0.002674
126.4	0.001701
126.5	-0.000972
126.6	0.001458
126.7	-0.00632
126.8	-0.00875
126.9	-0.007292
127.0	-0.000243
127.1	0.011181
127.2	0.012639
127.3	0.00559
127.4	0.000729
127.5	0.000243
127.6	-0.011667
127.7	-0.010209
127.8	-0.002674
127.9	-0.004132
128.0	-0.016285
128.1	-0.019445
128.2	-0.027223
128.3	-0.016285
128.4	-0.006563
128.5	-0.003646
128.6	-0.006806
128.7	0.001215
128.8	0.014584
128.9	0.013855
129.0	0.007049
129.1	0.017014
129.2	0.00875
129.3	0.011424
129.4	0.006563
129.5	0.015313
129.6	0.02698
129.7	0.019688
129.8	0.016285
129.9	0.028438
130.0	0.02382
130.1	0.023334
130.2	0.017257
130.3	0.017744
130.4	0.023577
130.5	0.021876
130.6	0.019202
130.7	0.020903
130.8	-0.001945
130.9	-0.016528
131.0	-0.011424
131.1	-0.014341
131.2	-0.020417
131.3	-0.01191
131.4	0.002674
131.5	-0.004618
131.6	-0.00875
131.7	-0.005104
131.8	0.008264
131.9	0.010695
132.0	0.011667
132.1	0.014584
132.2	0.012153
132.3	-0.008993
132.4	-0.013855
132.5	-0.00316
132.6	-0.007049
132.7	-0.009723
132.8	-0.015556
132.9	-0.008993
133.0	-0.003889
133.1	0.007049
133.2	0.013612
133.3	0.02139
133.4	0.022848
133.5	0.028681
133.6	0.024306
133.7	0.013368
133.8	0.014341
133.9	0.012882
134.0	0.016771
134.1	0.010938
134.2	0.018473
134.3	0.016042
134.4	0.027952
134.5	0.029654
134.6	0.00875
134.7	-0.000243
134.8	0.005347
134.9	0.006077
135.0	0.009236
135.1	0.024792
135.2	0.014584
135.3	0.020174
135.4	0.009479
135.5	0.024063
135.6	0.013368
135.7	0.014098
135.8	0.001701
135.9	-0.002917
136.0	-0.010209
136.1	-0.02382
136.2	-0.028195
136.3	-0.029654
136.4	-0.014584
136.5	-0.016042
136.6	-0.02139
136.7	-0.022848
136.8	-0.0333
136.9	-0.01823
137.0	-0.008507
137.1	-0.012153
137.2	-0.014827
137.3	-0.011667
137.4	0.001458
137.5	0.002188
137.6	0.005347
137.7	0.008993
137.8	0.01191
137.9	0.013855
138.0	0.011424
138.1	0.018959
138.2	0.018959
138.3	0.017987
138.4	0.017014
138.5	0.015799
138.6	0.018473
138.7	0.016771
138.8	0.020174
138.9	0.018959
139.0	0.012882
139.1	0.011667
139.2	0.010452
139.3	0.007778
139.4	-0.001458
139.5	-0.007292
139.6	-0.017744
139.7	-0.005347
139.8	-0.00559
139.9	0.001701
140.0	0.002917
140.1	-0.009966
140.2	-0.019931
140.3	-0.006077
140.4	-0.005104
140.5	-0.002188
140.6	-0.003889
140.7	0.009479
140.8	-0.007535
140.9	0.007049
141.0	-0.000243
141.1	-0.006563
141.2	0.019445
141.3	0.025522
141.4	0.020903
141.5	-0.000729
141.6	0.005347
141.7	0.002431
141.8	-0.005104
141.9	0.003889
142.0	0.026251
142.1	0.026251
142.2	0.021633
142.3	0.015313
142.4	0.013612
142.5	0.018959
142.6	0.024306
142.7	0.016771
142.8	0.007049
142.9	-0.000243
143.0	-0.002917
143.1	-0.014098
143.2	-0.002674
143.3	0.016771
143.4	-0.003403
143.5	-0.006077
143.6	-0.006563
143.7	0.005104
143.8	0.010452
143.9	0.003403
144.0	0.010209
144.1	0.013125
144.2	0.005347
144.3	0.019688
144.4	0.02066
144.5	0.026251
144.6	0.010938
144.7	0.007049
144.8	0.007049
144.9	0.011424
145.0	0.005347
145.1	-0.00632
145.2	0.00875
145.3	0.025279
145.4	0.024792
145.5	0.034515
145.6	0.030383
145.7	0.028438
145.8	0.02698
145.9	0.025279
146.0	0.024063
146.1	0.031112
146.2	0.026737
146.3	0.018959
146.4	0.010209
146.5	0.013368
146.6	0.009966
146.7	0.001701
146.8	0.00316
146.9	-0.010209
147.0	0.003889
147.1	0.018959
147.2	0.010452
147.3	0.012639
147.4	0.009479
147.5	0.014341
147.6	0.012396
147.7	0.013612
147.8	0.010452
147.9	0.008993
148.0	0.010452
148.1	0.008507
148.2	0.005104
148.3	0.014584
148.4	0.012153
148.5	0.012153
148.6	0.01507
148.7	0.017501
148.8	0.020174
148.9	0.014341
149.0	0.01507
149.1	0.028195
149.2	0.021633
149.3	0.022605
149.4	0.014098
149.5	0.02066
149.6	0.018473
149.7	0.020174
149.8	0.023577
149.9	0.014584
150.0	0.015556
150.1	0.013855
150.2	0.009966
150.3	0.011181
150.4	-0.000729
150.5	-0.002188
150.6	-0.000972
150.7	0.010209
150.8	0.008507
150.9	0.014098
151.0	0.018473
151.1	0.015313
151.2	0.010209
151.3	0.013855
151.4	0.021633
151.5	0.028438
151.6	0.024549
151.7	0.02139
151.8	0.007778
151.9	0.00632
152.0	0.003889
152.1	-0.00316
152.2	-0.001945
152.3	0.000972
152.4	-0.00559
152.5	-0.010695
152.6	-0.019202
152.7	-0.013368
152.8	-0.017014
152.9	-0.02066
153.0	-0.017501
153.1	-0.009966
153.2	-0.006563
153.3	-0.006806
153.4	-0.006077
153.5	0.008993
153.6	0.008507
153.7	0.004618
153.8	0.01507
153.9	0.008264
154.0	0.006563
154.1	0.016528
154.2	0.019931
154.3	0.004861
154.4	-0.002431
154.5	0.001458
154.6	0.007778
154.7	0.004132
154.8	0.012882
154.9	0.021876
155.0	0.005834
155.1	0.011667
155.2	0.002431
155.3	-0.010209
155.4	-0.010938
155.5	-0.008507
155.6	-0.007778
155.7	0.00632
155.8	0.001215
155.9	0.002431
156.0	0.00632
156.1	-0.005347
156.2	-0.014098
156.3	-0.014341
156.4	-0.003646
156.5	-0.002917
156.6	0.013855
156.7	0.014584
156.8	0.013612
156.9	0.017257
157.0	0.02382
157.1	0.02698
157.2	0.030869
157.3	0.014584
157.4	0.006563
157.5	0.001945
157.6	0.010695
157.7	0.016528
157.8	0.018959
157.9	0.008264
158.0	0.006077
158.1	0.018959
158.2	0.014584
158.3	0.013612
158.4	0.018473
158.5	0.024306
158.6	0.021633
158.7	0.03014
158.8	0.021633
158.9	0.027709
159.0	0.01823
159.1	0.011424
159.2	0.009723
159.3	0.016771
159.4	0.012882
159.5	0.021633
159.6	0.022605
159.7	0.027466
159.8	0.019688
159.9	0.018473
160.0	0.019445
160.1	0.018959
160.2	0.016528
160.3	0.022362
160.4	0.012882
160.5	0.008507
160.6	0.003403
160.7	0.000972
160.8	-0.00559
160.9	0.0
161.0	0.003889
161.1	-0.006806
161.2	-0.003646
161.3	0.002431
161.4	0.002188
161.5	0.000486
161.6	0.013125
161.7	0.002431
161.8	0.016285
161.9	0.014098
162.0	0.005347
162.1	0.017744
162.2	0.022119
162.3	0.019688
162.4	0.019688
162.5	0.014341
162.6	0.016042
162.7	0.021633
162.8	0.011667
162.9	0.013612
163.0	0.015556
163.1	0.019445
163.2	0.017014
163.3	0.01507
163.4	0.011424
163.5	-0.003646
163.6	-0.007535
163.7	-0.000729
163.8	0.007778
163.9	0.009479
164.0	0.012396
164.1	0.010938
164.2	0.005834
164.3	0.008507
164.4	0.013125
164.5	0.002188
164.6	-0.011667
164.7	-0.010695
164.8	-0.008021
164.9	-0.004861
165.0	0.0
165.1	-0.001458
165.2	0.000729
165.3	-0.001458
165.4	-0.009723
165.5	-0.005104
165.6	-0.000243
165.7	-0.011181
165.8	0.006563
165.9	0.009236
166.0	0.0
166.1	0.007778
166.2	0.003403
166.3	0.005834
166.4	-0.002188
166.5	-0.009479
166.6	0.002188
166.7	0.002188
166.8	-0.008264
166.9	-0.006806
167.0	-0.012153
167.1	-0.011424
167.2	-0.007049
167.3	-0.003889
167.4	-0.001945
167.5	-0.001458
167.6	0.017987
167.7	0.026737
167.8	0.026494
167.9	0.030626
168.0	0.029897
168.1	0.032814
168.2	0.031598
168.3	0.025279
168.4	0.000972
168.5	0.010452
168.6	0.010452
168.7	0.00632
168.8	0.003646
168.9	-0.005347
169.0	-0.014827
169.1	-0.011667
169.2	-0.009479
169.3	-0.016285
169.4	-0.015799
169.5	-0.018473
169.6	-0.023577
169.7	-0.014827
169.8	-0.012153
169.9	-0.007778
170.0	-0.002188
170.1	-0.004132
170.2	-0.008993
170.3	-0.003646
170.4	-0.014827
170.5	-0.013855
170.6	-0.009236
170.7	-0.023577
170.8	-0.025765
170.9	-0.03014
171.0	-0.022605
171.1	-0.018473
171.2	-0.030383
171.3	-0.027952
171.4	-0.025522
171.5	-0.018716
171.6	-0.019688
171.7	-0.021147
171.8	-0.021876
171.9	-0.017987
172.0	-0.013125
172.1	-0.004132
172.2	-0.007778
172.3	0.007292
172.4	0.003646
172.5	-0.010209
172.6	-0.012882
172.7	-0.016285
172.8	-0.024063
172.9	-0.013855
173.0	-0.014827
173.1	-0.026494
173.2	-0.039862
173.3	-0.03889
173.4	-0.028195
173.5	-0.034758
173.6	-0.028438
173.7	-0.032327
173.8	-0.023091
173.9	-0.019931
174.0	-0.011181
174.1	-0.008507
174.2	-0.008507
174.3	-0.014827
174.4	-0.019931
174.5	-0.020174
174.6	-0.014341
174.7	-0.016528
174.8	-0.022848
174.9	-0.031841
175.0	-0.022362
175.1	-0.016771
175.2	-0.020903
175.3	-0.017257
175.4	-0.013125
175.5	-0.009966
175.6	-0.009236
175.7	-0.003403
175.8	0.000243
175.9	-0.000486
176.0	0.006077
176.1	0.005104
176.2	0.004375
176.3	0.013855
176.4	0.019688
176.5	0.01507
176.6	0.019688
176.7	0.035244
176.8	0.0333
176.9	0.038404
177.0	0.031841
177.1	0.026251
177.2	0.016528
177.3	0.013368
177.4	0.005104
177.5	-0.000243
177.6	-0.001458
177.7	-0.010209
177.8	-0.014341
177.9	-0.022362
178.0	-0.019202
178.1	-0.009966
178.2	-0.01191
178.3	-0.02066
178.4	-0.016042
178.5	-0.010452
178.6	-0.014827
178.7	0.008264
178.8	0.021147
178.9	0.020417
179.0	0.006077
179.1	0.01507
179.2	0.013855
179.3	0.015556
179.4	0.021633
179.5	0.02382
179.6	0.016285
179.7	0.011667
179.8	0.001945
179.9	-0.012153
180.0	-0.002674
180.1	-0.006077
180.2	-0.004861
180.3	-0.002431
180.4	-0.00559
180.5	0.001945
180.6	0.004375
180.7	0.005347
180.8	0.00632
180.9	0.01507
181.0	0.006806
181.1	0.007292
181.2	0.011424
181.3	0.001701
181.4	-0.004618
181.5	0.0
181.6	-0.006563
181.7	-0.013612
181.8	-0.010452
181.9	-0.021876
182.0	-0.028195
182.1	-0.028195
182.2	-0.020417
182.3	-0.019202
182.4	-0.029411
182.5	-0.025036
182.6	-0.017501
182.7	-0.014827
182.8	-0.012639
182.9	-0.029168
183.0	-0.028925
183.1	-0.012882
183.2	-0.016771
183.3	-0.013855
183.4	-0.016771
183.5	-0.016771
183.6	-0.017987
183.7	-0.011667
183.8	-0.017987
183.9	-0.01823
184.0	-0.030383
184.1	-0.024549
184.2	-0.036703
184.3	-0.040349
184.4	-0.028681
184.5	-0.026737
184.6	-0.026008
184.7	-0.026251
184.8	-0.020417
184.9	-0.029411
185.0	-0.025279
185.1	-0.028195
185.2	-0.034515
185.3	-0.028925
185.4	-0.043022
185.5	-0.041078
185.6	-0.032814
185.7	-0.02698
185.8	-0.01191
185.9	-0.022119
186.0	-0.036946
186.1	-0.033543
186.2	-0.032084
186.3	-0.014827
186.4	-0.011424
186.5	-0.00559
186.6	0.012396
186.7	0.00632
186.8	0.018473
186.9	0.024549
187.0	0.024792
187.1	0.028681
187.2	0.013855
187.3	0.010695
187.4	0.02139
187.5	0.016285
187.6	0.017501
187.7	0.034272
187.8	0.04521
187.9	0.035973
188.0	0.038647
188.1	0.02698
188.2	0.016528
188.3	0.029168
188.4	0.032814
188.5	0.014098
188.6	0.026251
188.7	0.02382
188.8	0.025036
188.9	0.01507
189.0	0.009236
189.1	0.013125
189.2	0.008993
189.3	-0.001215
189.4	-0.00875
189.5	-0.001945
189.6	0.001215
189.7	0.009723
189.8	0.003889
189.9	0.015313
190.0	0.009236
190.1	0.008264
190.2	0.007049
190.3	-0.00316
190.4	0.0
190.5	0.004618
190.6	0.003403
190.7	0.001458
190.8	0.014341
190.9	0.016771
191.0	0.016042
191.1	0.015313
191.2	0.00632
191.3	0.003646
191.4	-0.002431
191.5	-0.000486
191.6	-0.010452
191.7	-0.01823
191.8	-0.011667
191.9	-0.008507
192.0	-0.010209
192.1	-0.001458
192.2	-0.009479
192.3	-0.009966
192.4	-0.015313
192.5	-0.00559
192.6	-0.013855
192.7	-0.00559
192.8	-0.007292
192.9	-0.014098
193.0	-0.011424
193.1	-0.018716
193.2	-0.008021
193.3	-0.002917
193.4	-0.001215
193.5	-0.002917
193.6	0.009236
193.7	0.008264
193.8	-0.003646
193.9	-0.008021
194.0	0.002917
194.1	-0.000729
194.2	0.006806
194.3	-0.007778
194.4	-0.007535
194.5	-0.001701
194.6	-0.01191
194.7	0.004375
194.8	0.002917
194.9	0.007049
195.0	0.009479
195.1	0.00875
195.2	0.004375

&

0.1	0.0
0.2	-0.00559
0.3	-0.005104
0.4	0.000972
0.5	-0.000729
0.6	-0.000729
0.7	-0.000486
0.8	0.0
0.9	0.0
1.0	0.011424
1.1	0.010695
1.2	0.010695
1.3	0.004861
1.4	0.004618
1.5	0.004861
1.6	0.005104
1.7	0.010209
1.8	0.020174
1.9	0.02139
2.0	0.019688
2.1	0.013855
2.2	0.004132
2.3	0.00316
2.4	0.008993
2.5	0.013368
2.6	0.010938
2.7	0.007049
2.8	0.007049
2.9	0.002188
3.0	-0.001215
3.1	-0.007778
3.2	-0.001945
3.3	-0.00316
3.4	-0.003403
3.5	-0.002188
3.6	-0.008021
3.7	-0.000972
3.8	0.000972
3.9	-0.005347
4.0	0.001458
4.1	0.002188
4.2	0.007535
4.3	0.005834
4.4	0.017014
4.5	0.012882
4.6	0.013125
4.7	0.019445
4.8	0.011667
4.9	0.017014
5.0	0.01507
5.1	0.016285
5.2	0.005834
5.3	0.013368
5.4	0.016042
5.5	0.027952
5.6	0.023091
5.7	0.019445
5.8	0.018473
5.9	0.019445
6.0	0.009479
6.1	0.016771
6.2	0.010452
6.3	0.01191
6.4	0.017257
6.5	0.017744
6.6	0.018473
6.7	0.017744
6.8	0.003889
6.9	-0.001215
7.0	-0.007535
7.1	-0.003646
7.2	-0.003646
7.3	-0.006563
7.4	0.002917
7.5	0.00559
7.6	0.009966
7.7	0.015313
7.8	0.012639
7.9	0.006806
8.0	0.008021
8.1	0.013612
8.2	0.021633
8.3	0.026494
8.4	0.026251
8.5	0.022119
8.6	0.024792
8.7	0.025279
8.8	0.012153
8.9	0.010452
9.0	0.008993
9.1	0.008021
9.2	-0.000243
9.3	-0.002917
9.4	0.000486
9.5	-0.00875
9.6	-0.002188
9.7	0.002917
9.8	-0.008021
9.9	-0.012153
10.0	-0.01823
10.1	-0.012396
10.2	-0.003403
10.3	0.000729
10.4	-0.004132
10.5	-0.006077
10.6	0.000486
10.7	0.003889
10.8	-0.004618
10.9	0.0
11.0	-0.002674
11.1	-0.004618
11.2	-0.007535
11.3	0.000486
11.4	-0.001215
11.5	-0.000486
11.6	0.011424
11.7	0.002674
11.8	0.002431
11.9	0.003646
12.0	0.013125
12.1	0.021633
12.2	0.028438
12.3	0.026008
12.4	0.029897
12.5	0.02382
12.6	0.025522
12.7	0.025036
12.8	0.029168
12.9	0.03014
13.0	0.030626
13.1	0.027709
13.2	0.040592
13.3	0.043994
13.4	0.032084
13.5	0.042293
13.6	0.047154
13.7	0.042779
13.8	0.042779
13.9	0.027709
14.0	0.016528
14.1	0.011424
14.2	0.006563
14.3	0.012153
14.4	0.00559
14.5	0.001701
14.6	0.001215
14.7	0.002674
14.8	0.000972
14.9	0.009479
15.0	0.024792
15.1	0.022605
15.2	0.019445
15.3	0.023334
15.4	0.022605
15.5	0.03014
15.6	0.02698
15.7	0.022362
15.8	0.017744
15.9	0.013125
16.0	0.003403
16.1	0.006806
16.2	0.005104
16.3	-0.009966
16.4	-0.003646
16.5	-0.007292
16.6	-0.007778
16.7	0.008264
16.8	0.002917
16.9	0.016285
17.0	0.009723
17.1	0.01507
17.2	0.010209
17.3	0.032814
17.4	0.023577
17.5	0.028195
17.6	0.026494
17.7	0.010209
17.8	-0.005104
17.9	0.003646
18.0	0.004132
18.1	-0.003403
18.2	-0.009723
18.3	-0.000729
18.4	0.010452
18.5	0.012882
18.6	0.019688
18.7	0.012639
18.8	0.014584
18.9	0.015556
19.0	0.016042
19.1	0.007049
19.2	0.009966
19.3	0.002188
19.4	-0.002431
19.5	-0.012153
19.6	-0.008264
19.7	-0.008993
19.8	-0.010209
19.9	-0.008993
20.0	0.004132
20.1	0.009723
20.2	-0.001945
20.3	-0.008021
20.4	-0.014098
20.5	-0.020417
20.6	-0.024792
20.7	-0.035973
20.8	-0.03014
20.9	-0.017257
21.0	-0.028925
21.1	-0.036703
21.2	-0.028681
21.3	-0.041807
21.4	-0.03573
21.5	-0.033786
21.6	-0.038161
21.7	-0.044724
21.8	-0.048127
21.9	-0.041321
22.0	-0.03889
22.1	-0.028925
22.2	-0.023577
22.3	-0.020903
22.4	-0.020903
22.5	-0.02382
22.6	-0.014098
22.7	-0.016771
22.8	-0.020174
22.9	-0.019445
23.0	-0.025765
23.1	-0.027952
23.2	-0.021876
23.3	-0.029168
23.4	-0.017501
23.5	-0.004132
23.6	-0.006077
23.7	-0.00632
23.8	-0.003403
23.9	0.000729
24.0	-0.008021
24.1	-0.002431
24.2	0.004132
24.3	0.007292
24.4	0.009236
24.5	0.024549
24.6	0.014827
24.7	0.00316
24.8	-0.004618
24.9	-0.016528
25.0	-0.012396
25.1	-0.009723
25.2	-0.011667
25.3	-0.021147
25.4	-0.024549
25.5	-0.016042
25.6	-0.017014
25.7	-0.026008
25.8	-0.028438
25.9	-0.026494
26.0	-0.026008
26.1	-0.01507
26.2	-0.01507
26.3	-0.016771
26.4	-0.025522
26.5	-0.024063
26.6	-0.015556
26.7	-0.002188
26.8	-0.005834
26.9	-0.008993
27.0	0.007049
27.1	0.00559
27.2	-0.002674
27.3	-0.006563
27.4	-0.007778
27.5	-0.003646
27.6	0.007292
27.7	0.018959
27.8	0.016285
27.9	0.026008
28.0	0.028438
28.1	0.024549
28.2	0.01507
28.3	0.008993
28.4	0.002917
28.5	0.012396
28.6	-0.003646
28.7	-0.004375
28.8	-0.007535
28.9	-0.009966
29.0	-0.003646
29.1	0.006806
29.2	0.016285
29.3	0.027709
29.4	0.027709
29.5	0.026251
29.6	0.014341
29.7	0.007778
29.8	0.004132
29.9	0.000486
30.0	0.002431
30.1	0.008264
30.2	0.008264
30.3	0.010938
30.4	0.011181
30.5	0.022362
30.6	0.014098
30.7	0.010209
30.8	0.015799
30.9	0.016042
31.0	0.005347
31.1	0.001215
31.2	-0.00316
31.3	-0.009236
31.4	-0.003889
31.5	0.000729
31.6	-0.004132
31.7	-0.000972
31.8	0.009479
31.9	0.002917
32.0	0.00559
32.1	0.011667
32.2	0.010695
32.3	0.010209
32.4	0.011424
32.5	0.008507
32.6	0.007049
32.7	0.005347
32.8	-0.005834
32.9	-0.011667
33.0	-0.016771
33.1	-0.019931
33.2	-0.017014
33.3	-0.009479
33.4	-0.004618
33.5	-0.014584
33.6	-0.022362
33.7	-0.002431
33.8	-0.005104
33.9	-0.00316
34.0	0.003403
34.1	0.006563
34.2	-0.001945
34.3	0.007292
34.4	0.018473
34.5	0.016285
34.6	0.016528
34.7	0.003889
34.8	0.0
34.9	-0.002188
35.0	-0.00559
35.1	-0.000729
35.2	-0.005834
35.3	-0.012153
35.4	-0.005104
35.5	-0.007535
35.6	-0.001458
35.7	0.004618
35.8	0.012396
35.9	0.002674
36.0	0.001458
36.1	0.007292
36.2	-0.002674
36.3	0.009236
36.4	0.034758
36.5	0.028681
36.6	0.026008
36.7	0.02698
36.8	0.018959
36.9	0.014341
37.0	0.007778
37.1	-0.001945
37.2	0.004618
37.3	0.005347
37.4	0.006077
37.5	0.008507
37.6	0.002674
37.7	-0.004375
37.8	-0.010938
37.9	-0.000729
38.0	0.012882
38.1	0.022605
38.2	0.012153
38.3	0.011181
38.4	0.011424
38.5	0.007778
38.6	0.021147
38.7	0.013855
38.8	0.005834
38.9	0.011667
39.0	0.021633
39.1	0.007778
39.2	0.004618
39.3	0.013368
39.4	0.023091
39.5	0.006077
39.6	0.007049
39.7	0.008507
39.8	0.004861
39.9	-0.000486
40.0	0.014827
40.1	0.013125
40.2	0.017014
40.3	0.013612
40.4	0.021147
40.5	0.028195
40.6	0.018716
40.7	0.017744
40.8	-0.003889
40.9	0.004861
41.0	-0.006806
41.1	0.007049
41.2	0.007535
41.3	-0.000729
41.4	0.002431
41.5	0.014341
41.6	0.002188
41.7	0.008264
41.8	0.006563
41.9	0.009966
42.0	0.004861
42.1	0.001215
42.2	0.003403
42.3	0.004618
42.4	-0.001701
42.5	-0.009236
42.6	-0.018959
42.7	-0.019931
42.8	-0.020417
42.9	-0.01823
43.0	-0.034515
43.1	-0.037675
43.2	-0.026737
43.3	-0.024792
43.4	-0.019445
43.5	-0.019688
43.6	-0.018473
43.7	-0.026251
43.8	-0.026008
43.9	-0.021147
44.0	-0.013125
44.1	-0.016285
44.2	-0.026737
44.3	-0.034272
44.4	-0.024549
44.5	-0.017501
44.6	-0.017014
44.7	-0.031112
44.8	-0.022605
44.9	-0.011667
45.0	-0.013125
45.1	-0.022848
45.2	-0.00875
45.3	-0.011424
45.4	-0.017257
45.5	-0.008507
45.6	-0.006077
45.7	-0.016285
45.8	-0.004618
45.9	-0.004861
46.0	-0.005104
46.1	0.005834
46.2	0.002674
46.3	-0.010209
46.4	-0.016771
46.5	-0.017987
46.6	-0.02066
46.7	-0.033057
46.8	-0.024306
46.9	-0.012153
47.0	-0.006563
47.1	-0.016042
47.2	-0.01191
47.3	-0.010938
47.4	-0.008264
47.5	0.004132
47.6	-0.00316
47.7	-0.001458
47.8	0.000243
47.9	0.009479
48.0	0.00875
48.1	0.017501
48.2	0.016771
48.3	0.011667
48.4	0.010209
48.5	0.008021
48.6	0.005104
48.7	0.001945
48.8	0.006077
48.9	0.003889
49.0	0.019688
49.1	0.011181
49.2	0.007778
49.3	0.002674
49.4	-0.000972
49.5	-0.004618
49.6	-0.021633
49.7	-0.010938
49.8	-0.017744
49.9	-0.028438
50.0	-0.017744
50.1	-0.021633
50.2	-0.009966
50.3	-0.014584
50.4	-0.021147
50.5	-0.02139
50.6	-0.008993
50.7	0.0
50.8	-0.009966
50.9	0.000972
51.0	0.001215
51.1	-0.005834
51.2	0.003403
51.3	-0.004618
51.4	-0.000243
51.5	0.004618
51.6	-0.005104
51.7	0.014098
51.8	0.019688
51.9	0.024063
52.0	0.024792
52.1	0.033543
52.2	0.020903
52.3	0.022362
52.4	0.026494
52.5	0.024549
52.6	0.006563
52.7	0.012153
52.8	0.027709
52.9	0.022848
53.0	0.015313
53.1	0.024792
53.2	0.030869
53.3	0.013368
53.4	0.02139
53.5	0.016528
53.6	0.017014
53.7	0.019931
53.8	0.010938
53.9	0.019931
54.0	0.009479
54.1	0.005347
54.2	0.011181
54.3	-0.004861
54.4	-0.004618
54.5	-0.010695
54.6	-0.006806
54.7	-0.004132
54.8	-0.005347
54.9	-0.007535
55.0	-0.009479
55.1	-0.014341
55.2	-0.012882
55.3	-0.004375
55.4	0.013125
55.5	0.014584
55.6	0.014098
55.7	0.016042
55.8	0.003403
55.9	0.004861
56.0	0.006563
56.1	0.010938
56.2	0.012882
56.3	0.01191
56.4	0.023334
56.5	0.014098
56.6	0.009236
56.7	0.010938
56.8	0.017501
56.9	0.018473
57.0	0.01823
57.1	0.017987
57.2	0.014827
57.3	0.017501
57.4	0.017257
57.5	0.031112
57.6	0.028438
57.7	0.02066
57.8	0.019445
57.9	0.018716
58.0	0.018716
58.1	0.001701
58.2	0.001458
58.3	0.00559
58.4	0.006077
58.5	0.001215
58.6	0.010938
58.7	0.025765
58.8	0.021876
58.9	0.022605
59.0	0.017501
59.1	0.017987
59.2	0.00875
59.3	0.013125
59.4	0.02698
59.5	0.025279
59.6	0.016771
59.7	0.015313
59.8	0.021876
59.9	0.006806
60.0	0.001458
60.1	-0.002674
60.2	0.000972
60.3	-0.002188
60.4	-0.002917
60.5	-0.007292
60.6	-0.006077
60.7	0.022362
60.8	0.024549
60.9	0.020903
61.0	0.019931
61.1	0.024306
61.2	0.018716
61.3	0.01507
61.4	0.02139
61.5	0.016042
61.6	0.015556
61.7	0.016771
61.8	0.023334
61.9	0.017744
62.0	0.017744
62.1	0.005834
62.2	0.001215
62.3	0.003889
62.4	0.00875
62.5	-0.001458
62.6	0.007049
62.7	0.01507
62.8	0.008993
62.9	0.015313
63.0	0.012882
63.1	0.018959
63.2	0.000729
63.3	0.013855
63.4	0.008264
63.5	0.004375
63.6	0.0
63.7	0.008507
63.8	0.011424
63.9	0.003889
64.0	0.001458
64.1	-0.000243
64.2	-0.002188
64.3	-0.00559
64.4	-0.006077
64.5	-0.012882
64.6	-0.019445
64.7	-0.009236
64.8	-0.007049
64.9	-0.003889
65.0	0.004375
65.1	0.00875
65.2	0.026008
65.3	0.02382
65.4	0.020903
65.5	0.025279
65.6	-0.00316
65.7	0.003646
65.8	-0.00559
65.9	-0.003889
66.0	0.00559
66.1	0.004861
66.2	-0.005347
66.3	-0.000972
66.4	-0.002917
66.5	-0.001945
66.6	-0.008264
66.7	-0.012153
66.8	-0.012153
66.9	0.001945
67.0	0.001945
67.1	0.003403
67.2	0.010452
67.3	-0.007049
67.4	-0.005834
67.5	-0.007778
67.6	0.005347
67.7	0.001215
67.8	0.000729
67.9	0.011667
68.0	-0.005347
68.1	-0.004861
68.2	-0.012639
68.3	-0.017014
68.4	-0.014098
68.5	-0.019688
68.6	-0.026251
68.7	-0.034029
68.8	-0.02139
68.9	-0.018716
69.0	-0.022362
69.1	-0.009966
69.2	-0.02066
69.3	-0.014584
69.4	-0.011667
69.5	-0.016771
69.6	-0.005834
69.7	0.0
69.8	-0.003889
69.9	-0.002917
70.0	-0.005104
70.1	-0.010452
70.2	-0.01507
70.3	-0.027952
70.4	-0.021147
70.5	-0.015313
70.6	-0.018716
70.7	-0.010452
70.8	-0.006806
70.9	-0.014827
71.0	-0.010209
71.1	-0.005834
71.2	-0.001945
71.3	-0.000243
71.4	-0.00559
71.5	-0.009966
71.6	-0.016285
71.7	-0.022362
71.8	-0.026008
71.9	-0.018473
72.0	-0.026494
72.1	-0.0333
72.2	-0.02066
72.3	-0.02139
72.4	-0.019688
72.5	-0.029654
72.6	-0.040349
72.7	-0.031112
72.8	-0.025279
72.9	-0.022848
73.0	-0.026494
73.1	-0.027709
73.2	-0.030869
73.3	-0.017987
73.4	-0.022362
73.5	-0.017257
73.6	-0.011667
73.7	-0.012882
73.8	-0.003646
73.9	-0.021633
74.0	-0.015313
74.1	-0.01823
74.2	-0.017744
74.3	-0.02139
74.4	-0.008264
74.5	-0.020903
74.6	-0.014827
74.7	-0.022119
74.8	-0.014341
74.9	-0.012153
75.0	-0.015556
75.1	-0.031355
75.2	-0.031355
75.3	-0.03257
75.4	-0.026737
75.5	-0.034272
75.6	-0.004132
75.7	-0.021633
75.8	-0.009479
75.9	-0.009723
76.0	0.001215
76.1	-0.003403
76.2	0.004132
76.3	0.000729
76.4	0.003646
76.5	0.012396
76.6	0.011181
76.7	0.008264
76.8	0.008021
76.9	0.01191
77.0	0.013855
77.1	-0.010452
77.2	-0.009723
77.3	-0.007778
77.4	-0.008264
77.5	-0.000972
77.6	0.000486
77.7	0.001458
77.8	-0.007778
77.9	-0.007535
78.0	-0.015313
78.1	-0.022362
78.2	-0.004618
78.3	-0.007292
78.4	-0.008021
78.5	-0.001458
78.6	0.002431
78.7	-0.005347
78.8	-0.017257
78.9	-0.021633
79.0	-0.023577
79.1	0.005104
79.2	0.007292
79.3	0.011424
79.4	-0.004375
79.5	-0.002188
79.6	-0.004618
79.7	-0.000243
79.8	0.004375
79.9	0.005104
80.0	0.012639
80.1	0.020417
80.2	0.028925
80.3	0.024792
80.4	0.012153
80.5	-0.003403
80.6	0.004132
80.7	0.001458
80.8	-0.000729
80.9	0.016285
81.0	0.019688
81.1	0.017257
81.2	0.017501
81.3	0.013855
81.4	-0.003889
81.5	0.0
81.6	-0.002188
81.7	0.010695
81.8	0.019931
81.9	0.02382
82.0	0.012396
82.1	0.021147
82.2	0.023577
82.3	0.021633
82.4	0.029168
82.5	0.037918
82.6	0.034272
82.7	0.040349
82.8	0.025765
82.9	0.016771
83.0	0.006563
83.1	0.00559
83.2	-0.015313
83.3	-0.009236
83.4	-0.016771
83.5	-0.013855
83.6	-0.013612
83.7	-0.023577
83.8	-0.00875
83.9	-0.002917
84.0	0.008264
84.1	0.009723
84.2	0.020417
84.3	0.018959
84.4	0.017014
84.5	0.025279
84.6	0.027466
84.7	0.030626
84.8	0.016528
84.9	0.009723
85.0	0.017257
85.1	0.019688
85.2	0.019931
85.3	0.006077
85.4	0.002431
85.5	-0.010695
85.6	0.000243
85.7	-0.005347
85.8	-0.005347
85.9	-0.002431
86.0	-0.009479
86.1	-0.003646
86.2	-0.010695
86.3	0.002917
86.4	-0.017257
86.5	-0.010938
86.6	-0.014584
86.7	-0.026008
86.8	-0.025765
86.9	-0.02139
87.0	-0.019445
87.1	-0.02066
87.2	-0.038161
87.3	-0.038647
87.4	-0.026737
87.5	-0.033057
87.6	-0.043265
87.7	-0.035001
87.8	-0.029897
87.9	-0.032814
88.0	-0.010938
88.1	-0.010938
88.2	-0.008993
88.3	-0.00316
88.4	-0.000729
88.5	0.012639
88.6	-0.010209
88.7	-0.015556
88.8	-0.012639
88.9	-0.003403
89.0	-0.025522
89.1	-0.033786
89.2	-0.030383
89.3	-0.024549
89.4	-0.032084
89.5	-0.018473
89.6	-0.017014
89.7	-0.00875
89.8	0.000972
89.9	0.009236
90.0	-0.002674
90.1	-0.001215
90.2	0.004861
90.3	0.011667
90.4	0.007049
90.5	0.001701
90.6	-0.013368
90.7	-0.016528
90.8	-0.023091
90.9	-0.02698
91.0	-0.009966
91.1	-0.018959
91.2	-0.015799
91.3	-0.022605
91.4	-0.017501
91.5	-0.016042
91.6	-0.029168
91.7	-0.025522
91.8	-0.023577
91.9	-0.034758
92.0	-0.024549
92.1	-0.010209
92.2	0.001701
92.3	0.004861
92.4	0.000972
92.5	-0.013125
92.6	-0.010209
92.7	-0.006077
92.8	-0.022119
92.9	-0.007049
93.0	-0.003646
93.1	-0.000243
93.2	0.018716
93.3	0.015799
93.4	0.00875
93.5	0.00559
93.6	0.015799
93.7	0.017987
93.8	0.005104
93.9	0.008264
94.0	0.022119
94.1	0.012882
94.2	0.011667
94.3	-0.002431
94.4	0.008993
94.5	-0.007049
94.6	-0.013368
94.7	-0.014341
94.8	-0.012639
94.9	-0.005347
95.0	-0.009479
95.1	-0.007778
95.2	-0.001458
95.3	0.011181
95.4	0.032084
95.5	0.028438
95.6	0.025765
95.7	0.028925
95.8	0.029897
95.9	0.029168
96.0	0.0333
96.1	0.035001
96.2	0.042779
96.3	0.029654
96.4	0.002188
96.5	-0.001945
96.6	-0.001945
96.7	0.006806
96.8	0.009479
96.9	0.01191
97.0	0.004375
97.1	0.005834
97.2	0.00875
97.3	0.007292
97.4	0.011424
97.5	-0.007535
97.6	-0.016042
97.7	-0.016042
97.8	-0.010938
97.9	-0.017501
98.0	-0.024549
98.1	-0.02066
98.2	-0.019202
98.3	-0.028681
98.4	-0.026494
98.5	-0.028681
98.6	-0.018716
98.7	-0.013612
98.8	-0.013368
98.9	-0.008993
99.0	-0.014827
99.1	-0.00632
99.2	-0.012882
99.3	-0.008264
99.4	0.004861
99.5	-0.000243
99.6	-0.008507
99.7	-0.014584
99.8	-0.009479
99.9	-0.017987
100.0	-0.005834
100.1	0.000486
100.2	-0.00632
100.3	-0.019688
100.4	-0.025765
100.5	-0.030626
100.6	-0.038647
100.7	-0.04837
100.8	-0.031598
100.9	-0.031355
101.0	-0.027223
101.1	-0.027223
101.2	-0.022605
101.3	-0.029411
101.4	-0.02139
101.5	-0.022119
101.6	-0.016285
101.7	0.001945
101.8	0.013612
101.9	0.005347
102.0	0.000972
102.1	-0.001458
102.2	-0.016528
102.3	-0.01507
102.4	-0.014584
102.5	-0.017257
102.6	-0.010452
102.7	-0.006563
102.8	-0.00559
102.9	-0.014827
103.0	-0.02139
103.1	-0.019931
103.2	-0.015313
103.3	-0.009236
103.4	0.013855
103.5	0.016285
103.6	0.025279
103.7	0.01191
103.8	0.007292
103.9	0.013368
104.0	0.016285
104.1	0.002674
104.2	-0.000243
104.3	0.007778
104.4	-0.001215
104.5	-0.00316
104.6	0.002188
104.7	0.009723
104.8	0.002674
104.9	0.004132
105.0	0.015556
105.1	0.001945
105.2	0.00316
105.3	0.004132
105.4	0.0
105.5	-0.006077
105.6	0.004861
105.7	0.001215
105.8	0.000486
105.9	0.000972
106.0	-0.007292
106.1	-0.012153
106.2	-0.00316
106.3	0.00559
106.4	0.009966
106.5	0.02382
106.6	0.019931
106.7	0.022119
106.8	0.018959
106.9	0.013125
107.0	0.009236
107.1	0.025036
107.2	0.026251
107.3	0.032327
107.4	0.031355
107.5	0.02066
107.6	0.011424
107.7	0.009479
107.8	0.011667
107.9	0.009236
108.0	0.017987
108.1	0.006077
108.2	0.000729
108.3	0.004132
108.4	0.000729
108.5	-0.009236
108.6	-0.002431
108.7	0.004618
108.8	0.011181
108.9	0.017987
109.0	0.014584
109.1	0.009236
109.2	-0.000729
109.3	-0.008993
109.4	-0.011181
109.5	-0.025765
109.6	-0.022119
109.7	-0.013368
109.8	-0.018959
109.9	-0.020174
110.0	-0.014584
110.1	-0.022605
110.2	-0.018473
110.3	-0.02066
110.4	-0.003889
110.5	-0.003403
110.6	-0.017987
110.7	-0.017987
110.8	-0.024306
110.9	-0.019931
111.0	-0.009966
111.1	-0.020174
111.2	-0.013368
111.3	-0.014098
111.4	-0.015556
111.5	-0.014827
111.6	-0.020903
111.7	-0.021147
111.8	-0.026008
111.9	-0.036216
112.0	-0.027709
112.1	-0.031598
112.2	-0.036216
112.3	-0.027952
112.4	-0.031841
112.5	-0.035001
112.6	-0.024306
112.7	-0.026251
112.8	-0.028195
112.9	-0.027223
113.0	-0.023091
113.1	-0.024549
113.2	-0.023577
113.3	-0.008993
113.4	-0.008507
113.5	0.001945
113.6	0.012639
113.7	0.004375
113.8	0.028681
113.9	0.021633
114.0	0.020903
114.1	0.015313
114.2	0.017744
114.3	0.017501
114.4	0.015313
114.5	0.021147
114.6	0.020417
114.7	0.012153
114.8	0.003889
114.9	0.009479
115.0	0.00559
115.1	-0.002917
115.2	-0.003403
115.3	0.004132
115.4	-0.006563
115.5	-0.000243
115.6	-0.003403
115.7	-0.000486
115.8	0.000243
115.9	-0.007778
116.0	-0.008993
116.1	0.0
116.2	0.002917
116.3	0.010938
116.4	-0.00316
116.5	0.001945
116.6	0.004375
116.7	0.012153
116.8	0.019688
116.9	0.033057
117.0	0.025765
117.1	0.02698
117.2	0.02698
117.3	0.027709
117.4	0.027709
117.5	0.020417
117.6	0.006077
117.7	-0.004618
117.8	0.009479
117.9	0.008021
118.0	0.01191
118.1	-0.001215
118.2	-0.002188
118.3	-0.012882
118.4	-0.018959
118.5	-0.022605
118.6	-0.03257
118.7	-0.025036
118.8	-0.013612
118.9	-0.007049
119.0	-0.004618
119.1	-0.007049
119.2	0.004861
119.3	-0.012396
119.4	-0.01823
119.5	-0.023091
119.6	-0.01191
119.7	-0.015556
119.8	-0.009723
119.9	-0.011424
120.0	-0.017014
120.1	-0.015799
120.2	-0.003403
120.3	-0.000243
120.4	0.004618
120.5	0.008264
120.6	-0.000486
120.7	-0.002188
120.8	-0.001215
120.9	0.000729
121.0	-0.012882
121.1	-0.010209
121.2	-0.003403
121.3	0.015799
121.4	0.009236
121.5	0.022362
121.6	0.019202
121.7	0.007292
121.8	-0.001945
121.9	-0.004861
122.0	-0.002188
122.1	0.003889
122.2	0.0
122.3	-0.022848
122.4	-0.010452
122.5	-0.023334
122.6	-0.019688
122.7	-0.012153
122.8	-0.008507
122.9	-0.004375
123.0	-0.004618
123.1	0.004375
123.2	0.000729
123.3	0.002674
123.4	0.011424
123.5	0.010938
123.6	0.003646
123.7	0.002431
123.8	0.014341
123.9	0.029168
124.0	0.036946
124.1	0.044481
124.2	0.019445
124.3	0.020417
124.4	0.011181
124.5	0.009723
124.6	0.009236
124.7	-0.001215
124.8	0.007778
124.9	0.023091
125.0	0.017987
125.1	0.029168
125.2	0.018716
125.3	0.012882
125.4	0.004618
125.5	0.008507
125.6	0.012153
125.7	0.011181
125.8	0.009723
125.9	0.012153
126.0	0.004375
126.1	0.004618
126.2	0.009723
126.3	-0.001701
126.4	-0.00316
126.5	0.009723
126.6	0.015799
126.7	0.014098
126.8	-0.000972
126.9	0.002188
127.0	0.001215
127.1	0.013612
127.2	0.02066
127.3	0.016042
127.4	0.027466
127.5	0.023091
127.6	0.024306
127.7	0.012639
127.8	0.009723
127.9	-0.008993
128.0	-0.003646
128.1	-0.004861
128.2	-0.002431
128.3	-0.003403
128.4	0.008993
128.5	-0.006806
128.6	-0.009966
128.7	-0.018716
128.8	-0.008993
128.9	-0.000729
129.0	0.005347
129.1	0.024306
129.2	0.007778
129.3	0.0
129.4	0.004861
129.5	0.007778
129.6	0.004375
129.7	-0.006563
129.8	-0.012882
129.9	-0.004861
130.0	-0.012396
130.1	-0.012639
130.2	-0.007778
130.3	-0.004618
130.4	-0.001458
130.5	0.013612
130.6	0.009966
130.7	0.01191
130.8	0.015799
130.9	0.021876
131.0	0.026494
131.1	0.025765
131.2	0.03257
131.3	0.030869
131.4	0.037675
131.5	0.038404
131.6	0.031112
131.7	0.032327
131.8	0.025279
131.9	0.024063
132.0	0.033543
132.1	0.027223
132.2	0.013368
132.3	0.012396
132.4	0.024063
132.5	0.043022
132.6	0.034029
132.7	0.031598
132.8	0.026008
132.9	0.029897
133.0	0.015556
133.1	0.025036
133.2	0.030383
133.3	0.025522
133.4	0.004132
133.5	0.010695
133.6	0.018473
133.7	0.028925
133.8	0.026008
133.9	0.02698
134.0	0.028681
134.1	0.027952
134.2	0.019202
134.3	0.02139
134.4	0.018959
134.5	0.020417
134.6	0.015313
134.7	0.005347
134.8	0.008993
134.9	0.013855
135.0	0.008264
135.1	0.001458
135.2	-0.004375
135.3	0.001215
135.4	-0.000729
135.5	0.000729
135.6	0.015799
135.7	0.008507
135.8	0.017744
135.9	0.003889
136.0	0.009723
136.1	0.015313
136.2	0.009236
136.3	0.009479
136.4	0.002431
136.5	0.009723
136.6	0.009236
136.7	0.016771
136.8	0.01823
136.9	0.002917
137.0	0.003646
137.1	0.023334
137.2	0.016528
137.3	0.018473
137.4	0.014827
137.5	0.021876
137.6	0.018959
137.7	0.013368
137.8	0.010695
137.9	0.012396
138.0	0.012882
138.1	0.008021
138.2	0.009723
138.3	0.009479
138.4	0.000972
138.5	0.002674
138.6	0.006077
138.7	0.004618
138.8	0.004861
138.9	0.006077
139.0	0.009723
139.1	0.007049
139.2	0.007049
139.3	0.014341
139.4	0.007292
139.5	0.009236
139.6	-0.006563
139.7	-0.011667
139.8	0.000486
139.9	0.010938
140.0	0.00559
140.1	0.001215
140.2	0.001945
140.3	0.012153
140.4	0.012639
140.5	0.016042
140.6	0.020174
140.7	0.019202
140.8	0.007778
140.9	0.001215
141.0	0.014584
141.1	0.016042
141.2	0.01823
141.3	0.014098
141.4	0.008264
141.5	-0.009236
141.6	-0.004132
141.7	0.018473
141.8	0.018473
141.9	0.008993
142.0	0.004132
142.1	0.012882
142.2	0.008993
142.3	0.013125
142.4	0.011424
142.5	0.013855
142.6	0.003889
142.7	-0.004375
142.8	-0.010938
142.9	-0.013125
143.0	-0.012639
143.1	-0.007049
143.2	-0.003403
143.3	-0.009479
143.4	-0.002674
143.5	-0.015556
143.6	-0.010452
143.7	-0.01191
143.8	0.00559
143.9	0.01191
144.0	0.002674
144.1	0.010452
144.2	-0.00559
144.3	-0.008021
144.4	0.002917
144.5	-0.006077
144.6	0.008507
144.7	0.00316
144.8	0.001215
144.9	0.002188
145.0	0.003403
145.1	-0.002188
145.2	0.006077
145.3	0.013855
145.4	0.014827
145.5	0.00632
145.6	0.001701
145.7	0.008507
145.8	0.002917
145.9	-0.004861
146.0	0.00316
146.1	0.008264
146.2	0.00559
146.3	-0.004375
146.4	-0.00559
146.5	0.002188
146.6	0.000486
146.7	-0.012396
146.8	-0.00632
146.9	0.005834
147.0	0.016771
147.1	0.018716
147.2	0.001458
147.3	-0.008021
147.4	-0.001701
147.5	0.011424
147.6	0.004618
147.7	0.004132
147.8	-0.002674
147.9	-0.009723
148.0	-0.012639
148.1	-0.006806
148.2	-0.007535
148.3	-0.002674
148.4	-0.007778
148.5	-0.007778
148.6	-0.010938
148.7	-0.010452
148.8	-0.003889
148.9	-0.006806
149.0	-0.00632
149.1	0.002917
149.2	-0.001458
149.3	-0.007292
149.4	-0.007292
149.5	-0.001458
149.6	0.004861
149.7	0.010209
149.8	0.014827
149.9	0.007292
150.0	0.009479
150.1	0.00875
150.2	0.000243
150.3	0.002674
150.4	0.011667
150.5	0.016285
150.6	0.007292
150.7	0.00632
150.8	0.002431
150.9	0.007049
151.0	0.000972
151.1	0.003403
151.2	0.012153
151.3	0.006563
151.4	0.002188
151.5	0.009723
151.6	0.019445
151.7	0.01507
151.8	0.004861
151.9	-0.006563
152.0	-0.011424
152.1	-0.001215
152.2	-0.000243
152.3	0.005834
152.4	0.00632
152.5	0.006563
152.6	0.002188
152.7	-0.007535
152.8	-0.017987
152.9	-0.020417
153.0	-0.019931
153.1	-0.006563
153.2	-0.01507
153.3	-0.001458
153.4	0.005104
153.5	0.011667
153.6	0.013612
153.7	0.015313
153.8	0.017501
153.9	0.017257
154.0	0.013612
154.1	0.015556
154.2	0.003889
154.3	0.000486
154.4	-0.001701
154.5	0.002674
154.6	-0.005347
154.7	-0.009966
154.8	-0.013368
154.9	-0.021633
155.0	-0.016771
155.1	-0.007049
155.2	-0.005347
155.3	-0.00632
155.4	-0.010452
155.5	-0.007778
155.6	-0.007535
155.7	0.001215
155.8	-0.002188
155.9	0.004618
156.0	0.00316
156.1	0.002431
156.2	-0.00316
156.3	0.0
156.4	0.004861
156.5	-0.010209
156.6	0.002917
156.7	0.0
156.8	0.0
156.9	-0.011424
157.0	-0.00316
157.1	0.001945
157.2	0.006077
157.3	0.008507
157.4	0.009479
157.5	-0.002188
157.6	0.005834
157.7	0.00875
157.8	-0.004132
157.9	-0.004861
158.0	-0.004618
158.1	0.006077
158.2	0.004375
158.3	0.011181
158.4	0.009966
158.5	-0.001701
158.6	-0.002917
158.7	-0.001458
158.8	0.002917
158.9	0.002188
159.0	0.004375
159.1	0.010209
159.2	0.011424
159.3	0.003403
159.4	-0.003889
159.5	0.008507
159.6	0.002674
159.7	-0.012396
159.8	-0.004375
159.9	0.001945
160.0	0.005834
160.1	-0.000972
160.2	-0.007292
160.3	-0.003646
160.4	0.001215
160.5	0.005834
160.6	0.007535
160.7	0.008993
160.8	0.016042
160.9	0.00875
161.0	0.004618
161.1	0.000486
161.2	-0.001458
161.3	-0.009236
161.4	-0.022119
161.5	-0.024306
161.6	-0.025279
161.7	-0.025522
161.8	-0.03257
161.9	-0.024063
162.0	-0.025765
162.1	-0.015313
162.2	-0.005834
162.3	-0.004132
162.4	0.000729
162.5	-0.000486
162.6	-0.006806
162.7	-0.00559
162.8	-0.007535
162.9	-0.000972
163.0	-0.004618
163.1	-0.005347
163.2	-0.007778
163.3	0.000729
163.4	0.002917
163.5	-0.01191
163.6	-0.013855
163.7	-0.00632
163.8	-0.002188
163.9	-0.004375
164.0	-0.006563
164.1	-0.010452
164.2	-0.004618
164.3	-0.00875
164.4	-0.005834
164.5	-0.000486
164.6	-0.011424
164.7	-0.010695
164.8	-0.001945
164.9	-0.013855
165.0	-0.01507
165.1	-0.012639
165.2	-0.012396
165.3	-0.016285
165.4	-0.01507
165.5	-0.011667
165.6	-0.018716
165.7	-0.006077
165.8	-0.00632
165.9	-0.01507
166.0	-0.015799
166.1	-0.001215
166.2	0.006077
166.3	0.001458
166.4	0.00559
166.5	0.00316
166.6	0.009966
166.7	0.009723
166.8	0.005104
166.9	-0.003403
167.0	0.005347
167.1	0.004132
167.2	-0.005347
167.3	-0.000243
167.4	0.008993
167.5	0.000729
167.6	0.003889
167.7	0.021633
167.8	0.018473
167.9	0.014584
168.0	0.010938
168.1	0.026251
168.2	0.028925
168.3	0.023334
168.4	0.020903
168.5	0.021147
168.6	0.022362
168.7	0.013612
168.8	0.025036
168.9	0.006563
169.0	0.001215
169.1	-0.012396
169.2	-0.023091
169.3	-0.026737
169.4	-0.025522
169.5	-0.008264
169.6	-0.007535
169.7	-0.014341
169.8	-0.009723
169.9	-0.011181
170.0	0.000486
170.1	0.0
170.2	0.003403
170.3	0.004618
170.4	0.001215
170.5	-0.007778
170.6	-0.009236
170.7	-0.007535
170.8	-0.007292
170.9	-0.006077
171.0	0.002431
171.1	0.005347
171.2	0.014584
171.3	0.020417
171.4	0.024549
171.5	0.020903
171.6	0.015556
171.7	0.017987
171.8	0.004861
171.9	-0.002917
172.0	-0.006077
172.1	-0.006563
172.2	-0.006563
172.3	-0.00632
172.4	-0.00316
172.5	-0.011424
172.6	-0.006806
172.7	-0.002188
172.8	0.015313
172.9	0.019202
173.0	0.006806
173.1	0.005834
173.2	0.005104
173.3	0.025765
173.4	0.024549
173.5	0.013612
173.6	0.003403
173.7	0.011667
173.8	0.003889
173.9	0.016528
174.0	0.02066
174.1	0.024063
174.2	0.018473
174.3	0.022848
174.4	0.020174
174.5	0.013612
174.6	-0.003646
174.7	-0.004132
174.8	-0.007049
174.9	-0.010938
175.0	-0.010452
175.1	-0.010209
175.2	-0.007535
175.3	-0.027466
175.4	-0.031355
175.5	-0.041078
175.6	-0.029654
175.7	-0.028925
175.8	-0.026008
175.9	-0.02382
176.0	-0.022362
176.1	-0.023577
176.2	-0.008507
176.3	-0.001945
176.4	-0.005347
176.5	-0.014584
176.6	-0.018959
176.7	-0.019688
176.8	-0.02066
176.9	-0.02382
177.0	-0.029411
177.1	-0.035487
177.2	-0.017014
177.3	-0.011181
177.4	-0.001458
177.5	-0.005834
177.6	-0.00559
177.7	0.019931
177.8	0.019688
177.9	0.020174
178.0	0.016771
178.1	0.019931
178.2	0.023091
178.3	0.016528
178.4	0.022362
178.5	0.017744
178.6	0.017501
178.7	0.025279
178.8	0.033057
178.9	0.025036
179.0	0.026494
179.1	0.033057
179.2	0.037918
179.3	0.031112
179.4	0.030383
179.5	0.02698
179.6	0.022362
179.7	0.026737
179.8	0.025279
179.9	0.017014
180.0	0.024792
180.1	0.017257
180.2	0.010209
180.3	0.007292
180.4	0.011667
180.5	0.021633
180.6	0.017744
180.7	0.009479
180.8	0.015313
180.9	0.007292
181.0	0.014341
181.1	0.006806
181.2	0.008021
181.3	-0.006806
181.4	-0.008021
181.5	-0.019688
181.6	-0.008993
181.7	-0.005104
181.8	0.004132
181.9	0.007049
182.0	-0.000486
182.1	-0.002674
182.2	-0.007778
182.3	-0.013368
182.4	-0.026008
182.5	-0.023091
182.6	-0.026494
182.7	-0.031112
182.8	-0.009479
182.9	-0.006806
183.0	-0.014827
183.1	-0.007049
183.2	-0.007292
183.3	-0.014827
183.4	-0.019931
183.5	-0.014584
183.6	0.000729
183.7	0.013855
183.8	0.001215
183.9	-0.002431
184.0	-0.001215
184.1	0.000729
184.2	0.015799
184.3	0.012153
184.4	0.006806
184.5	0.017014
184.6	0.026008
184.7	0.028438
184.8	0.030383
184.9	0.034272
185.0	0.031841
185.1	0.040349
185.2	0.033057
185.3	0.022362
185.4	0.016285
185.5	0.017744
185.6	0.022119
185.7	0.00875
185.8	0.000972
185.9	0.003403
186.0	0.015313
186.1	0.007535
186.2	0.004861
186.3	-0.00316
186.4	-0.001701
186.5	0.00316
186.6	-0.002917
186.7	0.000486
186.8	-0.004132
186.9	0.000972
187.0	0.009479
187.1	0.012153
187.2	0.008507
187.3	0.000486
187.4	-0.014584
187.5	-0.01507
187.6	-0.019445
187.7	-0.015799
187.8	-0.022605
187.9	-0.020903
188.0	-0.007292
188.1	-0.009723
188.2	-0.000729
188.3	-0.000972
188.4	0.002674
188.5	0.0
188.6	0.001701
188.7	0.008993
188.8	0.009479
188.9	-0.008507
189.0	-0.004375
189.1	0.010452
189.2	-0.001215
189.3	-0.010452
189.4	-0.009723
189.5	-0.008021
189.6	-0.003646
189.7	0.008264
189.8	0.012153
189.9	-0.000972
190.0	-0.001945
190.1	0.004861
190.2	-0.003889
190.3	-0.007778
190.4	-0.005347
190.5	-0.004861
190.6	-0.00559
190.7	-0.007049
190.8	0.016042
190.9	0.016528
191.0	0.016528
191.1	0.01507
191.2	0.007049
191.3	0.008264
191.4	0.008264
191.5	0.019202
191.6	0.022605
191.7	0.001458
191.8	-0.000729
191.9	-0.002188
192.0	-0.01191
192.1	-0.012396
192.2	-0.024549
192.3	-0.020174
192.4	-0.026251
192.5	-0.020903
192.6	-0.014341
192.7	-0.007778
192.8	-0.012396
192.9	0.013368
193.0	0.007778
193.1	0.014341
193.2	0.025036
193.3	0.03014
193.4	0.028681
193.5	0.027466
193.6	0.017744
193.7	0.002431
193.8	-0.003889
193.9	-0.010938
194.0	-0.010695
194.1	-0.010209
194.2	0.002188
194.3	0.005347
194.4	0.007049
194.5	0.001701
194.6	0.006806
194.7	0.004132
194.8	-0.000486
194.9	0.007049
195.0	0.013855
195.1	0.017987
195.2	0.014098

&

0.1	0.0
0.2	7e-05
0.3	0.000186
0.4	0.000559
0.5	0.000721
0.6	0.000826
0.7	0.000849
0.8	0.001047
0.9	0.001047
1.0	0.001257
1.1	0.001513
1.2	0.001513
1.3	0.001594
1.4	0.001641
1.5	0.001722
1.6	0.001734
1.7	0.001838
1.8	0.001734
1.9	0.001676
2.0	0.002094
2.1	0.002187
2.2	0.002443
2.3	0.002548
2.4	0.002374
2.5	0.002897
2.6	0.002944
2.7	0.003246
2.8	0.003246
2.9	0.003467
3.0	0.003549
3.1	0.003526
3.2	0.003665
3.3	0.003735
3.4	0.003456
3.5	0.003572
3.6	0.003584
3.7	0.003467
3.8	0.0037
3.9	0.003898
4.0	0.003886
4.1	0.003944
4.2	0.004177
4.3	0.004189
4.4	0.004259
4.5	0.004456
4.6	0.004549
4.7	0.004398
4.8	0.004538
4.9	0.004375
5.0	0.004468
5.1	0.004747
5.2	0.005387
5.3	0.005294
5.4	0.005096
5.5	0.005469
5.6	0.00541
5.7	0.004992
5.8	0.005213
5.9	0.00505
6.0	0.005562
6.1	0.005911
6.2	0.006155
6.3	0.006039
6.4	0.006341
6.5	0.006434
6.6	0.006353
6.7	0.006283
6.8	0.00669
6.9	0.006562
7.0	0.006621
7.1	0.006493
7.2	0.006597
7.3	0.007016
7.4	0.006935
7.5	0.007063
7.6	0.006993
7.7	0.007028
7.8	0.007121
7.9	0.007144
8.0	0.007214
8.1	0.007295
8.2	0.007679
8.3	0.007633
8.4	0.007551
8.5	0.007854
8.6	0.00811
8.7	0.008459
8.8	0.008156
8.9	0.008156
9.0	0.007284
9.1	0.007156
9.2	0.007179
9.3	0.007261
9.4	0.007179
9.5	0.007156
9.6	0.007365
9.7	0.007365
9.8	0.007342
9.9	0.007237
10.0	0.007482
10.1	0.007272
10.2	0.007668
10.3	0.007586
10.4	0.007761
10.5	0.007959
10.6	0.007889
10.7	0.008063
10.8	0.007924
10.9	0.00811
11.0	0.008412
11.1	0.008587
11.2	0.008436
11.3	0.008983
11.4	0.009064
11.5	0.008994
11.6	0.009239
11.7	0.00932
11.8	0.009623
11.9	0.009995
12.0	0.010344
12.1	0.010484
12.2	0.010774
12.3	0.010577
12.4	0.010658
12.5	0.010763
12.6	0.010705
12.7	0.0106
12.8	0.010809
12.9	0.011356
13.0	0.011368
13.1	0.011426
13.2	0.011577
13.3	0.011414
13.4	0.011752
13.5	0.011228
13.6	0.011566
13.7	0.011554
13.8	0.011531
13.9	0.011717
14.0	0.012019
14.1	0.012008
14.2	0.011717
14.3	0.011752
14.4	0.011787
14.5	0.011682
14.6	0.011461
14.7	0.011729
14.8	0.011938
14.9	0.010786
15.0	0.010705
15.1	0.011158
15.2	0.010844
15.3	0.010146
15.4	0.009983
15.5	0.009948
15.6	0.010018
15.7	0.009553
15.8	0.009529
15.9	0.009483
16.0	0.009879
16.1	0.009716
16.2	0.00996
16.3	0.01003
16.4	0.010053
16.5	0.010041
16.6	0.010565
16.7	0.011345
16.8	0.011624
16.9	0.011868
17.0	0.012089
17.1	0.012136
17.2	0.012473
17.3	0.012694
17.4	0.012857
17.5	0.012915
17.6	0.013008
17.7	0.013299
17.8	0.013392
17.9	0.013358
18.0	0.013648
18.1	0.013625
18.2	0.013765
18.3	0.01359
18.4	0.013311
18.5	0.013206
18.6	0.013218
18.7	0.013323
18.8	0.013346
18.9	0.013474
19.0	0.013288
19.1	0.012496
19.2	0.012136
19.3	0.012136
19.4	0.012531
19.5	0.012624
19.6	0.012857
19.7	0.013008
19.8	0.012182
19.9	0.012275
20.0	0.012427
20.1	0.012706
20.2	0.012659
20.3	0.012578
20.4	0.01231
20.5	0.012636
20.6	0.012555
20.7	0.012601
20.8	0.012508
20.9	0.012462
21.0	0.012764
21.1	0.012892
21.2	0.013043
21.3	0.013288
21.4	0.013183
21.5	0.013311
21.6	0.013474
21.7	0.013625
21.8	0.013462
21.9	0.013637
22.0	0.013683
22.1	0.013462
22.2	0.013474
22.3	0.012531
22.4	0.012636
22.5	0.012729
22.6	0.012962
22.7	0.012159
22.8	0.012252
22.9	0.012194
23.0	0.012182
23.1	0.012299
23.2	0.012508
23.3	0.01167
23.4	0.011752
23.5	0.012066
23.6	0.011915
23.7	0.012182
23.8	0.012252
23.9	0.012124
24.0	0.012054
24.1	0.011938
24.2	0.012054
24.3	0.012531
24.4	0.012939
24.5	0.013136
24.6	0.013299
24.7	0.013683
24.8	0.013695
24.9	0.013637
25.0	0.013788
25.1	0.013869
25.2	0.013672
25.3	0.014091
25.4	0.014021
25.5	0.013893
25.6	0.01309
25.7	0.013043
25.8	0.013392
25.9	0.013451
26.0	0.013486
26.1	0.013241
26.2	0.013486
26.3	0.013741
26.4	0.013695
26.5	0.0138
26.6	0.013881
26.7	0.013939
26.8	0.014067
26.9	0.012939
27.0	0.013113
27.1	0.01373
27.2	0.01373
27.3	0.012787
27.4	0.012904
27.5	0.012857
27.6	0.01323
27.7	0.013846
27.8	0.013881
27.9	0.013869
28.0	0.014079
28.1	0.014358
28.2	0.014125
28.3	0.014428
28.4	0.014265
28.5	0.014521
28.6	0.014463
28.7	0.014312
28.8	0.01444
28.9	0.014952
29.0	0.014905
29.1	0.015231
29.2	0.015394
29.3	0.015301
29.4	0.014591
29.5	0.0148
29.6	0.014789
29.7	0.014172
29.8	0.013427
29.9	0.013439
30.0	0.013811
30.1	0.012939
30.2	0.012915
30.3	0.013043
30.4	0.013125
30.5	0.013381
30.6	0.013474
30.7	0.013462
30.8	0.013183
30.9	0.013358
31.0	0.013381
31.1	0.013369
31.2	0.01366
31.3	0.013869
31.4	0.013136
31.5	0.013171
31.6	0.013613
31.7	0.013741
31.8	0.0138
31.9	0.014195
32.0	0.014125
32.1	0.013997
32.2	0.014312
32.3	0.014067
32.4	0.014125
32.5	0.014533
32.6	0.014556
32.7	0.014998
32.8	0.014707
32.9	0.01487
33.0	0.014986
33.1	0.015347
33.2	0.015464
33.3	0.015475
33.4	0.015429
33.5	0.015301
33.6	0.015766
33.7	0.015778
33.8	0.016662
33.9	0.016615
34.0	0.017023
34.1	0.017616
34.2	0.017721
34.3	0.016871
34.4	0.016615
34.5	0.016511
34.6	0.016837
34.7	0.017453
34.8	0.017511
34.9	0.017465
35.0	0.017954
35.1	0.017826
35.2	0.018221
35.3	0.018605
35.4	0.018721
35.5	0.017849
35.6	0.017593
35.7	0.018012
35.8	0.01786
35.9	0.017814
36.0	0.017907
36.1	0.017988
36.2	0.017116
36.3	0.016069
36.4	0.015964
36.5	0.015871
36.6	0.015859
36.7	0.014928
36.8	0.015045
36.9	0.014882
37.0	0.014952
37.1	0.01494
37.2	0.015021
37.3	0.014742
37.4	0.014882
37.5	0.015126
37.6	0.01572
37.7	0.016231
37.8	0.016255
37.9	0.016371
38.0	0.016208
38.1	0.016127
38.2	0.016197
38.3	0.016127
38.4	0.016359
38.5	0.016301
38.6	0.016069
38.7	0.015836
38.8	0.015731
38.9	0.015813
39.0	0.015452
39.1	0.015336
39.2	0.015021
39.3	0.014998
39.4	0.014928
39.5	0.015673
39.6	0.015603
39.7	0.015661
39.8	0.015545
39.9	0.015685
40.0	0.015661
40.1	0.015999
40.2	0.016069
40.3	0.015173
40.4	0.015173
40.5	0.015208
40.6	0.015289
40.7	0.015487
40.8	0.015266
40.9	0.015568
41.0	0.015882
41.1	0.016057
41.2	0.016231
41.3	0.016255
41.4	0.016546
41.5	0.015382
41.6	0.015789
41.7	0.015964
41.8	0.015952
41.9	0.015766
42.0	0.016057
42.1	0.016092
42.2	0.016441
42.3	0.016383
42.4	0.016511
42.5	0.016743
42.6	0.017011
42.7	0.016883
42.8	0.016557
42.9	0.016487
43.0	0.016348
43.1	0.016138
43.2	0.016592
43.3	0.016813
43.4	0.016755
43.5	0.016837
43.6	0.016825
43.7	0.015789
43.8	0.01551
43.9	0.015475
44.0	0.014731
44.1	0.0148
44.2	0.015161
44.3	0.015021
44.4	0.015021
44.5	0.015114
44.6	0.015277
44.7	0.015498
44.8	0.015685
44.9	0.014765
45.0	0.014998
45.1	0.015184
45.2	0.015149
45.3	0.01537
45.4	0.015382
45.5	0.015743
45.6	0.015801
45.7	0.014626
45.8	0.014626
45.9	0.013427
46.0	0.013276
46.1	0.013032
46.2	0.013241
46.3	0.013439
46.4	0.013171
46.5	0.013136
46.6	0.013102
46.7	0.013043
46.8	0.013218
46.9	0.013288
47.0	0.01309
47.1	0.012939
47.2	0.013427
47.3	0.013358
47.4	0.013218
47.5	0.013613
47.6	0.013904
47.7	0.013904
47.8	0.013765
47.9	0.013928
48.0	0.014067
48.1	0.014603
48.2	0.014858
48.3	0.014952
48.4	0.01416
48.5	0.014207
48.6	0.014137
48.7	0.014149
48.8	0.01416
48.9	0.013148
49.0	0.013299
49.1	0.012915
49.2	0.01309
49.3	0.013148
49.4	0.013451
49.5	0.013439
49.6	0.01323
49.7	0.013707
49.8	0.014114
49.9	0.014265
50.0	0.014137
50.1	0.01423
50.2	0.014102
50.3	0.014335
50.4	0.014416
50.5	0.013474
50.6	0.013637
50.7	0.013392
50.8	0.013416
50.9	0.013416
51.0	0.013893
51.1	0.013928
51.2	0.012915
51.3	0.013346
51.4	0.013741
51.5	0.013893
51.6	0.013776
51.7	0.014637
51.8	0.013776
51.9	0.014056
52.0	0.014451
52.1	0.014754
52.2	0.014475
52.3	0.014812
52.4	0.014847
52.5	0.014556
52.6	0.014812
52.7	0.014719
52.8	0.014335
52.9	0.0143
53.0	0.014149
53.1	0.014125
53.2	0.014277
53.3	0.013904
53.4	0.014091
53.5	0.0143
53.6	0.013904
53.7	0.014219
53.8	0.014242
53.9	0.014044
54.0	0.013963
54.1	0.014579
54.2	0.014579
54.3	0.014963
54.4	0.015126
54.5	0.015173
54.6	0.015789
54.7	0.016162
54.8	0.016208
54.9	0.016476
55.0	0.015405
55.1	0.015778
55.2	0.015975
55.3	0.016069
55.4	0.014044
55.5	0.014253
55.6	0.014824
55.7	0.015126
55.8	0.015685
55.9	0.015568
56.0	0.015557
56.1	0.015568
56.2	0.015743
56.3	0.016103
56.4	0.016208
56.5	0.016231
56.6	0.016453
56.7	0.016278
56.8	0.016371
56.9	0.016499
57.0	0.016941
57.1	0.016825
57.2	0.016895
57.3	0.016965
57.4	0.016778
57.5	0.015999
57.6	0.016045
57.7	0.016022
57.8	0.015952
57.9	0.016022
58.0	0.016022
58.1	0.015033
58.2	0.015242
58.3	0.014998
58.4	0.015417
58.5	0.015708
58.6	0.015498
58.7	0.015754
58.8	0.016103
58.9	0.015882
59.0	0.016325
59.1	0.015987
59.2	0.015975
59.3	0.016022
59.4	0.016103
59.5	0.016325
59.6	0.016487
59.7	0.016057
59.8	0.015289
59.9	0.015568
60.0	0.015522
60.1	0.015906
60.2	0.015638
60.3	0.016266
60.4	0.01679
60.5	0.016848
60.6	0.016557
60.7	0.017186
60.8	0.017058
60.9	0.017011
61.0	0.017139
61.1	0.01729
61.2	0.017546
61.3	0.017628
61.4	0.018058
61.5	0.017814
61.6	0.018396
61.7	0.018326
61.8	0.018919
61.9	0.018582
62.0	0.018838
62.1	0.0185
62.2	0.018465
62.3	0.018186
62.4	0.018
62.5	0.017988
62.6	0.018012
62.7	0.018035
62.8	0.018128
62.9	0.018605
63.0	0.018431
63.1	0.018012
63.2	0.017872
63.3	0.017686
63.4	0.017058
63.5	0.017069
63.6	0.017604
63.7	0.017523
63.8	0.01757
63.9	0.017337
64.0	0.017511
64.1	0.017314
64.2	0.0175
64.3	0.018012
64.4	0.01807
64.5	0.017954
64.6	0.016685
64.7	0.015813
64.8	0.016243
64.9	0.016813
65.0	0.016813
65.1	0.017034
65.2	0.017232
65.3	0.015801
65.4	0.014928
65.5	0.015103
65.6	0.015254
65.7	0.015301
65.8	0.015545
65.9	0.015638
66.0	0.015813
66.1	0.015906
66.2	0.01622
66.3	0.016255
66.4	0.016208
66.5	0.016266
66.6	0.016115
66.7	0.016057
66.8	0.016057
66.9	0.015871
67.0	0.015871
67.1	0.015882
67.2	0.015592
67.3	0.015568
67.4	0.015941
67.5	0.015754
67.6	0.015475
67.7	0.015685
67.8	0.015638
67.9	0.015859
68.0	0.015871
68.1	0.015114
68.2	0.015336
68.3	0.01551
68.4	0.015301
68.5	0.015522
68.6	0.014719
68.7	0.013695
68.8	0.013497
68.9	0.013695
69.0	0.013881
69.1	0.013963
69.2	0.012531
69.3	0.012718
69.4	0.012694
69.5	0.01295
69.6	0.012357
69.7	0.012427
69.8	0.012659
69.9	0.012508
70.0	0.011868
70.1	0.011903
70.2	0.012194
70.3	0.011973
70.4	0.011857
70.5	0.011798
70.6	0.011845
70.7	0.011961
70.8	0.01238
70.9	0.012496
71.0	0.012531
71.1	0.012136
71.2	0.012403
71.3	0.012415
71.4	0.012624
71.5	0.012869
71.6	0.012799
71.7	0.012776
71.8	0.012648
71.9	0.012741
72.0	0.012799
72.1	0.013067
72.2	0.01316
72.3	0.013288
72.4	0.013648
72.5	0.013509
72.6	0.013416
72.7	0.013683
72.8	0.01373
72.9	0.014358
73.0	0.014544
73.1	0.014789
73.2	0.014707
73.3	0.014731
73.4	0.014637
73.5	0.014416
73.6	0.014568
73.7	0.014463
73.8	0.014893
73.9	0.015522
74.0	0.014626
74.1	0.014696
74.2	0.014893
74.3	0.01501
74.4	0.014882
74.5	0.013904
74.6	0.013753
74.7	0.014091
74.8	0.01416
74.9	0.014125
75.0	0.014847
75.1	0.014719
75.2	0.014789
75.3	0.014882
75.4	0.015184
75.5	0.015498
75.6	0.015429
75.7	0.015545
75.8	0.015894
75.9	0.015824
76.0	0.016115
76.1	0.016057
76.2	0.016197
76.3	0.016441
76.4	0.015778
76.5	0.01601
76.6	0.016092
76.7	0.016522
76.8	0.016627
76.9	0.016732
77.0	0.016615
77.1	0.016022
77.2	0.01622
77.3	0.016453
77.4	0.016941
77.5	0.016825
77.6	0.016767
77.7	0.016197
77.8	0.016371
77.9	0.016557
78.0	0.016755
78.1	0.017081
78.2	0.016871
78.3	0.015731
78.4	0.015813
78.5	0.016162
78.6	0.015975
78.7	0.016138
78.8	0.016266
78.9	0.01622
79.0	0.01629
79.1	0.01373
79.2	0.013486
79.3	0.013707
79.4	0.013823
79.5	0.013986
79.6	0.0143
79.7	0.014312
79.8	0.014451
79.9	0.014684
80.0	0.014544
80.1	0.014614
80.2	0.014742
80.3	0.014777
80.4	0.014882
80.5	0.014998
80.6	0.01487
80.7	0.014905
80.8	0.015068
80.9	0.015615
81.0	0.015277
81.1	0.015731
81.2	0.015952
81.3	0.015859
81.4	0.016243
81.5	0.016197
81.6	0.016546
81.7	0.016778
81.8	0.016511
81.9	0.016604
82.0	0.016674
82.1	0.016674
82.2	0.015859
82.3	0.014719
82.4	0.014835
82.5	0.014986
82.6	0.015324
82.7	0.015289
82.8	0.015452
82.9	0.015219
83.0	0.015417
83.1	0.015685
83.2	0.015592
83.3	0.015557
83.4	0.014812
83.5	0.014731
83.6	0.014754
83.7	0.014754
83.8	0.015312
83.9	0.014661
84.0	0.014637
84.1	0.014661
84.2	0.014731
84.3	0.0148
84.4	0.014975
84.5	0.01551
84.6	0.01565
84.7	0.016301
84.8	0.01608
84.9	0.016604
85.0	0.016755
85.1	0.016953
85.2	0.016965
85.3	0.016115
85.4	0.016394
85.5	0.016557
85.6	0.016057
85.7	0.016429
85.8	0.01679
85.9	0.016965
86.0	0.016976
86.1	0.01693
86.2	0.017232
86.3	0.016988
86.4	0.017174
86.5	0.017081
86.6	0.017162
86.7	0.017604
86.8	0.017674
86.9	0.018047
87.0	0.018233
87.1	0.018465
87.2	0.017232
87.3	0.017244
87.4	0.01722
87.5	0.01722
87.6	0.017616
87.7	0.017418
87.8	0.01729
87.9	0.01722
88.0	0.017244
88.1	0.017407
88.2	0.016522
88.3	0.017081
88.4	0.017093
88.5	0.017523
88.6	0.017093
88.7	0.017651
88.8	0.017721
88.9	0.017721
89.0	0.017872
89.1	0.016825
89.2	0.015836
89.3	0.015661
89.4	0.015696
89.5	0.014626
89.6	0.014882
89.7	0.014789
89.8	0.01494
89.9	0.015568
90.0	0.015696
90.1	0.015848
90.2	0.015708
90.3	0.014789
90.4	0.015208
90.5	0.01508
90.6	0.015103
90.7	0.015266
90.8	0.015114
90.9	0.015673
91.0	0.015813
91.1	0.015778
91.2	0.01565
91.3	0.015894
91.4	0.015696
91.5	0.015917
91.6	0.01608
91.7	0.016045
91.8	0.016115
91.9	0.016255
92.0	0.016185
92.1	0.016371
92.2	0.016965
92.3	0.016359
92.4	0.016487
92.5	0.01665
92.6	0.016813
92.7	0.017011
92.8	0.017302
92.9	0.017116
93.0	0.017116
93.1	0.017372
93.2	0.016511
93.3	0.016418
93.4	0.016278
93.5	0.016639
93.6	0.016674
93.7	0.017418
93.8	0.017395
93.9	0.017721
94.0	0.018116
94.1	0.018035
94.2	0.018175
94.3	0.016976
94.4	0.017302
94.5	0.016162
94.6	0.016639
94.7	0.016615
94.8	0.016615
94.9	0.016639
95.0	0.016429
95.1	0.016371
95.2	0.016418
95.3	0.016522
95.4	0.016313
95.5	0.016627
95.6	0.01665
95.7	0.016732
95.8	0.016674
95.9	0.015929
96.0	0.016034
96.1	0.015906
96.2	0.016173
96.3	0.016348
96.4	0.016441
96.5	0.01693
96.6	0.016813
96.7	0.016767
96.8	0.01679
96.9	0.016685
97.0	0.016732
97.1	0.016418
97.2	0.016627
97.3	0.016313
97.4	0.016709
97.5	0.016848
97.6	0.015533
97.7	0.015498
97.8	0.01551
97.9	0.015696
98.0	0.015859
98.1	0.015906
98.2	0.015824
98.3	0.016034
98.4	0.015266
98.5	0.015417
98.6	0.015673
98.7	0.015731
98.8	0.015615
98.9	0.016034
99.0	0.016127
99.1	0.016034
99.2	0.016429
99.3	0.016557
99.4	0.016941
99.5	0.016243
99.6	0.01601
99.7	0.015813
99.8	0.015778
99.9	0.015661
100.0	0.015894
100.1	0.015766
100.2	0.015964
100.3	0.016255
100.4	0.016639
100.5	0.016522
100.6	0.015592
100.7	0.015731
100.8	0.015754
100.9	0.016162
101.0	0.015114
101.1	0.015545
101.2	0.014533
101.3	0.014719
101.4	0.014579
101.5	0.014416
101.6	0.014405
101.7	0.014381
101.8	0.014335
101.9	0.0148
102.0	0.013823
102.1	0.013963
102.2	0.013753
102.3	0.013741
102.4	0.013881
102.5	0.013928
102.6	0.013846
102.7	0.013078
102.8	0.013136
102.9	0.013008
103.0	0.013288
103.1	0.013195
103.2	0.013579
103.3	0.013392
103.4	0.013963
103.5	0.013718
103.6	0.014172
103.7	0.013986
103.8	0.014288
103.9	0.014556
104.0	0.014428
104.1	0.014603
104.2	0.014684
104.3	0.014882
104.4	0.01416
104.5	0.014696
104.6	0.014672
104.7	0.01444
104.8	0.014847
104.9	0.014975
105.0	0.015068
105.1	0.014963
105.2	0.014789
105.3	0.015126
105.4	0.01558
105.5	0.015801
105.6	0.016138
105.7	0.016162
105.8	0.015301
105.9	0.015242
106.0	0.015789
106.1	0.015673
106.2	0.016045
106.3	0.015766
106.4	0.015592
106.5	0.016127
106.6	0.016592
106.7	0.016871
106.8	0.016918
106.9	0.016813
107.0	0.016825
107.1	0.016906
107.2	0.017127
107.3	0.017186
107.4	0.017511
107.5	0.0175
107.6	0.017523
107.7	0.017465
107.8	0.017535
107.9	0.017814
108.0	0.017593
108.1	0.017558
108.2	0.018047
108.3	0.018384
108.4	0.018221
108.5	0.018256
108.6	0.018687
108.7	0.01878
108.8	0.017581
108.9	0.017546
109.0	0.017698
109.1	0.01729
109.2	0.017756
109.3	0.017593
109.4	0.017988
109.5	0.017721
109.6	0.017884
109.7	0.017919
109.8	0.018186
109.9	0.017383
110.0	0.015754
110.1	0.015743
110.2	0.015906
110.3	0.015894
110.4	0.015464
110.5	0.015429
110.6	0.016057
110.7	0.016348
110.8	0.016325
110.9	0.016802
111.0	0.016883
111.1	0.016662
111.2	0.015964
111.3	0.014568
111.4	0.014812
111.5	0.014393
111.6	0.014498
111.7	0.014475
111.8	0.014614
111.9	0.015033
112.0	0.015324
112.1	0.015196
112.2	0.015475
112.3	0.015312
112.4	0.015312
112.5	0.015452
112.6	0.015917
112.7	0.016173
112.8	0.016453
112.9	0.016546
113.0	0.017081
113.1	0.017093
113.2	0.01686
113.3	0.016569
113.4	0.01686
113.5	0.016941
113.6	0.017325
113.7	0.017476
113.8	0.017919
113.9	0.016906
114.0	0.017255
114.1	0.017267
114.2	0.017186
114.3	0.017232
114.4	0.017209
114.5	0.017628
114.6	0.017954
114.7	0.018023
114.8	0.018291
114.9	0.018244
115.0	0.018535
115.1	0.017314
115.2	0.016429
115.3	0.016685
115.4	0.015568
115.5	0.015114
115.6	0.015045
115.7	0.014591
115.8	0.01487
115.9	0.015138
116.0	0.015429
116.1	0.015417
116.2	0.015359
116.3	0.014754
116.4	0.014928
116.5	0.014824
116.6	0.015242
116.7	0.014498
116.8	0.014358
116.9	0.01437
117.0	0.014463
117.1	0.013427
117.2	0.013695
117.3	0.013997
117.4	0.014125
117.5	0.01423
117.6	0.014335
117.7	0.014184
117.8	0.014312
117.9	0.014277
118.0	0.014696
118.1	0.014812
118.2	0.014475
118.3	0.014428
118.4	0.014603
118.5	0.014603
118.6	0.015149
118.7	0.01487
118.8	0.015475
118.9	0.015999
119.0	0.016197
119.1	0.016522
119.2	0.016848
119.3	0.017034
119.4	0.017162
119.5	0.017407
119.6	0.017442
119.7	0.017465
119.8	0.017837
119.9	0.017919
120.0	0.018163
120.1	0.018652
120.2	0.018291
120.3	0.017023
120.4	0.017197
120.5	0.01729
120.6	0.017395
120.7	0.017151
120.8	0.017046
120.9	0.016197
121.0	0.016325
121.1	0.016394
121.2	0.016453
121.3	0.016278
121.4	0.016185
121.5	0.016266
121.6	0.015231
121.7	0.015452
121.8	0.015533
121.9	0.015522
122.0	0.015336
122.1	0.015743
122.2	0.016429
122.3	0.016476
122.4	0.016941
122.5	0.017139
122.6	0.017162
122.7	0.016266
122.8	0.015975
122.9	0.015813
123.0	0.01608
123.1	0.015592
123.2	0.015405
123.3	0.015813
123.4	0.015859
123.5	0.015813
123.6	0.015568
123.7	0.015661
123.8	0.015592
123.9	0.015592
124.0	0.015056
124.1	0.0143
124.2	0.014568
124.3	0.015196
124.4	0.015033
124.5	0.01508
124.6	0.015068
124.7	0.01494
124.8	0.014963
124.9	0.015161
125.0	0.015161
125.1	0.014975
125.2	0.015266
125.3	0.015696
125.4	0.014509
125.5	0.01501
125.6	0.014603
125.7	0.014684
125.8	0.014347
125.9	0.014568
126.0	0.014486
126.1	0.014835
126.2	0.014637
126.3	0.015103
126.4	0.014917
126.5	0.015103
126.6	0.015301
126.7	0.015498
126.8	0.015452
126.9	0.015603
127.0	0.015778
127.1	0.015452
127.2	0.015882
127.3	0.015859
127.4	0.015429
127.5	0.015545
127.6	0.015336
127.7	0.015522
127.8	0.015743
127.9	0.015987
128.0	0.016173
128.1	0.016499
128.2	0.016662
128.3	0.016767
128.4	0.016871
128.5	0.015464
128.6	0.015417
128.7	0.015056
128.8	0.015254
128.9	0.015498
129.0	0.015184
129.1	0.015731
129.2	0.016057
129.3	0.016278
129.4	0.016348
129.5	0.01679
129.6	0.015929
129.7	0.01622
129.8	0.016499
129.9	0.016162
130.0	0.016208
130.1	0.015964
130.2	0.015347
130.3	0.015312
130.4	0.015394
130.5	0.015568
130.6	0.015708
130.7	0.016022
130.8	0.016092
130.9	0.016173
131.0	0.015429
131.1	0.015394
131.2	0.015475
131.3	0.015871
131.4	0.015987
131.5	0.016394
131.6	0.016429
131.7	0.015429
131.8	0.014498
131.9	0.014509
132.0	0.014498
132.1	0.014544
132.2	0.014998
132.3	0.0148
132.4	0.013916
132.5	0.013916
132.6	0.01416
132.7	0.014265
132.8	0.014672
132.9	0.014684
133.0	0.014684
133.1	0.013613
133.2	0.01416
133.3	0.013835
133.4	0.014114
133.5	0.013358
133.6	0.013544
133.7	0.013846
133.8	0.013893
133.9	0.014079
134.0	0.01444
134.1	0.014498
134.2	0.01444
134.3	0.014754
134.4	0.014253
134.5	0.014731
134.6	0.014858
134.7	0.015114
134.8	0.015254
134.9	0.015429
135.0	0.015545
135.1	0.015289
135.2	0.015475
135.3	0.015405
135.4	0.015359
135.5	0.015359
135.6	0.015871
135.7	0.016022
135.8	0.016406
135.9	0.015405
136.0	0.015405
136.1	0.01551
136.2	0.015615
136.3	0.015906
136.4	0.015778
136.5	0.015661
136.6	0.015522
136.7	0.015766
136.8	0.015894
136.9	0.015882
137.0	0.015941
137.1	0.015824
137.2	0.016092
137.3	0.01601
137.4	0.016045
137.5	0.015952
137.6	0.016243
137.7	0.016127
137.8	0.016301
137.9	0.016406
138.0	0.015638
138.1	0.015929
138.2	0.015033
138.3	0.015254
138.4	0.015429
138.5	0.015592
138.6	0.015929
138.7	0.01615
138.8	0.015813
138.9	0.015836
139.0	0.015766
139.1	0.015208
139.2	0.015266
139.3	0.015533
139.4	0.016103
139.5	0.015382
139.6	0.015242
139.7	0.015289
139.8	0.0143
139.9	0.014265
140.0	0.01444
140.1	0.014381
140.2	0.014475
140.3	0.014649
140.4	0.014509
140.5	0.01444
140.6	0.014789
140.7	0.014986
140.8	0.014742
140.9	0.014498
141.0	0.01444
141.1	0.014486
141.2	0.014626
141.3	0.014626
141.4	0.014428
141.5	0.013695
141.6	0.014184
141.7	0.014358
141.8	0.014533
141.9	0.014812
142.0	0.015161
142.1	0.014789
142.2	0.014777
142.3	0.015091
142.4	0.015091
142.5	0.015324
142.6	0.015475
142.7	0.015836
142.8	0.015685
142.9	0.015859
143.0	0.015731
143.1	0.015999
143.2	0.016092
143.3	0.016266
143.4	0.016208
143.5	0.015394
143.6	0.015592
143.7	0.015801
143.8	0.015894
143.9	0.016208
144.0	0.016371
144.1	0.016418
144.2	0.016325
144.3	0.015778
144.4	0.015999
144.5	0.016231
144.6	0.016127
144.7	0.016732
144.8	0.016802
144.9	0.017197
145.0	0.01736
145.1	0.017535
145.2	0.015743
145.3	0.014021
145.4	0.013765
145.5	0.013916
145.6	0.014079
145.7	0.013939
145.8	0.013904
145.9	0.013986
146.0	0.013986
146.1	0.013055
146.2	0.013439
146.3	0.01231
146.4	0.012322
146.5	0.01103
146.6	0.011228
146.7	0.011147
146.8	0.011089
146.9	0.011519
147.0	0.011089
147.1	0.01053
147.2	0.010553
147.3	0.010902
147.4	0.011077
147.5	0.011659
147.6	0.010914
147.7	0.010646
147.8	0.00996
147.9	0.009902
148.0	0.010041
148.1	0.010181
148.2	0.010262
148.3	0.010158
148.4	0.010379
148.5	0.010379
148.6	0.010297
148.7	0.010297
148.8	0.010763
148.9	0.010507
149.0	0.010635
149.1	0.011054
149.2	0.011089
149.3	0.011484
149.4	0.011496
149.5	0.011507
149.6	0.011356
149.7	0.011182
149.8	0.010984
149.9	0.010891
150.0	0.011251
150.1	0.011414
150.2	0.011403
150.3	0.01167
150.4	0.012275
150.5	0.012334
150.6	0.012496
150.7	0.012776
150.8	0.013136
150.9	0.013206
151.0	0.013451
151.1	0.013439
151.2	0.013427
151.3	0.013404
151.4	0.013497
151.5	0.01316
151.6	0.011158
151.7	0.011007
151.8	0.011007
151.9	0.011089
152.0	0.011321
152.1	0.012008
152.2	0.011903
152.3	0.012101
152.4	0.012089
152.5	0.011368
152.6	0.011542
152.7	0.012054
152.8	0.012054
152.9	0.012182
153.0	0.012729
153.1	0.013148
153.2	0.013067
153.3	0.013078
153.4	0.013008
153.5	0.012974
153.6	0.01295
153.7	0.012869
153.8	0.01252
153.9	0.012415
154.0	0.012555
154.1	0.012264
154.2	0.012566
154.3	0.012613
154.4	0.012415
154.5	0.012485
154.6	0.012729
154.7	0.013032
154.8	0.013195
154.9	0.012974
155.0	0.013113
155.1	0.012229
155.2	0.012357
155.3	0.012659
155.4	0.011822
155.5	0.012275
155.6	0.012229
155.7	0.011647
155.8	0.011612
155.9	0.011554
156.0	0.011531
156.1	0.011729
156.2	0.011624
156.3	0.011414
156.4	0.011275
156.5	0.011496
156.6	0.011624
156.7	0.009937
156.8	0.009797
156.9	0.010053
157.0	0.010367
157.1	0.010344
157.2	0.010588
157.3	0.010623
157.4	0.0111
157.5	0.011275
157.6	0.01131
157.7	0.011217
157.8	0.010972
157.9	0.011193
158.0	0.011124
158.1	0.01074
158.2	0.010891
158.3	0.01117
158.4	0.011251
158.5	0.011624
158.6	0.01174
158.7	0.01103
158.8	0.011228
158.9	0.011205
159.0	0.011228
159.1	0.011345
159.2	0.011321
159.3	0.011298
159.4	0.011135
159.5	0.010891
159.6	0.011193
159.7	0.011263
159.8	0.011042
159.9	0.0111
160.0	0.011007
160.1	0.010891
160.2	0.010891
160.3	0.011089
160.4	0.011007
160.5	0.011019
160.6	0.010553
160.7	0.010763
160.8	0.01067
160.9	0.011077
161.0	0.011182
161.1	0.011217
161.2	0.011461
161.3	0.011635
161.4	0.011496
161.5	0.011822
161.6	0.011659
161.7	0.011763
161.8	0.01188
161.9	0.012182
162.0	0.011193
162.1	0.010193
162.2	0.010181
162.3	0.010123
162.4	0.010123
162.5	0.009995
162.6	0.009913
162.7	0.00982
162.8	0.009879
162.9	0.009983
163.0	0.010088
163.1	0.010286
163.2	0.010984
163.3	0.011158
163.4	0.011112
163.5	0.011054
163.6	0.01117
163.7	0.010972
163.8	0.011112
163.9	0.011205
164.0	0.011286
164.1	0.01131
164.2	0.011112
164.3	0.011461
164.4	0.011449
164.5	0.011647
164.6	0.011391
164.7	0.011705
164.8	0.011624
164.9	0.012066
165.0	0.012171
165.1	0.012217
165.2	0.012427
165.3	0.011414
165.4	0.011217
165.5	0.011461
165.6	0.011659
165.7	0.011624
165.8	0.011531
165.9	0.011519
166.0	0.011554
166.1	0.011601
166.2	0.011554
166.3	0.01131
166.4	0.011286
166.5	0.011612
166.6	0.011798
166.7	0.01188
166.8	0.011857
166.9	0.012008
167.0	0.012078
167.1	0.012217
167.2	0.012392
167.3	0.012462
167.4	0.012531
167.5	0.012485
167.6	0.011705
167.7	0.012299
167.8	0.012113
167.9	0.011915
168.0	0.011729
168.1	0.011368
168.2	0.01188
168.3	0.011891
168.4	0.012078
168.5	0.012008
168.6	0.012043
168.7	0.012496
168.8	0.012706
168.9	0.012927
169.0	0.013078
169.1	0.012811
169.2	0.013218
169.3	0.013369
169.4	0.013637
169.5	0.013637
169.6	0.013544
169.7	0.013753
169.8	0.013613
169.9	0.01352
170.0	0.013439
170.1	0.013392
170.2	0.013462
170.3	0.013474
170.4	0.013683
170.5	0.013904
170.6	0.013986
170.7	0.013963
170.8	0.014405
170.9	0.014253
171.0	0.013648
171.1	0.012822
171.2	0.012904
171.3	0.013183
171.4	0.013544
171.5	0.013881
171.6	0.013951
171.7	0.013928
171.8	0.013963
171.9	0.014125
172.0	0.013904
172.1	0.013963
172.2	0.013974
172.3	0.014521
172.4	0.014707
172.5	0.014486
172.6	0.01437
172.7	0.014172
172.8	0.014451
172.9	0.014242
173.0	0.014649
173.1	0.015045
173.2	0.014882
173.3	0.01508
173.4	0.015208
173.5	0.015603
173.6	0.015324
173.7	0.015394
173.8	0.015161
173.9	0.014661
174.0	0.014579
174.1	0.01487
174.2	0.014928
174.3	0.014928
174.4	0.015091
174.5	0.015487
174.6	0.015429
174.7	0.015533
174.8	0.015626
174.9	0.015661
175.0	0.01544
175.1	0.015394
175.2	0.015603
175.3	0.01615
175.4	0.016162
175.5	0.016103
175.6	0.015917
175.7	0.015999
175.8	0.015871
175.9	0.01601
176.0	0.015743
176.1	0.015149
176.2	0.015068
176.3	0.015114
176.4	0.015626
176.5	0.015871
176.6	0.015859
176.7	0.015545
176.8	0.015801
176.9	0.015848
177.0	0.01601
177.1	0.016127
177.2	0.016522
177.3	0.015882
177.4	0.015999
177.5	0.015859
177.6	0.015673
177.7	0.015429
177.8	0.015126
177.9	0.015184
178.0	0.015359
178.1	0.01572
178.2	0.015638
178.3	0.01565
178.4	0.015498
178.5	0.015359
178.6	0.015394
178.7	0.015545
178.8	0.015696
178.9	0.01544
179.0	0.014335
179.1	0.014242
179.2	0.014835
179.3	0.014381
179.4	0.014568
179.5	0.015068
179.6	0.015254
179.7	0.015266
179.8	0.015289
179.9	0.014521
180.0	0.014928
180.1	0.015289
180.2	0.015359
180.3	0.015685
180.4	0.015789
180.5	0.016069
180.6	0.016255
180.7	0.016348
180.8	0.016464
180.9	0.015452
181.0	0.015394
181.1	0.015824
181.2	0.015824
181.3	0.015929
181.4	0.016266
181.5	0.016185
181.6	0.01622
181.7	0.016487
181.8	0.016848
181.9	0.016999
182.0	0.016988
182.1	0.017023
182.2	0.017034
182.3	0.017127
182.4	0.01729
182.5	0.017081
182.6	0.017186
182.7	0.017442
182.8	0.017558
182.9	0.017453
183.0	0.017826
183.1	0.018175
183.2	0.018279
183.3	0.018687
183.4	0.018721
183.5	0.018582
183.6	0.018908
183.7	0.019187
183.8	0.01928
183.9	0.018442
184.0	0.018663
184.1	0.018989
184.2	0.019478
184.3	0.019268
184.4	0.019268
184.5	0.018943
184.6	0.018687
184.7	0.018884
184.8	0.018768
184.9	0.017988
185.0	0.01793
185.1	0.017151
185.2	0.01729
185.3	0.017255
185.4	0.016103
185.5	0.016499
185.6	0.016662
185.7	0.01686
185.8	0.016976
185.9	0.016953
186.0	0.017744
186.1	0.017837
186.2	0.016918
186.3	0.016639
186.4	0.016685
186.5	0.016476
186.6	0.016674
186.7	0.017011
186.8	0.017348
186.9	0.016325
187.0	0.015231
187.1	0.015149
187.2	0.014637
187.3	0.01494
187.4	0.014986
187.5	0.014626
187.6	0.0148
187.7	0.014824
187.8	0.014998
187.9	0.015033
188.0	0.015231
188.1	0.015743
188.2	0.015533
188.3	0.015475
188.4	0.015638
188.5	0.015824
188.6	0.015789
188.7	0.015789
188.8	0.015941
188.9	0.016069
189.0	0.015987
189.1	0.015999
189.2	0.016406
189.3	0.01608
189.4	0.016453
189.5	0.016767
189.6	0.016755
189.7	0.015336
189.8	0.015336
189.9	0.015417
190.0	0.015336
190.1	0.015405
190.2	0.015882
190.3	0.016394
190.4	0.015685
190.5	0.015766
190.6	0.015557
190.7	0.015789
190.8	0.016069
190.9	0.015952
191.0	0.01608
191.1	0.015952
191.2	0.015906
191.3	0.016208
191.4	0.016313
191.5	0.016045
191.6	0.016266
191.7	0.016883
191.8	0.016138
191.9	0.015196
192.0	0.014067
192.1	0.013835
192.2	0.013753
192.3	0.0138
192.4	0.014184
192.5	0.0143
192.6	0.014451
192.7	0.013323
192.8	0.013765
192.9	0.013718
193.0	0.013579
193.1	0.01373
193.2	0.014242
193.3	0.014056
193.4	0.014393
193.5	0.014672
193.6	0.014533
193.7	0.014475
193.8	0.013392
193.9	0.013613
194.0	0.013939
194.1	0.01416
194.2	0.014207
194.3	0.014358
194.4	0.014265
194.5	0.014498
194.6	0.014626
194.7	0.014765
194.8	0.014731
194.9	0.015126
195.0	0.015126
195.1	0.015219
195.2	0.015685

&

