0.1	0.007049
0.2	0.002188
0.3	-0.001215
0.4	0.003646
0.5	-0.008021
0.6	-0.000972
0.7	0.000486
0.8	0.000486
0.9	0.008021
1.0	0.003646
1.1	0.006563
1.2	0.003889
1.3	-0.007778
1.4	0.002674
1.5	0.009236
1.6	0.011181
1.7	0.002674
1.8	-0.002188
1.9	-0.007292
2.0	-0.003403
2.1	0.005104
2.2	0.010452
2.3	0.019202
2.4	-0.001458
2.5	-0.004375
2.6	-0.007049
2.7	-0.008993
2.8	0.002917
2.9	0.007049
3.0	0.001701
3.1	0.001458
3.2	0.001458
3.3	-0.000729
3.4	-0.000972
3.5	0.013125
3.6	0.002188
3.7	0.014827
3.8	-0.010209
3.9	-0.011424
4.0	-0.005834
4.1	-0.013855
4.2	-0.007778
4.3	-0.002188
4.4	0.012153
4.5	0.001945
4.6	-0.000243
4.7	0.001701
4.8	0.001701
4.9	-0.004375
5.0	-0.011424
5.1	-0.015799
5.2	0.004861
5.3	-0.028438
5.4	-0.028438
5.5	-0.021876
5.6	-0.022848
5.7	-0.013368
5.8	-0.029411
5.9	-0.03257
6.0	-0.040835
6.1	-0.022119
6.2	-0.020417
6.3	-0.001701
6.4	0.005347
6.5	-0.000972
6.6	0.006563
6.7	-0.008021
6.8	-0.001458
6.9	-0.007292
7.0	-0.003889
7.1	-0.008021
7.2	-0.006077
7.3	0.006563
7.4	-0.016528
7.5	-0.022605
7.6	-0.026251
7.7	-0.018473
7.8	0.005347
7.9	0.00559
8.0	0.002674
8.1	0.009236
8.2	0.032814
8.3	0.010695
8.4	-0.007049
8.5	0.000486
8.6	0.012396
8.7	0.024549
8.8	0.023334
8.9	0.020417
9.0	0.011424
9.1	0.017501
9.2	0.023334
9.3	0.034515
9.4	0.022119
9.5	0.007049
9.6	-0.016042
9.7	-0.012882
9.8	-0.020174
9.9	-0.047154
10.0	-0.031355
10.1	-0.030626
10.2	-0.019445
10.3	-0.010938
10.4	-0.017744
10.5	-0.014827
10.6	0.00632
10.7	0.007778
10.8	-0.004861
10.9	-0.002674
11.0	-0.017501
11.1	-0.018473
11.2	-0.019688
11.3	-0.014584
11.4	-0.007778
11.5	-0.010695
11.6	-0.032814
11.7	-0.016771
11.8	-0.02139
11.9	-0.019445
12.0	-0.022362
12.1	-0.024063
12.2	-0.010938
12.3	0.006806
12.4	0.01823
12.5	0.012639
12.6	0.006563
12.7	0.001701
12.8	0.008993
12.9	0.009966
13.0	0.002431
13.1	-0.003889
13.2	-0.009723
13.3	-0.004618
13.4	0.005104
13.5	0.019688
13.6	0.009479
13.7	0.013368
13.8	0.009966
13.9	0.014827
14.0	0.011181
14.1	0.037432
14.2	0.024549
14.3	0.011181
14.4	-0.003403
14.5	0.014584
14.6	0.020903
14.7	0.00559
14.8	-0.008507
14.9	-0.002188
15.0	-0.00316
15.1	0.007049
15.2	0.002188
15.3	-0.004375
15.4	-0.010452
15.5	0.006077
15.6	0.001701
15.7	0.006077
15.8	0.001701
15.9	-0.016771
16.0	-0.00632
16.1	-0.01507
16.2	-0.007535
16.3	-0.012396
16.4	-0.028681
16.5	-0.020417
16.6	-0.023091
16.7	-0.002431
16.8	-0.004132
16.9	-0.019688
17.0	-0.026251
17.1	-0.017014
17.2	-0.021633
17.3	-0.007535
17.4	-0.012396
17.5	-0.011424
17.6	-0.007535
17.7	0.002674
17.8	0.001458
17.9	0.003889
18.0	-0.005104
18.1	0.014098
18.2	0.032084
18.3	0.019445
18.4	0.034515
18.5	0.026494
18.6	0.022362
18.7	0.010209
18.8	-0.022605
18.9	0.008993
19.0	-0.015313
19.1	0.003646
19.2	0.007778
19.3	0.030626
19.4	0.017987
19.5	0.017257
19.6	0.000729
19.7	0.010695
19.8	0.004618
19.9	-0.00316
20.0	-0.017014
20.1	-0.010938
20.2	-0.007292
20.3	0.001701
20.4	0.007292
20.5	-0.019931
20.6	-0.034029
20.7	-0.023334
20.8	-0.013368
20.9	-0.000729
21.0	0.001945
21.1	0.009236
21.2	0.016285
21.3	-0.003646
21.4	0.008021
21.5	0.024306
21.6	0.009236
21.7	0.009966
21.8	0.00632
21.9	-0.002431
22.0	0.012882
22.1	0.023334
22.2	0.002917
22.3	-0.008264
22.4	-0.000729
22.5	-0.00316
22.6	-0.00559
22.7	0.001215
22.8	0.014341
22.9	0.00559
23.0	0.026008
23.1	0.032814
23.2	0.01191
23.3	-0.001945
23.4	-0.013612
23.5	-0.019202
23.6	-0.020417
23.7	-0.036946
23.8	-0.02698
23.9	-0.014827
24.0	-0.017744
24.1	-0.024792
24.2	-0.032084
24.3	-0.011424
24.4	-0.004618
24.5	0.009236
24.6	0.007535
24.7	0.010452
24.8	0.001945
24.9	0.01191
25.0	0.017744
25.1	0.003889
25.2	0.010695
25.3	-0.000729
25.4	-0.007535
25.5	0.000243
25.6	-0.019445
25.7	-0.026251
25.8	-0.013612
25.9	0.005347
26.0	0.036459
26.1	0.015799
26.2	0.002431
26.3	-0.001945
26.4	0.00316
26.5	-0.015799
26.6	-0.001945
26.7	-0.010452
26.8	0.003889
26.9	-0.004618
27.0	0.017257
27.1	-0.017014
27.2	-0.003889
27.3	-0.003646
27.4	0.019202
27.5	0.016528
27.6	0.009236
27.7	-0.024063
27.8	-0.021147
27.9	-0.035244
28.0	-0.021876
28.1	0.017014
28.2	0.007292
28.3	0.012153
28.4	0.011667
28.5	0.022605
28.6	0.019931
28.7	0.02698
28.8	0.017744
28.9	-0.02066
29.0	0.003889
29.1	0.000729
29.2	0.004861
29.3	0.016771
29.4	0.008507
29.5	0.020903
29.6	0.01823
29.7	0.012153
29.8	-0.013612
29.9	0.020174
30.0	0.020174
30.1	0.012639
30.2	0.004618
30.3	-0.00559
30.4	-0.013368
30.5	-0.008264
30.6	0.006806
30.7	-0.009723
30.8	-0.019931
30.9	0.002188
31.0	-0.019931
31.1	-0.025279
31.2	-0.017014
31.3	-0.007292
31.4	0.008993
31.5	0.014584
31.6	0.008264
31.7	-0.002917
31.8	0.017744
31.9	-0.005104
32.0	-0.006806
32.1	0.007292
32.2	0.000972
32.3	-0.005347
32.4	-0.024063
32.5	-0.000729
32.6	0.000243
32.7	-0.014341
32.8	-0.016285
32.9	-0.013125
33.0	-0.014827
33.1	-0.004132
33.2	-0.00316
33.3	-0.02139
33.4	0.003889
33.5	0.002917
33.6	-0.006806
33.7	-0.00875
33.8	0.014584
33.9	-0.006077
34.0	0.004618
34.1	0.027466
34.2	0.01507
34.3	0.013855
34.4	0.01507
34.5	0.017014
34.6	0.018959
34.7	0.021633
34.8	0.010209
34.9	0.010938
35.0	0.006077
35.1	0.000243
35.2	0.009479
35.3	0.007778
35.4	-0.003889
35.5	-0.020903
35.6	-0.01507
35.7	-0.030626
35.8	-0.00632
35.9	-0.008993
36.0	0.01191
36.1	0.002674
36.2	0.002674
36.3	-0.008021
36.4	-0.019445
36.5	-0.009723
36.6	0.014341
36.7	0.014827
36.8	0.002674
36.9	0.011667
37.0	0.026008
37.1	0.02066
37.2	0.036703
37.3	0.022362
37.4	0.020417
37.5	0.006806
37.6	0.003889
37.7	0.027709
37.8	0.001458
37.9	-0.009236
38.0	-0.015313
38.1	-0.00559
38.2	-0.016528
38.3	-0.009479
38.4	0.004861
38.5	0.002188
38.6	-0.017501
38.7	-0.002431
38.8	0.012153
38.9	-0.004618
39.0	-0.003403
39.1	-0.000486
39.2	0.016528
39.3	0.006077
39.4	-0.00632
39.5	-0.016771
39.6	-0.030383
39.7	-0.037432
39.8	-0.028681
39.9	0.006806
40.0	-0.009479
40.1	0.004375
40.2	0.005104
40.3	-0.016528
40.4	-0.00316
40.5	0.018959
40.6	0.026251
40.7	0.008264
40.8	0.006806
40.9	0.006563
41.0	0.003889
41.1	0.004375
41.2	-0.001945
41.3	-0.009479
41.4	-0.003646
41.5	-0.011667
41.6	0.001701
41.7	-0.010938
41.8	-0.002431
41.9	0.000972
42.0	-0.001458
42.1	0.008264
42.2	-0.007535
42.3	0.004132
42.4	-0.00316
42.5	-0.006077
42.6	-0.010209
42.7	-0.02382
42.8	-0.026008
42.9	-0.017744
43.0	-0.016042
43.1	-0.009966
43.2	-0.003403
43.3	-0.017014
43.4	-0.005347
43.5	0.007049
43.6	0.001458
43.7	-0.005834
43.8	-0.008993
43.9	-0.012882
44.0	-0.002431
44.1	-0.008507
44.2	0.003403
44.3	0.013368
44.4	0.026494
44.5	0.017257
44.6	0.025279
44.7	0.009723
44.8	-0.014584
44.9	-0.008507
45.0	0.009966
45.1	0.013125
45.2	-0.001458
45.3	-0.002188
45.4	-0.023091
45.5	0.003403
45.6	0.005347
45.7	0.005347
45.8	0.008264
45.9	-0.008264
46.0	0.012153
46.1	-0.016285
46.2	-0.018959
46.3	-0.00559
46.4	-0.007535
46.5	0.005104
46.6	0.012396
46.7	0.027952
46.8	0.029411
46.9	0.013855
47.0	0.012396
47.1	0.00559
47.2	0.013125
47.3	0.009723
47.4	0.001701
47.5	0.017014
47.6	0.027709
47.7	0.012153
47.8	-0.014098
47.9	-0.009479
48.0	-0.00559
48.1	0.005347
48.2	0.022605
48.3	0.014341
48.4	0.005104
48.5	-0.007049
48.6	-0.008507
48.7	-0.026737
48.8	0.00316
48.9	0.0
49.0	0.013855
49.1	-0.005104
49.2	-0.020417
49.3	-0.009479
49.4	-0.013855
49.5	0.012153
49.6	0.014341
49.7	0.017257
49.8	-0.007049
49.9	0.000243
50.0	0.021147
50.1	0.00316
50.2	0.0
50.3	-0.001458
50.4	-0.019688
50.5	-0.014098
50.6	0.002674
50.7	0.006563
50.8	-0.005834
50.9	-0.017014
51.0	-0.027223
51.1	-0.019445
51.2	0.000486
51.3	0.002917
51.4	-0.003889
51.5	-0.006563
51.6	-0.022362
51.7	-0.034758
51.8	-0.034029
51.9	-0.014098
52.0	-0.016528
52.1	-0.027709
52.2	-0.010452
52.3	0.001458
52.4	-0.012882
52.5	0.001701
52.6	0.013855
52.7	0.004132
52.8	0.021147
52.9	0.017987
53.0	0.011181
53.1	0.021876
53.2	0.009966
53.3	0.006563
53.4	-0.009479
53.5	-0.016771
53.6	-0.012153
53.7	-0.027466
53.8	-0.00316
53.9	-0.025279
54.0	-0.019202
54.1	-0.009966
54.2	-0.007535
54.3	-0.010695
54.4	-0.016771
54.5	-0.009236
54.6	-0.010695
54.7	0.006563
54.8	0.021147
54.9	0.016042
55.0	0.000486
55.1	0.001945
55.2	0.000486
55.3	-0.005834
55.4	-0.017744
55.5	-0.004375
55.6	0.000972
55.7	0.001945
55.8	-0.000972
55.9	0.014827
56.0	0.000972
56.1	0.020174
56.2	0.002674
56.3	-0.003646
56.4	-0.020903
56.5	-0.00316
56.6	-0.041078
56.7	-0.02139
56.8	0.0
56.9	0.008021
57.0	-0.01191
57.1	0.015313
57.2	0.02698
57.3	0.028438
57.4	0.014584
57.5	0.026737
57.6	0.000243
57.7	0.020174
57.8	0.002917
57.9	0.008507
58.0	0.006077
58.1	-0.011667
58.2	-0.016285
58.3	-0.021147
58.4	-0.016285
58.5	-0.010452
58.6	0.004861
58.7	-0.003646
58.8	0.014827
58.9	0.00559
59.0	-0.006077
59.1	-0.008993
59.2	-0.014341
59.3	0.000243
59.4	-0.008021
59.5	-0.012639
59.6	-0.000243
59.7	-0.013612
59.8	0.007778
59.9	0.001945
60.0	0.004375
60.1	-0.000243
60.2	-0.01507
60.3	-0.009723
60.4	0.001945
60.5	-0.010452
60.6	-0.015556
60.7	-0.017987
60.8	-0.014098
60.9	-0.000486
61.0	-0.007292
61.1	0.001215
61.2	-0.009236
61.3	-0.016042
61.4	-0.010938
61.5	0.00316
61.6	-0.009236
61.7	0.00875
61.8	0.003403
61.9	-0.000972
62.0	-0.014827
62.1	0.001701
62.2	0.027709
62.3	0.01507
62.4	0.001945
62.5	0.009723
62.6	0.013125
62.7	0.004618
62.8	-0.002431
62.9	0.014098
63.0	0.017501
63.1	-0.002917
63.2	0.003403
63.3	-0.006077
63.4	0.0
63.5	0.019931
63.6	-0.012153
63.7	-0.027952
63.8	-0.029897
63.9	-0.022848
64.0	0.006806
64.1	0.009723
64.2	0.010209
64.3	0.009479
64.4	-0.003646
64.5	-0.00875
64.6	0.010452
64.7	0.024063
64.8	0.034515
64.9	0.028438
65.0	0.025036
65.1	0.022605
65.2	0.009479
65.3	-0.009479
65.4	0.003646
65.5	0.030626
65.6	0.020417
65.7	0.025522
65.8	0.02066
65.9	0.004618
66.0	0.0
66.1	0.02066
66.2	-0.004861
66.3	-0.016771
66.4	-0.037432
66.5	-0.027466
66.6	-0.015313
66.7	-0.007778
66.8	-0.009966
66.9	-0.008993
67.0	0.019931
67.1	0.01823
67.2	0.012882
67.3	0.018473
67.4	0.013855
67.5	-0.007292
67.6	-0.019931
67.7	-0.012639
67.8	-0.008264
67.9	-0.002188
68.0	0.001701
68.1	0.006563
68.2	0.003403
68.3	0.005104
68.4	-0.011181
68.5	-0.034515
68.6	-0.007292
68.7	-0.004132
68.8	0.014584
68.9	0.008264
69.0	0.000486
69.1	0.012396
69.2	-0.003403
69.3	-0.00632
69.4	0.006806
69.5	-0.000486
69.6	0.027223
69.7	0.011424
69.8	0.017987
69.9	0.012639
70.0	0.003889
70.1	-0.020903
70.2	-0.028681
70.3	-0.022119
70.4	-0.019931
70.5	-0.013855
70.6	-0.011667
70.7	-0.009479
70.8	0.008507
70.9	-0.000486
71.0	-0.017987
71.1	-0.007778
71.2	0.002431
71.3	0.005834
71.4	-0.000486
71.5	0.008507
71.6	0.017014
71.7	0.007535
71.8	0.00316
71.9	-0.015799
72.0	-0.020417
72.1	-0.011667
72.2	-0.001945
72.3	-0.000972
72.4	0.014098
72.5	0.013855
72.6	0.022605
72.7	0.021147
72.8	0.021147
72.9	0.00632
73.0	0.000486
73.1	-0.017987
73.2	-0.01507
73.3	-0.014584
73.4	-0.03573
73.5	-0.033057
73.6	-0.020417
73.7	-0.020903
73.8	-0.044481
73.9	-0.016042
74.0	0.008021
74.1	0.029654
74.2	0.008993
74.3	0.025279
74.4	0.019202
74.5	0.004861
74.6	0.008264
74.7	0.013855
74.8	-0.000486
74.9	0.008264
75.0	0.011667
75.1	-0.023334
75.2	0.002431
75.3	-0.003646
75.4	-0.031841
75.5	-0.037432
75.6	-0.003403
75.7	-0.02066
75.8	-0.005834
75.9	-0.021633
76.0	-0.022119
76.1	-0.029168
76.2	-0.025036
76.3	-0.026251
76.4	-0.027709
76.5	-0.022848
76.6	-0.005104
76.7	-0.000729
76.8	-0.012882
76.9	0.004375
77.0	0.004861
77.1	-0.017501
77.2	-0.010938
77.3	-0.038647
77.4	-0.023334
77.5	-0.008993
77.6	-0.010695
77.7	-0.012639
77.8	0.001458
77.9	0.007778
78.0	0.019931
78.1	-0.002674
78.2	0.024549
78.3	0.019931
78.4	0.015313
78.5	-0.010938
78.6	-0.000972
78.7	-0.010452
78.8	-0.009479
78.9	-0.020417
79.0	-0.01823
79.1	0.001701
79.2	-0.006563
79.3	-0.009479
79.4	-0.001701
79.5	-0.007292
79.6	0.003646
79.7	-0.008507
79.8	0.004618
79.9	0.022848
80.0	0.013125
80.1	-0.000243
80.2	-0.019688
80.3	-0.027709
80.4	-0.02698
80.5	-0.002188
80.6	0.000243
80.7	-0.017744
80.8	-0.006077
80.9	-0.007778
81.0	0.005104
81.1	0.004861
81.2	0.007292
81.3	0.012639
81.4	0.028925
81.5	-0.001701
81.6	0.012396
81.7	0.001945
81.8	0.022848
81.9	0.018959
82.0	0.013368
82.1	0.006077
82.2	0.005834
82.3	0.009723
82.4	0.0
82.5	0.012882
82.6	-0.005834
82.7	-0.027466
82.8	-0.01507
82.9	0.001215
83.0	-0.006077
83.1	-0.019202
83.2	-0.002188
83.3	-0.000972
83.4	0.016285
83.5	-0.009479
83.6	-0.00875
83.7	-0.012396
83.8	-0.008993
83.9	0.000486
84.0	0.000243
84.1	0.006806
84.2	-0.011181
84.3	-0.003646
84.4	-0.014584
84.5	-0.013368
84.6	0.009479
84.7	-0.006563
84.8	-0.009236
84.9	0.017014
85.0	-0.001945
85.1	0.009479
85.2	0.000486
85.3	0.004618
85.4	0.009236
85.5	0.005104
85.6	0.006806
85.7	0.003403
85.8	-0.012882
85.9	-0.02139
86.0	-0.013855
86.1	-0.019931
86.2	0.001215
86.3	-0.001701
86.4	-0.001458
86.5	0.004375
86.6	0.02382
86.7	0.000729
86.8	-0.007778
86.9	0.004132
87.0	0.005104
87.1	0.017257
87.2	0.011667
87.3	-0.001458
87.4	0.00316
87.5	0.019688
87.6	0.031112
87.7	0.006806
87.8	-0.005104
87.9	-0.010695
88.0	-0.020174
88.1	-0.01191
88.2	-0.024549
88.3	-0.036459
88.4	-0.026737
88.5	-0.012396
88.6	-0.007049
88.7	0.007535
88.8	-0.010695
88.9	-0.027952
89.0	-0.015556
89.1	0.000972
89.2	-0.021147
89.3	-0.022848
89.4	-0.030626
89.5	-0.012639
89.6	-0.009479
89.7	-0.010938
89.8	0.014341
89.9	-0.015799
90.0	-0.007778
90.1	-0.008021
90.2	0.009236
90.3	0.010695
90.4	0.022605
90.5	0.014098
90.6	0.008507
90.7	0.001215
90.8	0.002188
90.9	0.011181
91.0	0.003403
91.1	0.025036
91.2	0.031355
91.3	0.020417
91.4	0.008993
91.5	0.008993
91.6	0.000972
91.7	0.002188
91.8	0.011424
91.9	-0.007535
92.0	-0.015313
92.1	-0.000243
92.2	-0.012396
92.3	-0.020903
92.4	-0.026494
92.5	-0.024549
92.6	-0.019688
92.7	-0.017987
92.8	0.016042
92.9	0.021147
93.0	0.023577
93.1	0.008021
93.2	-0.008264
93.3	-0.013125
93.4	-0.004861
93.5	0.00875
93.6	0.005347
93.7	-0.012639
93.8	-0.009966
93.9	-0.01823
94.0	-0.02066
94.1	-0.015313
94.2	-0.022848
94.3	-0.029411
94.4	-0.033786
94.5	-0.025036
94.6	-0.008264
94.7	-0.010938
94.8	0.018473
94.9	0.01507
95.0	-0.003646
95.1	0.004375
95.2	-0.011424
95.3	-0.013612
95.4	-0.017501
95.5	-0.022848
95.6	0.009966
95.7	0.012153
95.8	0.001458
95.9	0.004861
96.0	0.002431
96.1	-0.009236
96.2	0.010209
96.3	0.003889
96.4	-0.008021
96.5	-0.006806
96.6	0.010209
96.7	0.002917
96.8	0.00875
96.9	0.0
97.0	0.004132
97.1	0.001701
97.2	0.017744
97.3	0.00875
97.4	0.00316
97.5	0.007049
97.6	-0.000486
97.7	0.005104
97.8	-0.007778
97.9	0.016528
98.0	0.010452
98.1	-0.011667
98.2	0.00559
98.3	0.000486
98.4	-0.020417
98.5	-0.017501
98.6	-0.006806
98.7	-0.00875
98.8	0.000729
98.9	-0.005104
99.0	-0.018473
99.1	-0.016771
99.2	-0.022605
99.3	-0.022605
99.4	-0.017014
99.5	-0.019202
99.6	-0.004375
99.7	0.00632
99.8	-0.003889
99.9	-0.01191
100.0	0.010938
100.1	0.029897
100.2	0.002431
100.3	0.010695
100.4	0.02382
100.5	0.03257
100.6	0.030869
100.7	0.02066
100.8	0.025765
100.9	0.00632
101.0	-0.003403
101.1	-0.003889
101.2	0.004618
101.3	-0.001945
101.4	0.009236
101.5	0.000729
101.6	-0.006806
101.7	0.027952
101.8	0.028681
101.9	0.015799
102.0	0.013855
102.1	0.005347
102.2	-0.017744
102.3	-0.016042
102.4	-0.002188
102.5	-0.013368
102.6	-0.010938
102.7	-0.001215
102.8	-0.005347
102.9	-0.006563
103.0	0.016042
103.1	0.017257
103.2	-0.001945
103.3	-0.017014
103.4	-0.018959
103.5	-0.00875
103.6	0.020174
103.7	0.00632
103.8	-0.004861
103.9	0.019688
104.0	0.020417
104.1	0.009723
104.2	0.01823
104.3	0.002431
104.4	0.012882
104.5	0.026008
104.6	0.03014
104.7	0.034515
104.8	0.033786
104.9	0.007292
105.0	0.019688
105.1	0.013368
105.2	0.014341
105.3	0.010209
105.4	0.018473
105.5	0.000243
105.6	0.001701
105.7	-0.002188
105.8	-0.019202
105.9	-0.010938
106.0	0.014827
106.1	0.009966
106.2	0.009966
106.3	0.001701
106.4	0.004618
106.5	-0.016771
106.6	0.002188
106.7	-0.00316
106.8	-0.003889
106.9	0.001215
107.0	0.011424
107.1	-0.009723
107.2	-0.002917
107.3	0.009723
107.4	0.004132
107.5	0.004375
107.6	0.014584
107.7	0.00316
107.8	0.009479
107.9	0.017744
108.0	0.007292
108.1	0.027223
108.2	0.016528
108.3	0.000729
108.4	-0.006806
108.5	0.004375
108.6	-0.005104
108.7	0.009966
108.8	0.014827
108.9	-0.011424
109.0	-0.016285
109.1	-0.019688
109.2	0.003403
109.3	0.014584
109.4	0.00875
109.5	0.028195
109.6	0.031355
109.7	0.007292
109.8	-0.021147
109.9	-0.024306
110.0	-0.010695
110.1	0.001701
110.2	-0.002674
110.3	0.001701
110.4	0.015799
110.5	0.003889
110.6	-0.017744
110.7	0.000243
110.8	-0.013855
110.9	-0.024063
111.0	-0.010209
111.1	0.000729
111.2	-0.011667
111.3	-0.008993
111.4	0.02698
111.5	0.018959
111.6	0.014584
111.7	-0.008507
111.8	-0.014827
111.9	-0.018959
112.0	-0.020417
112.1	-0.002917
112.2	0.013368
112.3	-0.011424
112.4	0.000972
112.5	0.006563
112.6	-0.006806
112.7	-0.012639
112.8	-0.016528
112.9	-0.022362
113.0	-0.016285
113.1	-0.021876
113.2	-0.01507
113.3	-0.009966
113.4	-0.000972
113.5	-0.007292
113.6	0.000486
113.7	0.004132
113.8	0.004861
113.9	0.000243
114.0	-0.024792
114.1	0.016528
114.2	0.009966
114.3	-0.007778
114.4	-0.015799
114.5	-0.02698
114.6	-0.027466
114.7	0.00632
114.8	0.006563
114.9	0.004375
115.0	0.012882
115.1	0.014341
115.2	0.022119
115.3	0.007535
115.4	0.007778
115.5	0.002917
115.6	-0.011424
115.7	-0.037189
115.8	-0.025765
115.9	-0.027952
116.0	-0.029168
116.1	0.006563
116.2	0.010209
116.3	-0.001215
116.4	-0.00632
116.5	0.001458
116.6	0.007778
116.7	0.003646
116.8	0.016771
116.9	-0.003889
117.0	-0.020903
117.1	-0.01507
117.2	-0.007292
117.3	-0.010209
117.4	0.01191
117.5	0.002917
117.6	0.000486
117.7	-0.008021
117.8	0.013125
117.9	-0.008507
118.0	-0.013855
118.1	-0.000243
118.2	0.0
118.3	-0.014098
118.4	-0.003403
118.5	0.005347
118.6	-0.011181
118.7	-0.000729
118.8	-0.015313
118.9	-0.008264
119.0	-0.000972
119.1	-0.006077
119.2	-0.004618
119.3	0.014584
119.4	0.00559
119.5	0.016285
119.6	0.011667
119.7	0.012153
119.8	0.002917
119.9	0.007049
120.0	0.017501
120.1	0.025279
120.2	-0.009479
120.3	0.003403
120.4	0.010695
120.5	0.000972
120.6	-0.01507
120.7	-0.03014
120.8	-0.021876
120.9	-0.010938
121.0	-0.018959
121.1	-0.019202
121.2	-0.012396
121.3	-0.035973
121.4	-0.012153
121.5	0.001945
121.6	-0.000243
121.7	-0.012153
121.8	-0.009479
121.9	-0.029654
122.0	-0.021633
122.1	-0.02382
122.2	-0.023577
122.3	-0.008021
122.4	0.004618
122.5	-0.005834
122.6	0.011424
122.7	0.00316
122.8	0.000486
122.9	0.005834
123.0	0.003403
123.1	-0.00316
123.2	0.00559
123.3	0.004861
123.4	0.013368
123.5	0.00559
123.6	-0.002431
123.7	0.006077
123.8	0.007778
123.9	-0.002917
124.0	0.002674
124.1	-0.026008
124.2	-0.015556
124.3	-0.025036
124.4	0.003646
124.5	-0.013368
124.6	0.000243
124.7	0.003646
124.8	-0.007049
124.9	0.002188
125.0	0.000729
125.1	-0.009966
125.2	-0.011667
125.3	0.00632
125.4	0.009966
125.5	-0.010209
125.6	-0.029897
125.7	-0.022605
125.8	0.000972
125.9	-0.008993
126.0	-0.007778
126.1	0.0
126.2	0.002431
126.3	-0.008507
126.4	0.014098
126.5	0.008507
126.6	-0.012153
126.7	-0.023334
126.8	-0.013612
126.9	-0.006806
127.0	-0.005347
127.1	0.012396
127.2	-0.00316
127.3	0.001945
127.4	0.009966
127.5	0.00316
127.6	-0.013855
127.7	-0.023577
127.8	-0.03014
127.9	-0.034272
128.0	-0.027223
128.1	-0.009966
128.2	-0.001701
128.3	-0.008507
128.4	0.003889
128.5	-0.002674
128.6	0.02066
128.7	0.020903
128.8	-0.010695
128.9	-0.005347
129.0	-0.010209
129.1	0.015556
129.2	0.007292
129.3	-0.00875
129.4	-0.005104
129.5	0.007292
129.6	-0.014098
129.7	-0.017987
129.8	-0.02382
129.9	-0.000729
130.0	0.018473
130.1	-0.004861
130.2	-0.029654
130.3	-0.019688
130.4	-0.014341
130.5	-0.012396
130.6	-0.012153
130.7	0.001701
130.8	-0.003889
130.9	-0.018473
131.0	-0.025522
131.1	-0.017744
131.2	0.002674
131.3	0.00632
131.4	0.00316
131.5	-0.013368
131.6	-0.018716
131.7	-0.008264
131.8	0.012153
131.9	-0.008993
132.0	-0.01507
132.1	0.017014
132.2	0.017744
132.3	0.024063
132.4	0.013368
132.5	0.002431
132.6	-0.011181
132.7	-0.021633
132.8	-0.020417
132.9	-0.003646
133.0	0.002431
133.1	0.006806
133.2	0.02066
133.3	0.034272
133.4	0.039133
133.5	0.022605
133.6	0.018473
133.7	0.013855
133.8	-0.000243
133.9	-0.007778
134.0	-0.022119
134.1	-0.00875
134.2	-0.017501
134.3	-0.002431
134.4	0.012396
134.5	0.00632
134.6	0.031598
134.7	0.032327
134.8	0.034272
134.9	-0.003403
135.0	0.014584
135.1	0.002674
135.2	0.013368
135.3	0.012882
135.4	0.01191
135.5	0.020903
135.6	0.000729
135.7	0.016528
135.8	0.00316
135.9	0.009236
136.0	0.006806
136.1	-0.009479
136.2	-0.017257
136.3	0.006563
136.4	-0.01823
136.5	-0.00316
136.6	-0.011424
136.7	-0.005347
136.8	-0.002917
136.9	0.015556
137.0	0.008507
137.1	0.002674
137.2	-0.00632
137.3	0.013125
137.4	-0.006077
137.5	-0.000729
137.6	-0.000243
137.7	-0.010695
137.8	-0.017744
137.9	-0.021633
138.0	-0.01507
138.1	-0.01507
138.2	-0.012153
138.3	-0.022605
138.4	-0.013368
138.5	-0.014098
138.6	-0.004618
138.7	-0.00559
138.8	-0.007535
138.9	-0.010452
139.0	-0.012639
139.1	-0.011424
139.2	0.000486
139.3	-0.026008
139.4	-0.044724
139.5	-0.02382
139.6	-0.017744
139.7	-0.006563
139.8	-0.024063
139.9	-0.010938
140.0	-0.024549
140.1	0.005347
140.2	0.011181
140.3	0.024306
140.4	-0.002188
140.5	0.002917
140.6	0.027466
140.7	0.011667
140.8	0.038647
140.9	0.009966
141.0	0.029411
141.1	0.018959
141.2	0.005347
141.3	0.024063
141.4	0.026008
141.5	0.013368
141.6	-0.003403
141.7	-0.013125
141.8	-0.01507
141.9	-0.009966
142.0	-0.011424
142.1	-0.011181
142.2	-0.00316
142.3	0.011424
142.4	-0.001701
142.5	-0.007292
142.6	-0.00632
142.7	-0.017501
142.8	-0.017014
142.9	-0.017744
143.0	0.00632
143.1	-0.007292
143.2	-0.009236
143.3	-0.010209

&

0.1	-0.001701
0.2	-0.003403
0.3	0.00559
0.4	0.016771
0.5	0.020174
0.6	0.016771
0.7	0.019931
0.8	0.019931
0.9	0.02139
1.0	0.023091
1.1	0.016042
1.2	0.017257
1.3	0.007049
1.4	-0.004618
1.5	-0.005104
1.6	-0.007535
1.7	0.0
1.8	0.003889
1.9	-0.001458
2.0	-0.001215
2.1	-0.017257
2.2	-0.013612
2.3	-0.016528
2.4	-0.000243
2.5	-0.00559
2.6	0.003889
2.7	0.00316
2.8	-0.005834
2.9	0.00632
3.0	-0.007049
3.1	-0.019688
3.2	-0.000486
3.3	-0.001945
3.4	-0.016042
3.5	-0.006806
3.6	-0.024063
3.7	-0.027466
3.8	-0.026251
3.9	-0.014341
4.0	-0.008264
4.1	0.016528
4.2	0.037918
4.3	0.026737
4.4	0.02698
4.5	0.017257
4.6	0.03889
4.7	0.025522
4.8	0.022848
4.9	0.000972
5.0	0.013612
5.1	-0.000486
5.2	-0.012396
5.3	0.003889
5.4	0.00632
5.5	-0.00632
5.6	-0.009966
5.7	-0.023091
5.8	-0.019202
5.9	-0.004375
6.0	0.011424
6.1	-0.00559
6.2	0.002674
6.3	-0.005104
6.4	0.009236
6.5	-0.018716
6.6	-0.007292
6.7	-0.008507
6.8	0.00632
6.9	-0.004132
7.0	-0.008507
7.1	-0.008993
7.2	-0.011181
7.3	-0.015556
7.4	0.001701
7.5	0.010209
7.6	0.006077
7.7	0.009723
7.8	0.012153
7.9	-0.00875
8.0	-0.008264
8.1	-0.02139
8.2	-0.01507
8.3	-0.007535
8.4	-0.011181
8.5	-0.011667
8.6	0.004375
8.7	0.01191
8.8	-0.001458
8.9	0.000486
9.0	0.005834
9.1	-0.001458
9.2	-0.014098
9.3	0.002188
9.4	0.015799
9.5	0.003403
9.6	-0.000486
9.7	0.021147
9.8	0.034029
9.9	0.031598
10.0	0.020417
10.1	0.025036
10.2	0.010452
10.3	0.009723
10.4	-0.017744
10.5	-0.020174
10.6	-0.028195
10.7	-0.024063
10.8	-0.00316
10.9	-0.000729
11.0	0.001215
11.1	-0.00875
11.2	0.003889
11.3	0.000486
11.4	-0.001458
11.5	-0.002431
11.6	-0.010209
11.7	-0.003403
11.8	0.011667
11.9	0.005347
12.0	0.028925
12.1	0.019445
12.2	0.009236
12.3	-0.014827
12.4	-0.001458
12.5	-0.002188
12.6	-0.002917
12.7	0.016528
12.8	0.019931
12.9	0.007535
13.0	0.003889
13.1	0.007049
13.2	0.016528
13.3	-0.006077
13.4	0.00316
13.5	0.014584
13.6	0.015799
13.7	0.004618
13.8	-0.000243
13.9	-0.003889
14.0	0.014098
14.1	0.026494
14.2	0.030869
14.3	0.051043
14.4	0.018959
14.5	-0.004618
14.6	-0.005834
14.7	0.016528
14.8	-0.001945
14.9	0.007535
15.0	0.014341
15.1	0.00632
15.2	0.009236
15.3	-0.019688
15.4	-0.010209
15.5	-0.011424
15.6	-0.001945
15.7	-0.013855
15.8	-0.019931
15.9	0.010452
16.0	-0.000972
16.1	-0.026251
16.2	-0.026737
16.3	-0.01823
16.4	0.00632
16.5	0.000243
16.6	-0.031598
16.7	-0.027952
16.8	-0.020174
16.9	-0.010452
17.0	0.004375
17.1	0.002674
17.2	-0.014341
17.3	-0.00559
17.4	0.000486
17.5	-0.000729
17.6	-0.013125
17.7	-0.016771
17.8	-0.018716
17.9	-0.011667
18.0	-0.011181
18.1	-0.004132
18.2	-0.002917
18.3	-0.003403
18.4	-0.015313
18.5	-0.002917
18.6	0.008264
18.7	0.007049
18.8	-0.014341
18.9	-0.01507
19.0	-0.020903
19.1	-0.030626
19.2	-0.004618
19.3	0.00632
19.4	0.029654
19.5	0.017257
19.6	0.004132
19.7	0.014341
19.8	-0.000486
19.9	0.009479
20.0	0.006077
20.1	-0.006806
20.2	-0.006563
20.3	-0.009723
20.4	0.0
20.5	-0.001458
20.6	0.001945
20.7	0.011667
20.8	0.015799
20.9	-0.00316
21.0	-0.014584
21.1	-0.013612
21.2	-0.016285
21.3	-0.014098
21.4	0.010209
21.5	-0.014827
21.6	0.002188
21.7	0.021633
21.8	0.004375
21.9	-0.013612
22.0	-0.016528
22.1	-0.003889
22.2	0.005347
22.3	0.007778
22.4	0.022362
22.5	-0.01507
22.6	0.002431
22.7	-0.001945
22.8	-0.017744
22.9	-0.018473
23.0	-0.025036
23.1	-0.017501
23.2	-0.045939
23.3	-0.015313
23.4	-0.008993
23.5	-0.015799
23.6	0.000729
23.7	0.010695
23.8	-0.006806
23.9	0.003403
24.0	0.00316
24.1	-0.00316
24.2	-0.001701
24.3	0.010695
24.4	-0.012153
24.5	0.022119
24.6	0.020903
24.7	0.017014
24.8	0.007535
24.9	0.00316
25.0	-0.004375
25.1	-0.01191
25.2	-0.00875
25.3	-0.016285
25.4	-0.005347
25.5	-0.02066
25.6	-0.004618
25.7	0.001458
25.8	0.012639
25.9	0.013855
26.0	0.020417
26.1	0.00632
26.2	0.012153
26.3	0.004132
26.4	0.028681
26.5	0.026008
26.6	0.012882
26.7	0.021876
26.8	0.007778
26.9	0.012639
27.0	0.009479
27.1	-0.013125
27.2	0.005834
27.3	-0.006806
27.4	-0.020903
27.5	-0.02382
27.6	-0.017501
27.7	-0.02382
27.8	0.001701
27.9	-0.003403
28.0	0.013368
28.1	0.001701
28.2	0.001945
28.3	-0.009966
28.4	-0.014341
28.5	-0.003403
28.6	-0.004861
28.7	-0.015313
28.8	-0.02066
28.9	-0.003646
29.0	-0.009723
29.1	-0.021147
29.2	-0.005834
29.3	0.002917
29.4	0.000243
29.5	0.000972
29.6	0.006563
29.7	-0.001215
29.8	0.003403
29.9	0.000729
30.0	-0.000972
30.1	0.003403
30.2	-0.007292
30.3	-0.008993
30.4	-0.01823
30.5	-0.00559
30.6	0.022848
30.7	0.020174
30.8	0.024792
30.9	0.03257
31.0	0.003403
31.1	0.010695
31.2	0.009479
31.3	0.017987
31.4	0.0333
31.5	0.019688
31.6	0.017987
31.7	0.023577
31.8	0.018473
31.9	0.029897
32.0	0.028925
32.1	0.017744
32.2	0.014098
32.3	0.029411
32.4	0.028925
32.5	0.017014
32.6	0.023577
32.7	0.014341
32.8	0.002674
32.9	0.016042
33.0	0.006077
33.1	-0.006077
33.2	0.012882
33.3	0.00875
33.4	-0.010938
33.5	-0.021633
33.6	-0.016285
33.7	-0.029897
33.8	-0.010695
33.9	-0.003889
34.0	0.017744
34.1	-0.012396
34.2	-0.015313
34.3	-0.021147
34.4	-0.016042
34.5	-0.001458
34.6	0.01823
34.7	-0.010209
34.8	0.001215
34.9	-0.00559
35.0	0.001215
35.1	0.008021
35.2	-0.004861
35.3	0.000972
35.4	-0.01507
35.5	-0.000243
35.6	0.024792
35.7	0.013368
35.8	0.000972
35.9	0.016042
36.0	-0.001215
36.1	-0.01191
36.2	-0.007535
36.3	-0.01823
36.4	-0.024792
36.5	0.001701
36.6	0.023091
36.7	0.0
36.8	0.003889
36.9	-0.014827
37.0	-0.000486
37.1	0.008264
37.2	0.007049
37.3	0.000486
37.4	-0.017744
37.5	-0.015313
37.6	-0.001945
37.7	0.023577
37.8	0.014341
37.9	0.008021
38.0	-0.001701
38.1	-0.031355
38.2	-0.013612
38.3	-0.013855
38.4	-0.000972
38.5	0.01507
38.6	0.017014
38.7	0.000243
38.8	0.013855
38.9	0.001458
39.0	-0.016285
39.1	-0.019445
39.2	-0.024549
39.3	-0.005834
39.4	0.008264
39.5	-0.006806
39.6	-0.013612
39.7	-0.007049
39.8	0.015313
39.9	0.013855
40.0	0.011424
40.1	0.010452
40.2	0.026251
40.3	0.009479
40.4	0.01191
40.5	0.017987
40.6	-0.006077
40.7	0.004618
40.8	-0.00632
40.9	-0.006563
41.0	0.014341
41.1	0.001458
41.2	0.014584
41.3	-0.00559
41.4	-0.00875
41.5	0.006806
41.6	-0.006077
41.7	0.000972
41.8	-0.021147
41.9	0.00316
42.0	-0.008021
42.1	-0.013368
42.2	-0.024063
42.3	-0.025765
42.4	-0.023577
42.5	-0.004132
42.6	-0.004132
42.7	-0.01823
42.8	-0.018959
42.9	0.001701
43.0	-0.003646
43.1	0.025279
43.2	0.025765
43.3	0.019202
43.4	-0.014584
43.5	-0.002431
43.6	0.008993
43.7	0.001945
43.8	-0.001458
43.9	-0.008264
44.0	-0.000729
44.1	-0.009236
44.2	-0.000243
44.3	0.001945
44.4	-0.014098
44.5	-0.017744
44.6	-0.015799
44.7	-0.02139
44.8	-0.002188
44.9	-0.008264
45.0	-0.006563
45.1	-0.007292
45.2	-0.008993
45.3	0.017257
45.4	-0.000972
45.5	0.006806
45.6	0.000729
45.7	-0.004132
45.8	-0.00632
45.9	-0.002674
46.0	0.01823
46.1	0.009723
46.2	0.013612
46.3	0.003403
46.4	0.001215
46.5	-0.00316
46.6	0.01191
46.7	0.026494
46.8	-0.010695
46.9	-0.027952
47.0	-0.04764
47.1	-0.046425
47.2	-0.022605
47.3	-0.015799
47.4	-0.018473
47.5	-0.002431
47.6	-0.017987
47.7	-0.025279
47.8	0.006563
47.9	0.005347
48.0	-0.004861
48.1	0.013855
48.2	0.039862
48.3	0.016042
48.4	-0.011667
48.5	-0.013612
48.6	-0.008507
48.7	-0.006077
48.8	0.003403
48.9	0.003889
49.0	-0.009479
49.1	-0.012153
49.2	-0.008507
49.3	0.002917
49.4	-0.009236
49.5	-0.03573
49.6	-0.042536
49.7	-0.029897
49.8	-0.025279
49.9	-0.027466
50.0	-0.015313
50.1	-0.000486
50.2	-0.014584
50.3	-0.002188
50.4	-0.017987
50.5	-0.034029
50.6	-0.009723
50.7	-0.019202
50.8	-0.008264
50.9	-0.028925
51.0	0.005104
51.1	-0.009479
51.2	-0.004375
51.3	-0.009966
51.4	-0.000243
51.5	0.022119
51.6	0.017744
51.7	0.016528
51.8	0.012153
51.9	0.031841
52.0	0.045453
52.1	0.025036
52.2	0.007292
52.3	0.002431
52.4	-0.013125
52.5	-0.012396
52.6	-0.016042
52.7	-0.019688
52.8	0.00316
52.9	-0.010452
53.0	0.005104
53.1	0.00875
53.2	0.023334
53.3	0.016528
53.4	0.005834
53.5	0.01823
53.6	0.013612
53.7	-0.006077
53.8	-0.024306
53.9	-0.008993
54.0	-0.000486
54.1	-0.013855
54.2	0.008507
54.3	-0.002431
54.4	0.016042
54.5	0.020903
54.6	0.033786
54.7	0.017501
54.8	0.036459
54.9	0.017744
55.0	0.01191
55.1	0.001215
55.2	-0.000243
55.3	-0.01507
55.4	-0.00632
55.5	-0.02139
55.6	-0.027709
55.7	-0.017014
55.8	-0.020903
55.9	-0.018716
56.0	-0.007049
56.1	-0.001458
56.2	0.02066
56.3	0.015313
56.4	-0.001215
56.5	-0.000729
56.6	0.016285
56.7	0.006077
56.8	-0.009236
56.9	0.00875
57.0	-0.007049
57.1	-0.009723
57.2	0.005347
57.3	0.01507
57.4	0.016771
57.5	0.004375
57.6	0.000729
57.7	0.015313
57.8	-0.016285
57.9	-0.019688
58.0	-0.004132
58.1	-0.015799
58.2	-0.007292
58.3	-0.006077
58.4	0.002188
58.5	-0.01507
58.6	-0.026008
58.7	-0.017987
58.8	-0.001458
58.9	0.00875
59.0	-0.009966
59.1	-0.007535
59.2	-0.005104
59.3	-0.025765
59.4	-0.008021
59.5	-0.007049
59.6	-0.017257
59.7	-0.00632
59.8	-0.015799
59.9	-0.00875
60.0	-0.022362
60.1	-0.02066
60.2	-0.023334
60.3	-0.017014
60.4	-0.012153
60.5	0.013855
60.6	0.017501
60.7	-0.01823
60.8	0.000486
60.9	-0.022605
61.0	-0.022605
61.1	-0.010938
61.2	0.003646
61.3	0.000972
61.4	0.002188
61.5	-0.012882
61.6	-0.019445
61.7	0.001458
61.8	-0.008993
61.9	0.014341
62.0	0.012396
62.1	0.020417
62.2	0.004861
62.3	-0.002917
62.4	-0.013855
62.5	-0.022848
62.6	-0.016285
62.7	-0.011424
62.8	-0.003403
62.9	-0.012396
63.0	-0.016042
63.1	0.00559
63.2	0.009966
63.3	0.024306
63.4	0.032327
63.5	0.027466
63.6	0.027223
63.7	0.022605
63.8	0.022848
63.9	0.015799
64.0	0.016528
64.1	0.011667
64.2	0.001458
64.3	0.016771
64.4	0.013125
64.5	-0.016042
64.6	-0.024306
64.7	-0.023577
64.8	-0.000972
64.9	0.022362
65.0	0.01507
65.1	0.02382
65.2	0.003889
65.3	-0.007535
65.4	0.0
65.5	-0.004861
65.6	-0.008993
65.7	0.002188
65.8	-0.006806
65.9	-0.00875
66.0	-0.025279
66.1	-0.013125
66.2	0.012153
66.3	0.002917
66.4	-0.000243
66.5	-0.022848
66.6	0.0
66.7	0.00559
66.8	0.000729
66.9	0.008021
67.0	0.016042
67.1	0.015313
67.2	0.012882
67.3	0.000729
67.4	-0.016042
67.5	-0.014827
67.6	-0.00559
67.7	-0.00875
67.8	-0.00632
67.9	-0.014584
68.0	-0.028195
68.1	0.002917
68.2	-0.02139
68.3	-0.024063
68.4	-0.012153
68.5	-0.000243
68.6	-0.005834
68.7	-0.00559
68.8	-0.001215
68.9	0.012153
69.0	0.015556
69.1	0.017987
69.2	0.015556
69.3	0.001701
69.4	-0.012153
69.5	-0.016285
69.6	-0.007778
69.7	-0.001701
69.8	-0.008993
69.9	0.00316
70.0	0.0
70.1	0.008507
70.2	0.000486
70.3	-0.016042
70.4	-0.012396
70.5	-0.012153
70.6	-0.020417
70.7	-0.012639
70.8	-0.028681
70.9	-0.001701
71.0	-0.008507
71.1	-0.011424
71.2	-0.020903
71.3	-0.03014
71.4	-0.006806
71.5	-0.010209
71.6	-0.005834
71.7	-0.000972
71.8	-0.001458
71.9	0.002917
72.0	-0.016528
72.1	-0.005104
72.2	0.001458
72.3	0.007778
72.4	0.022848
72.5	0.011181
72.6	0.008993
72.7	0.008021
72.8	-0.003403
72.9	-0.003646
73.0	-0.002917
73.1	-0.007292
73.2	0.001701
73.3	0.015799
73.4	0.003646
73.5	0.029168
73.6	0.004132
73.7	0.005834
73.8	0.011181
73.9	-0.010452
74.0	-0.005834
74.1	-0.027466
74.2	-0.01507
74.3	-0.014341
74.4	-0.011424
74.5	-0.012153
74.6	-0.004861
74.7	0.01191
74.8	0.044238
74.9	0.029654
75.0	0.025522
75.1	0.003889
75.2	0.018959
75.3	-0.007292
75.4	0.008021
75.5	0.006563
75.6	0.03889
75.7	0.031112
75.8	0.015556
75.9	0.010209
76.0	0.018959
76.1	0.003403
76.2	0.01191
76.3	0.03257
76.4	0.006806
76.5	0.002188
76.6	0.002674
76.7	0.009479
76.8	0.016771
76.9	0.022119
77.0	0.00316
77.1	0.003889
77.2	-0.006563
77.3	-0.007535
77.4	-0.005104
77.5	-0.009479
77.6	-0.019445
77.7	-0.039133
77.8	-0.002188
77.9	0.015556
78.0	0.009966
78.1	0.035973
78.2	0.021633
78.3	-0.006563
78.4	-0.004861
78.5	0.011667
78.6	0.003889
78.7	-0.006563
78.8	-0.010209
78.9	-0.02066
79.0	-0.028438
79.1	-0.012882
79.2	-0.002674
79.3	0.011667
79.4	0.012882
79.5	0.012639
79.6	0.007049
79.7	0.017501
79.8	0.004618
79.9	-0.002188
80.0	0.009723
80.1	0.009966
80.2	-0.011667
80.3	-0.007292
80.4	0.020903
80.5	0.01191
80.6	-0.004132
80.7	0.002431
80.8	0.007778
80.9	0.00632
81.0	0.009723
81.1	0.013368
81.2	0.022362
81.3	0.034029
81.4	0.022848
81.5	0.013855
81.6	0.010695
81.7	-0.002674
81.8	-0.018473
81.9	0.001215
82.0	0.007778
82.1	0.005347
82.2	0.019445
82.3	0.013612
82.4	0.007778
82.5	-0.003403
82.6	0.00316
82.7	0.016528
82.8	-0.001215
82.9	-0.007292
83.0	0.014827
83.1	0.020417
83.2	0.022362
83.3	0.05712
83.4	0.019202
83.5	0.012882
83.6	0.002188
83.7	-0.01507
83.8	-0.005347
83.9	0.00875
84.0	-0.008507
84.1	0.013612
84.2	0.015556
84.3	-0.01823
84.4	0.002674
84.5	0.003646
84.6	0.008507
84.7	0.002431
84.8	0.026494
84.9	0.011424
85.0	0.017014
85.1	0.007535
85.2	-0.002431
85.3	0.009236
85.4	-0.015556
85.5	-0.015799
85.6	-0.011424
85.7	-0.017987
85.8	0.003889
85.9	-0.003403
86.0	0.000972
86.1	-0.006806
86.2	-0.011667
86.3	0.003646
86.4	-0.004132
86.5	0.013612
86.6	0.010452
86.7	0.00875
86.8	0.013125
86.9	0.000972
87.0	-0.014341
87.1	0.00632
87.2	0.002431
87.3	0.009723
87.4	-0.015313
87.5	-0.00559
87.6	0.019202
87.7	-0.003403
87.8	0.009966
87.9	0.015799
88.0	0.024306
88.1	0.022848
88.2	0.002917
88.3	0.007049
88.4	-0.012882
88.5	-0.000486
88.6	-0.013855
88.7	0.010209
88.8	0.007049
88.9	0.009723
89.0	0.00316
89.1	0.002188
89.2	0.029168
89.3	0.016285
89.4	-0.005834
89.5	-0.00875
89.6	0.000243
89.7	-0.010695
89.8	-0.008021
89.9	-0.007292
90.0	-0.014827
90.1	-0.005834
90.2	0.004861
90.3	0.01823
90.4	0.014827
90.5	0.015799
90.6	0.004618
90.7	-0.002431
90.8	-0.004861
90.9	-0.006077
91.0	-0.008021
91.1	-0.010452
91.2	0.001458
91.3	-0.00316
91.4	-0.023091
91.5	-0.017501
91.6	-0.008264
91.7	-0.009236
91.8	-0.008021
91.9	0.010938
92.0	0.019202
92.1	-0.004861
92.2	-0.001945
92.3	-0.006563
92.4	-0.02139
92.5	-0.004861
92.6	-0.00316
92.7	-0.00632
92.8	-0.033543
92.9	-0.026494
93.0	0.003646
93.1	0.016528
93.2	0.001945
93.3	0.006077
93.4	-0.007778
93.5	0.0
93.6	0.001701
93.7	0.004375
93.8	0.006806
93.9	0.018716
94.0	0.015799
94.1	0.007778
94.2	0.0
94.3	0.017987
94.4	0.028681
94.5	0.020174
94.6	0.008993
94.7	-0.008021
94.8	-0.007292
94.9	-0.009479
95.0	-0.001215
95.1	0.011424
95.2	0.03573
95.3	0.006806
95.4	0.004375
95.5	0.010695
95.6	0.013368
95.7	0.010938
95.8	0.006563
95.9	0.022605
96.0	0.004132
96.1	0.001701
96.2	-0.008507
96.3	0.005104
96.4	0.022119
96.5	0.019445
96.6	0.024306
96.7	0.019445
96.8	0.012396
96.9	0.034758
97.0	0.0
97.1	-0.006563
97.2	0.00875
97.3	0.0
97.4	-0.009236
97.5	0.003403
97.6	-0.008507
97.7	-0.018716
97.8	-0.001215
97.9	-0.027223
98.0	-0.017014
98.1	-0.005104
98.2	-0.001945
98.3	-0.01191
98.4	0.000243
98.5	-0.001458
98.6	0.001458
98.7	0.015313
98.8	0.000729
98.9	0.001458
99.0	0.012396
99.1	0.005834
99.2	0.005834
99.3	0.017257
99.4	0.004618
99.5	0.011667
99.6	0.009236
99.7	0.025279
99.8	0.012153
99.9	0.004861
100.0	-0.006077
100.1	-0.007778
100.2	0.001215
100.3	-0.008507
100.4	0.013855
100.5	0.013612
100.6	0.025765
100.7	0.018959
100.8	0.020903
100.9	0.007535
101.0	0.002431
101.1	0.017501
101.2	0.042536
101.3	0.029411
101.4	0.019931
101.5	0.018959
101.6	0.017257
101.7	0.019202
101.8	-0.002431
101.9	0.01507
102.0	0.009479
102.1	-0.002188
102.2	0.000486
102.3	-0.013125
102.4	-0.017014
102.5	-0.000729
102.6	-0.006563
102.7	0.005834
102.8	0.020903
102.9	0.025522
103.0	0.017987
103.1	0.00559
103.2	0.01191
103.3	0.001458
103.4	-0.000243
103.5	0.006806
103.6	0.019931
103.7	0.023334
103.8	0.004618
103.9	0.016771
104.0	0.005104
104.1	-0.016042
104.2	-0.020174
104.3	-0.025765
104.4	-0.024792
104.5	-0.016528
104.6	-0.017744
104.7	-0.021633
104.8	-0.035001
104.9	-0.038161
105.0	-0.008993
105.1	-0.02382
105.2	-0.016528
105.3	-0.017014
105.4	-0.008264
105.5	-0.008021
105.6	-0.00559
105.7	-0.002431
105.8	0.014827
105.9	-0.014584
106.0	0.001458
106.1	0.013855
106.2	-0.000972
106.3	-0.013125
106.4	0.013368
106.5	0.019202
106.6	-0.013125
106.7	-0.000972
106.8	0.010209
106.9	0.010452
107.0	-0.006806
107.1	-0.003889
107.2	0.006563
107.3	-0.004618
107.4	-0.014098
107.5	-0.034758
107.6	-0.033057
107.7	-0.014341
107.8	0.020174
107.9	0.002917
108.0	-0.01191
108.1	-0.009966
108.2	-0.026494
108.3	-0.007778
108.4	-0.014827
108.5	0.009723
108.6	0.030626
108.7	0.010938
108.8	-0.016528
108.9	-0.015556
109.0	-0.027223
109.1	-0.010452
109.2	-0.002188
109.3	0.012882
109.4	-0.027709
109.5	-0.020903
109.6	-0.03014
109.7	-0.036946
109.8	-0.042293
109.9	-0.041564
110.0	-0.034029
110.1	-0.016528
110.2	-0.019688
110.3	-0.025279
110.4	-0.005834
110.5	-0.026737
110.6	0.001215
110.7	-0.017987
110.8	-0.014098
110.9	-0.016285
111.0	-0.023334
111.1	-0.004861
111.2	0.0
111.3	-0.009966
111.4	-0.000486
111.5	-0.013368
111.6	0.004132
111.7	-0.022119
111.8	-0.037675
111.9	-0.025279
112.0	-0.034515
112.1	-0.03257
112.2	-0.02139
112.3	-0.009236
112.4	-0.009723
112.5	-0.007535
112.6	-0.008507
112.7	0.007778
112.8	-0.004861
112.9	-0.01507
113.0	0.014827
113.1	-0.011424
113.2	-0.014584
113.3	-0.030626
113.4	-0.001945
113.5	-0.016042
113.6	0.007292
113.7	-0.000243
113.8	-0.007535
113.9	0.028438
114.0	0.041078
114.1	0.031112
114.2	0.036946
114.3	0.024306
114.4	0.021147
114.5	0.013368
114.6	0.019202
114.7	0.003403
114.8	0.030383
114.9	0.011181
115.0	0.00559
115.1	0.015799
115.2	0.001701
115.3	0.017987
115.4	0.016528
115.5	0.008993
115.6	-0.003646
115.7	-0.008993
115.8	0.000486
115.9	0.004618
116.0	0.000729
116.1	0.015313
116.2	-0.000972
116.3	-0.012882
116.4	0.001945
116.5	0.000243
116.6	-0.01507
116.7	-0.011424
116.8	-0.008993
116.9	0.00875
117.0	0.017501
117.1	0.012153
117.2	-0.004132
117.3	-0.007292
117.4	0.008264
117.5	-0.000972
117.6	-0.001458
117.7	-0.006077
117.8	-0.015799
117.9	-0.006077
118.0	-0.011667
118.1	-0.000243
118.2	-0.000972
118.3	0.014341
118.4	0.027952
118.5	0.02139
118.6	-0.006806
118.7	-0.007049
118.8	0.006563
118.9	0.002917
119.0	0.026494
119.1	0.02066
119.2	0.009966
119.3	0.006806
119.4	-0.01823
119.5	-0.024306
119.6	-0.003889
119.7	-0.003646
119.8	-0.004375
119.9	0.011181
120.0	0.015313
120.1	0.031355
120.2	0.030383
120.3	0.016285
120.4	0.017744
120.5	-0.000243
120.6	-0.016285
120.7	-0.007049
120.8	0.010938
120.9	0.018959
121.0	0.018473
121.1	0.017257
121.2	-0.002917
121.3	0.003889
121.4	-0.00875
121.5	0.006077
121.6	0.01191
121.7	-0.002188
121.8	0.000972
121.9	-0.010695
122.0	-0.001945
122.1	0.015799
122.2	0.003646
122.3	-0.008507
122.4	-0.023577
122.5	-0.026737
122.6	-0.024792
122.7	-0.017014
122.8	0.000729
122.9	-0.010209
123.0	-0.019688
123.1	0.001458
123.2	-0.007049
123.3	-0.000486
123.4	-0.00632
123.5	-0.009966
123.6	-0.010938
123.7	-0.005834
123.8	0.014341
123.9	-0.009236
124.0	-0.007535
124.1	0.031355
124.2	0.014827
124.3	0.008264
124.4	-0.006806
124.5	-0.012396
124.6	-0.019445
124.7	-0.01191
124.8	0.000243
124.9	0.013125
125.0	0.010938
125.1	0.005834
125.2	0.025765
125.3	0.024063
125.4	0.002674
125.5	-0.003889
125.6	-0.002431
125.7	-0.007049
125.8	-0.023091
125.9	-0.01191
126.0	0.008993
126.1	-0.004618
126.2	0.011424
126.3	-0.005347
126.4	-0.019688
126.5	-0.02066
126.6	-0.026251
126.7	0.009236
126.8	0.002674
126.9	0.012396
127.0	0.009236
127.1	-0.011667
127.2	0.003646
127.3	0.012153
127.4	0.014098
127.5	-0.003646
127.6	0.00559
127.7	0.012639
127.8	0.007778
127.9	-0.003646
128.0	0.00316
128.1	0.007292
128.2	-0.008264
128.3	0.009236
128.4	0.028925
128.5	0.016285
128.6	0.021876
128.7	0.024306
128.8	0.013855
128.9	0.009236
129.0	0.011424
129.1	0.012396
129.2	-0.004132
129.3	0.00632
129.4	0.026008
129.5	0.034029
129.6	0.021876
129.7	0.022848
129.8	0.008507
129.9	0.01823
130.0	0.010695
130.1	0.007292
130.2	0.002917
130.3	-0.001945
130.4	0.004375
130.5	0.017014
130.6	0.017014
130.7	0.017501
130.8	0.01507
130.9	0.017987
131.0	0.021876
131.1	0.025279
131.2	0.025522
131.3	0.001458
131.4	-0.003889
131.5	0.01191
131.6	0.010452
131.7	-0.003403
131.8	0.000243
131.9	-0.000486
132.0	-0.007049
132.1	0.003403
132.2	0.005834
132.3	0.008993
132.4	0.008021
132.5	0.007778
132.6	0.022362
132.7	0.012639
132.8	0.009479
132.9	0.027952
133.0	0.004618
133.1	-0.001215
133.2	-0.002188
133.3	0.001701
133.4	0.001945
133.5	0.017744
133.6	0.002917
133.7	0.012882
133.8	0.012882
133.9	0.016771
134.0	0.018716
134.1	0.007292
134.2	0.015799
134.3	-0.014098
134.4	-0.012396
134.5	0.001945
134.6	0.005834
134.7	0.010452
134.8	0.011424
134.9	0.013612
135.0	0.008993
135.1	-0.01507
135.2	0.000486
135.3	-0.004618
135.4	0.001458
135.5	-0.012639
135.6	-0.002917
135.7	0.004618
135.8	-0.013368
135.9	-0.017501
136.0	-0.037432
136.1	-0.019445
136.2	-0.01191
136.3	0.020903
136.4	0.013368
136.5	-0.011424
136.6	-0.032327
136.7	-0.018716
136.8	-0.034029
136.9	-0.029654
137.0	-0.009966
137.1	0.011181
137.2	0.014584
137.3	0.016285
137.4	-0.001701
137.5	-0.008264
137.6	-0.025036
137.7	-0.030383
137.8	0.004132
137.9	0.000486
138.0	-0.021147
138.1	-0.003889
138.2	-0.016042
138.3	0.002917
138.4	-0.006077
138.5	-0.013612
138.6	-0.025279
138.7	-0.023091
138.8	-0.000972
138.9	-0.013368
139.0	-0.022119
139.1	-0.009479
139.2	0.006563
139.3	-0.015799
139.4	-0.006077
139.5	-0.004132
139.6	0.009723
139.7	-0.002188
139.8	0.003889
139.9	-0.004861
140.0	-0.01823
140.1	0.002674
140.2	-0.013612
140.3	-0.02139
140.4	-0.013612
140.5	0.026008
140.6	0.019931
140.7	0.03014
140.8	0.016285
140.9	-0.001215
141.0	0.001701
141.1	0.007535
141.2	0.007049
141.3	-0.027466
141.4	-0.024306
141.5	-0.008021
141.6	-0.016771
141.7	-0.001215
141.8	0.002188
141.9	-0.012396
142.0	0.00632
142.1	0.011424
142.2	0.015313
142.3	0.001215
142.4	-0.023334
142.5	-0.019445
142.6	-0.008507
142.7	-0.005347
142.8	0.002674
142.9	0.016042
143.0	-0.011424
143.1	-0.004861
143.2	0.00559
143.3	-0.013855

&

0.1	0.000512
0.2	0.000593
0.3	0.000605
0.4	0.000559
0.5	0.000884
0.6	0.000896
0.7	0.001001
0.8	0.001001
0.9	0.001129
1.0	0.00128
1.1	0.001548
1.2	0.001524
1.3	0.001734
1.4	0.002257
1.5	0.002711
1.6	0.002711
1.7	0.00299
1.8	0.003456
1.9	0.003886
2.0	0.003968
2.1	0.003933
2.2	0.004573
2.3	0.004875
2.4	0.005155
2.5	0.005713
2.6	0.005969
2.7	0.006586
2.8	0.006213
2.9	0.006388
3.0	0.006493
3.1	0.005946
3.2	0.005888
3.3	0.005527
3.4	0.005794
3.5	0.005678
3.6	0.006516
3.7	0.006655
3.8	0.006958
3.9	0.006981
4.0	0.007074
4.1	0.007202
4.2	0.007912
4.3	0.008948
4.4	0.008971
4.5	0.008599
4.6	0.008762
4.7	0.008913
4.8	0.009879
4.9	0.009913
5.0	0.010018
5.1	0.010321
5.2	0.01067
5.3	0.010856
5.4	0.011158
5.5	0.011542
5.6	0.010344
5.7	0.010728
5.8	0.010542
5.9	0.011054
6.0	0.010856
6.1	0.011333
6.2	0.011601
6.3	0.011798
6.4	0.011938
6.5	0.012392
6.6	0.012299
6.7	0.012683
6.8	0.011915
6.9	0.01174
7.0	0.012275
7.1	0.012729
7.2	0.013067
7.3	0.01316
7.4	0.01316
7.5	0.013299
7.6	0.014044
7.7	0.014661
7.8	0.014661
7.9	0.014765
8.0	0.014812
8.1	0.01487
8.2	0.015324
8.3	0.014952
8.4	0.014091
8.5	0.013846
8.6	0.01416
8.7	0.014684
8.8	0.014684
8.9	0.014498
9.0	0.015068
9.1	0.015731
9.2	0.01508
9.3	0.014323
9.4	0.01373
9.5	0.013904
9.6	0.014335
9.7	0.014544
9.8	0.015091
9.9	0.015056
10.0	0.015208
10.1	0.015394
10.2	0.016045
10.3	0.015743
10.4	0.016383
10.5	0.015382
10.6	0.015452
10.7	0.01423
10.8	0.014742
10.9	0.015149
11.0	0.015068
11.1	0.015289
11.2	0.01565
11.3	0.015522
11.4	0.015592
11.5	0.015801
11.6	0.015766
11.7	0.014835
11.8	0.01487
11.9	0.015312
12.0	0.014742
12.1	0.015277
12.2	0.015208
12.3	0.015533
12.4	0.01572
12.5	0.015836
12.6	0.01558
12.7	0.016534
12.8	0.016534
12.9	0.015917
13.0	0.016615
13.1	0.015952
13.2	0.016243
13.3	0.016336
13.4	0.016034
13.5	0.016069
13.6	0.016383
13.7	0.016778
13.8	0.016871
13.9	0.017162
14.0	0.016592
14.1	0.016394
14.2	0.015917
14.3	0.01601
14.4	0.015429
14.5	0.015603
14.6	0.015615
14.7	0.015999
14.8	0.015114
14.9	0.015289
15.0	0.015522
15.1	0.015231
15.2	0.015114
15.3	0.015231
15.4	0.015603
15.5	0.015871
15.6	0.015231
15.7	0.015219
15.8	0.014998
15.9	0.01494
16.0	0.015522
16.1	0.013567
16.2	0.013835
16.3	0.013125
16.4	0.013311
16.5	0.01302
16.6	0.013323
16.7	0.013509
16.8	0.014847
16.9	0.014777
17.0	0.01501
17.1	0.01416
17.2	0.014079
17.3	0.013683
17.4	0.013602
17.5	0.013963
17.6	0.014323
17.7	0.013986
17.8	0.014091
17.9	0.014521
18.0	0.013486
18.1	0.01295
18.2	0.013008
18.3	0.012869
18.4	0.013462
18.5	0.013602
18.6	0.013939
18.7	0.014207
18.8	0.014591
18.9	0.014603
19.0	0.014928
19.1	0.015184
19.2	0.015045
19.3	0.015312
19.4	0.013893
19.5	0.014684
19.6	0.014591
19.7	0.014579
19.8	0.014719
19.9	0.015126
20.0	0.015161
20.1	0.01565
20.2	0.015743
20.3	0.016022
20.4	0.016453
20.5	0.017127
20.6	0.017663
20.7	0.018198
20.8	0.017593
20.9	0.017314
21.0	0.017616
21.1	0.017779
21.2	0.016057
21.3	0.015929
21.4	0.015021
21.5	0.0143
21.6	0.014347
21.7	0.014986
21.8	0.014009
21.9	0.013963
22.0	0.01323
22.1	0.012869
22.2	0.013078
22.3	0.013916
22.4	0.014114
22.5	0.01437
22.6	0.014184
22.7	0.014416
22.8	0.014335
22.9	0.014253
23.0	0.014754
23.1	0.014998
23.2	0.015359
23.3	0.015533
23.4	0.015487
23.5	0.015289
23.6	0.016511
23.7	0.016732
23.8	0.015603
23.9	0.016069
24.0	0.015219
24.1	0.015394
24.2	0.015533
24.3	0.01558
24.4	0.016022
24.5	0.01693
24.6	0.017023
24.7	0.016162
24.8	0.015277
24.9	0.015545
25.0	0.015789
25.1	0.015952
25.2	0.016429
25.3	0.016453
25.4	0.016674
25.5	0.015685
25.6	0.015952
25.7	0.016243
25.8	0.016383
25.9	0.017046
26.0	0.017407
26.1	0.016348
26.2	0.016592
26.3	0.015836
26.4	0.01679
26.5	0.016941
26.6	0.017116
26.7	0.016371
26.8	0.017127
26.9	0.015999
27.0	0.015685
27.1	0.015615
27.2	0.015778
27.3	0.016394
27.4	0.015557
27.5	0.015475
27.6	0.015266
27.7	0.014835
27.8	0.015336
27.9	0.014696
28.0	0.015184
28.1	0.015533
28.2	0.015708
28.3	0.015626
28.4	0.015184
28.5	0.016022
28.6	0.01615
28.7	0.01601
28.8	0.016546
28.9	0.016732
29.0	0.016802
29.1	0.016266
29.2	0.015359
29.3	0.015464
29.4	0.015638
29.5	0.015173
29.6	0.014312
29.7	0.014579
29.8	0.013916
29.9	0.014195
30.0	0.013811
30.1	0.014125
30.2	0.014091
30.3	0.0138
30.4	0.013939
30.5	0.0143
30.6	0.014893
30.7	0.015161
30.8	0.015219
30.9	0.015208
31.0	0.015592
31.1	0.01615
31.2	0.015208
31.3	0.015568
31.4	0.015266
31.5	0.015603
31.6	0.015103
31.7	0.014044
31.8	0.013997
31.9	0.014172
32.0	0.014556
32.1	0.013811
32.2	0.014219
32.3	0.0143
32.4	0.014475
32.5	0.014277
32.6	0.013288
32.7	0.013078
32.8	0.012287
32.9	0.012124
33.0	0.012334
33.1	0.012729
33.2	0.013195
33.3	0.01373
33.4	0.013695
33.5	0.013043
33.6	0.012811
33.7	0.012787
33.8	0.013032
33.9	0.01323
34.0	0.01352
34.1	0.013497
34.2	0.013462
34.3	0.013497
34.4	0.013497
34.5	0.013032
34.6	0.013206
34.7	0.013695
34.8	0.013741
34.9	0.013846
35.0	0.012915
35.1	0.012124
35.2	0.012159
35.3	0.012194
35.4	0.012613
35.5	0.012834
35.6	0.013427
35.7	0.013579
35.8	0.013358
35.9	0.013532
36.0	0.012334
36.1	0.01259
36.2	0.012706
36.3	0.012543
36.4	0.012566
36.5	0.012648
36.6	0.012985
36.7	0.012997
36.8	0.01323
36.9	0.013253
37.0	0.013276
37.1	0.013718
37.2	0.013451
37.3	0.013869
37.4	0.012694
37.5	0.012974
37.6	0.012985
37.7	0.012927
37.8	0.012415
37.9	0.012741
38.0	0.013171
38.1	0.013381
38.2	0.013474
38.3	0.013683
38.4	0.013334
38.5	0.013509
38.6	0.012078
38.7	0.012601
38.8	0.011577
38.9	0.01195
39.0	0.012229
39.1	0.012031
39.2	0.012741
39.3	0.012299
39.4	0.01117
39.5	0.012508
39.6	0.012182
39.7	0.012578
39.8	0.012136
39.9	0.011158
40.0	0.011333
40.1	0.011857
40.2	0.012019
40.3	0.011833
40.4	0.012217
40.5	0.01245
40.6	0.010297
40.7	0.010344
40.8	0.010169
40.9	0.010705
41.0	0.011019
41.1	0.01117
41.2	0.010542
41.3	0.010495
41.4	0.010763
41.5	0.010495
41.6	0.010705
41.7	0.010856
41.8	0.011507
41.9	0.01174
42.0	0.010833
42.1	0.011042
42.2	0.010798
42.3	0.010926
42.4	0.011147
42.5	0.011915
42.6	0.012066
42.7	0.011345
42.8	0.010902
42.9	0.010239
43.0	0.010553
43.1	0.010693
43.2	0.010332
43.3	0.009134
43.4	0.009681
43.5	0.009716
43.6	0.009809
43.7	0.010193
43.8	0.00946
43.9	0.008738
44.0	0.008948
44.1	0.008994
44.2	0.009204
44.3	0.009576
44.4	0.009948
44.5	0.010076
44.6	0.01046
44.7	0.009913
44.8	0.009902
44.9	0.009762
45.0	0.010216
45.1	0.010402
45.2	0.0106
45.3	0.010821
45.4	0.011042
45.5	0.0111
45.6	0.010018
45.7	0.009785
45.8	0.010588
45.9	0.010623
46.0	0.010809
46.1	0.011112
46.2	0.010891
46.3	0.010926
46.4	0.011286
46.5	0.012171
46.6	0.012264
46.7	0.012613
46.8	0.013369
46.9	0.013358
47.0	0.013974
47.1	0.013963
47.2	0.012904
47.3	0.012555
47.4	0.012834
47.5	0.01231
47.6	0.01238
47.7	0.012683
47.8	0.01288
47.9	0.013392
48.0	0.013811
48.1	0.01437
48.2	0.014509
48.3	0.014626
48.4	0.014347
48.5	0.014347
48.6	0.014265
48.7	0.014463
48.8	0.014579
48.9	0.014707
49.0	0.015103
49.1	0.015184
49.2	0.014789
49.3	0.014184
49.4	0.014626
49.5	0.013974
49.6	0.014637
49.7	0.014917
49.8	0.014742
49.9	0.014847
50.0	0.015475
50.1	0.015696
50.2	0.015359
50.3	0.015208
50.4	0.01565
50.5	0.015498
50.6	0.015626
50.7	0.015475
50.8	0.015754
50.9	0.015696
51.0	0.015906
51.1	0.013951
51.2	0.013823
51.3	0.013695
51.4	0.014277
51.5	0.014591
51.6	0.014649
51.7	0.015045
51.8	0.015149
51.9	0.014998
52.0	0.014207
52.1	0.014347
52.2	0.014719
52.3	0.015266
52.4	0.015417
52.5	0.015731
52.6	0.016394
52.7	0.016034
52.8	0.015731
52.9	0.016418
53.0	0.01672
53.1	0.017476
53.2	0.016557
53.3	0.016999
53.4	0.017093
53.5	0.016941
53.6	0.016266
53.7	0.016709
53.8	0.01672
53.9	0.01665
54.0	0.015464
54.1	0.015754
54.2	0.015545
54.3	0.015685
54.4	0.016487
54.5	0.015545
54.6	0.01572
54.7	0.015859
54.8	0.016394
54.9	0.015975
55.0	0.01537
55.1	0.015161
55.2	0.014463
55.3	0.014754
55.4	0.015324
55.5	0.015196
55.6	0.014568
55.7	0.015266
55.8	0.014544
55.9	0.015196
56.0	0.014905
56.1	0.015161
56.2	0.015312
56.3	0.015731
56.4	0.015999
56.5	0.015405
56.6	0.015708
56.7	0.016115
56.8	0.015848
56.9	0.014533
57.0	0.015173
57.1	0.014533
57.2	0.014626
57.3	0.015161
57.4	0.014137
57.5	0.014498
57.6	0.014614
57.7	0.015173
57.8	0.014626
57.9	0.014056
58.0	0.014451
58.1	0.014765
58.2	0.015277
58.3	0.015405
58.4	0.015615
58.5	0.016069
58.6	0.016697
58.7	0.016418
58.8	0.016231
58.9	0.016534
59.0	0.016569
59.1	0.016592
59.2	0.016057
59.3	0.016627
59.4	0.016709
59.5	0.015603
59.6	0.015638
59.7	0.016592
59.8	0.016208
59.9	0.015871
60.0	0.0148
60.1	0.0148
60.2	0.015149
60.3	0.015405
60.4	0.015033
60.5	0.015266
60.6	0.015382
60.7	0.015184
60.8	0.015522
60.9	0.015999
61.0	0.016348
61.1	0.016569
61.2	0.016999
61.3	0.016662
61.4	0.016429
61.5	0.016197
61.6	0.016057
61.7	0.016778
61.8	0.016883
61.9	0.015789
62.0	0.016429
62.1	0.016325
62.2	0.016453
62.3	0.016941
62.4	0.017139
62.5	0.01722
62.6	0.015557
62.7	0.015731
62.8	0.015848
62.9	0.016208
63.0	0.01629
63.1	0.016743
63.2	0.016231
63.3	0.014253
63.4	0.014463
63.5	0.014789
63.6	0.014358
63.7	0.014242
63.8	0.01316
63.9	0.01288
64.0	0.012892
64.1	0.013008
64.2	0.011868
64.3	0.011286
64.4	0.011694
64.5	0.011938
64.6	0.012043
64.7	0.0111
64.8	0.011193
64.9	0.011298
65.0	0.011833
65.1	0.012275
65.2	0.012485
65.3	0.012985
65.4	0.012136
65.5	0.012427
65.6	0.012694
65.7	0.012846
65.8	0.012718
65.9	0.01316
66.0	0.013683
66.1	0.014114
66.2	0.014358
66.3	0.014556
66.4	0.014347
66.5	0.013951
66.6	0.014184
66.7	0.013369
66.8	0.013195
66.9	0.013637
67.0	0.013427
67.1	0.01366
67.2	0.013544
67.3	0.013951
67.4	0.013881
67.5	0.01416
67.6	0.014184
67.7	0.014568
67.8	0.0148
67.9	0.014579
68.0	0.015231
68.1	0.014649
68.2	0.014381
68.3	0.014498
68.4	0.0148
68.5	0.015277
68.6	0.014591
68.7	0.01487
68.8	0.014114
68.9	0.014102
69.0	0.014195
69.1	0.014253
69.2	0.014661
69.3	0.013625
69.4	0.014102
69.5	0.01437
69.6	0.014754
69.7	0.013078
69.8	0.013136
69.9	0.01288
70.0	0.013125
70.1	0.013276
70.2	0.01359
70.3	0.013788
70.4	0.013951
70.5	0.014091
70.6	0.014498
70.7	0.013253
70.8	0.013695
70.9	0.01416
71.0	0.01444
71.1	0.014533
71.2	0.014172
71.3	0.014661
71.4	0.014405
71.5	0.014463
71.6	0.014707
71.7	0.014905
71.8	0.015301
71.9	0.014765
72.0	0.014986
72.1	0.015394
72.2	0.014684
72.3	0.014265
72.4	0.013869
72.5	0.012974
72.6	0.013078
72.7	0.013497
72.8	0.012462
72.9	0.013043
73.0	0.013427
73.1	0.013288
73.2	0.013532
73.3	0.013974
73.4	0.014125
73.5	0.013125
73.6	0.013416
73.7	0.01373
73.8	0.01437
73.9	0.014858
74.0	0.015231
74.1	0.015813
74.2	0.015603
74.3	0.015696
74.4	0.015964
74.5	0.016662
74.6	0.016569
74.7	0.016709
74.8	0.016197
74.9	0.015987
75.0	0.016185
75.1	0.014265
75.2	0.013823
75.3	0.013997
75.4	0.013916
75.5	0.01444
75.6	0.014102
75.7	0.014277
75.8	0.012194
75.9	0.012718
76.0	0.012694
76.1	0.012962
76.2	0.013008
76.3	0.012915
76.4	0.013264
76.5	0.012904
76.6	0.013195
76.7	0.01238
76.8	0.012334
76.9	0.012741
77.0	0.013043
77.1	0.011985
77.2	0.01238
77.3	0.012659
77.4	0.012741
77.5	0.013823
77.6	0.013823
77.7	0.013532
77.8	0.013579
77.9	0.014009
78.0	0.013788
78.1	0.012718
78.2	0.013171
78.3	0.013625
78.4	0.013718
78.5	0.014952
78.6	0.015359
78.7	0.015638
78.8	0.015952
78.9	0.015975
79.0	0.016313
79.1	0.016266
79.2	0.016243
79.3	0.016511
79.4	0.015778
79.5	0.015545
79.6	0.01366
79.7	0.014067
79.8	0.014125
79.9	0.014393
80.0	0.014125
80.1	0.014777
80.2	0.013741
80.3	0.014242
80.4	0.013323
80.5	0.013939
80.6	0.014661
80.7	0.014114
80.8	0.014579
80.9	0.013986
81.0	0.013974
81.1	0.013951
81.2	0.013451
81.3	0.013613
81.4	0.014207
81.5	0.014265
81.6	0.015091
81.7	0.015138
81.8	0.015242
81.9	0.015301
82.0	0.015929
82.1	0.016464
82.2	0.016522
82.3	0.016685
82.4	0.016895
82.5	0.015766
82.6	0.015743
82.7	0.015999
82.8	0.016581
82.9	0.016348
83.0	0.016755
83.1	0.016208
83.2	0.015789
83.3	0.014882
83.4	0.015731
83.5	0.015196
83.6	0.01572
83.7	0.014952
83.8	0.014789
83.9	0.014265
84.0	0.014428
84.1	0.013776
84.2	0.014335
84.3	0.014428
84.4	0.014858
84.5	0.014498
84.6	0.013451
84.7	0.013043
84.8	0.012927
84.9	0.013253
85.0	0.013753
85.1	0.013776
85.2	0.014219
85.3	0.013299
85.4	0.013334
85.5	0.013963
85.6	0.014533
85.7	0.0148
85.8	0.014835
85.9	0.014335
86.0	0.0143
86.1	0.014544
86.2	0.014742
86.3	0.014731
86.4	0.015394
86.5	0.015638
86.6	0.015789
86.7	0.016069
86.8	0.015359
86.9	0.014323
87.0	0.014405
87.1	0.014347
87.2	0.014079
87.3	0.013963
87.4	0.013823
87.5	0.01231
87.6	0.012369
87.7	0.012799
87.8	0.012659
87.9	0.013136
88.0	0.012904
88.1	0.01309
88.2	0.013509
88.3	0.013951
88.4	0.01437
88.5	0.014184
88.6	0.01259
88.7	0.011787
88.8	0.012252
88.9	0.011089
89.0	0.011787
89.1	0.011763
89.2	0.012089
89.3	0.012252
89.4	0.012683
89.5	0.012613
89.6	0.012799
89.7	0.012904
89.8	0.012683
89.9	0.012834
90.0	0.013509
90.1	0.012485
90.2	0.012636
90.3	0.011857
90.4	0.011356
90.5	0.010833
90.6	0.010798
90.7	0.010577
90.8	0.010949
90.9	0.009553
91.0	0.009995
91.1	0.010332
91.2	0.010833
91.3	0.010949
91.4	0.010635
91.5	0.011228
91.6	0.011403
91.7	0.012136
91.8	0.012473
91.9	0.013008
92.0	0.013474
92.1	0.013788
92.2	0.01302
92.3	0.01323
92.4	0.012811
92.5	0.013392
92.6	0.013753
92.7	0.013637
92.8	0.01359
92.9	0.013893
93.0	0.014009
93.1	0.012904
93.2	0.012264
93.3	0.012182
93.4	0.012543
93.5	0.012985
93.6	0.013113
93.7	0.012078
93.8	0.012718
93.9	0.012054
94.0	0.011635
94.1	0.011531
94.2	0.011217
94.3	0.011763
94.4	0.011507
94.5	0.011938
94.6	0.011926
94.7	0.012031
94.8	0.011822
94.9	0.012019
95.0	0.012031
95.1	0.012299
95.2	0.012403
95.3	0.01252
95.4	0.012241
95.5	0.012939
95.6	0.012566
95.7	0.012741
95.8	0.012927
95.9	0.012974
96.0	0.01302
96.1	0.013043
96.2	0.013555
96.3	0.014509
96.4	0.013637
96.5	0.013939
96.6	0.013869
96.7	0.013451
96.8	0.013136
96.9	0.013346
97.0	0.013323
97.1	0.012915
97.2	0.012229
97.3	0.010542
97.4	0.010297
97.5	0.010181
97.6	0.01067
97.7	0.010844
97.8	0.011042
97.9	0.011263
98.0	0.010646
98.1	0.010926
98.2	0.011624
98.3	0.011833
98.4	0.011577
98.5	0.012124
98.6	0.012659
98.7	0.012764
98.8	0.012822
98.9	0.012671
99.0	0.012624
99.1	0.011833
99.2	0.01188
99.3	0.01238
99.4	0.012624
99.5	0.012648
99.6	0.011845
99.7	0.012101
99.8	0.012054
99.9	0.012299
100.0	0.01252
100.1	0.012601
100.2	0.012857
100.3	0.012997
100.4	0.013183
100.5	0.012264
100.6	0.011647
100.7	0.010786
100.8	0.01117
100.9	0.01167
101.0	0.011822
101.1	0.011356
101.2	0.01103
101.3	0.011694
101.4	0.011705
101.5	0.011507
101.6	0.010577
101.7	0.011077
101.8	0.011124
101.9	0.011414
102.0	0.011775
102.1	0.011065
102.2	0.010367
102.3	0.010518
102.4	0.010018
102.5	0.010379
102.6	0.0101
102.7	0.009995
102.8	0.010402
102.9	0.010798
103.0	0.010356
103.1	0.011147
103.2	0.011019
103.3	0.011473
103.4	0.010833
103.5	0.010821
103.6	0.011601
103.7	0.011566
103.8	0.011461
103.9	0.011519
104.0	0.012089
104.1	0.012171
104.2	0.011635
104.3	0.011729
104.4	0.011973
104.5	0.012229
104.6	0.012601
104.7	0.013183
104.8	0.012787
104.9	0.013206
105.0	0.013869
105.1	0.013951
105.2	0.013997
105.3	0.014591
105.4	0.014335
105.5	0.014637
105.6	0.015266
105.7	0.015626
105.8	0.015103
105.9	0.01558
106.0	0.015882
106.1	0.01601
106.2	0.016883
106.3	0.017395
106.4	0.017802
106.5	0.016871
106.6	0.017488
106.7	0.016394
106.8	0.016732
106.9	0.016639
107.0	0.017279
107.1	0.016127
107.2	0.015975
107.3	0.016138
107.4	0.016278
107.5	0.016557
107.6	0.015545
107.7	0.013893
107.8	0.014032
107.9	0.014347
108.0	0.014998
108.1	0.01544
108.2	0.015999
108.3	0.016464
108.4	0.017093
108.5	0.016034
108.6	0.016418
108.7	0.015498
108.8	0.015464
108.9	0.015673
109.0	0.015161
109.1	0.015801
109.2	0.015417
109.3	0.015277
109.4	0.013986
109.5	0.014149
109.6	0.014556
109.7	0.014707
109.8	0.013695
109.9	0.013602
110.0	0.014242
110.1	0.013951
110.2	0.013288
110.3	0.013811
110.4	0.013904
110.5	0.014684
110.6	0.014893
110.7	0.015184
110.8	0.014765
110.9	0.01501
111.0	0.015568
111.1	0.014858
111.2	0.015103
111.3	0.015266
111.4	0.015999
111.5	0.015626
111.6	0.016045
111.7	0.014893
111.8	0.013893
111.9	0.013195
112.0	0.013404
112.1	0.01124
112.2	0.011647
112.3	0.011484
112.4	0.012008
112.5	0.012171
112.6	0.012345
112.7	0.012799
112.8	0.01252
112.9	0.012729
113.0	0.012846
113.1	0.013113
113.2	0.013358
113.3	0.01416
113.4	0.013032
113.5	0.013102
113.6	0.013869
113.7	0.012822
113.8	0.01295
113.9	0.013334
114.0	0.013718
114.1	0.013241
114.2	0.012508
114.3	0.01245
114.4	0.012427
114.5	0.012776
114.6	0.013916
114.7	0.014707
114.8	0.014614
114.9	0.015056
115.0	0.012357
115.1	0.012752
115.2	0.013102
115.3	0.013416
115.4	0.013637
115.5	0.012601
115.6	0.012217
115.7	0.009797
115.8	0.010868
115.9	0.010472
116.0	0.010646
116.1	0.010565
116.2	0.010588
116.3	0.011054
116.4	0.011356
116.5	0.011554
116.6	0.011473
116.7	0.011682
116.8	0.011729
116.9	0.011915
117.0	0.012194
117.1	0.011217
117.2	0.012043
117.3	0.011705
117.4	0.012182
117.5	0.012171
117.6	0.01238
117.7	0.011938
117.8	0.012019
117.9	0.012287
118.0	0.011694
118.1	0.011449
118.2	0.011635
118.3	0.011973
118.4	0.012275
118.5	0.012846
118.6	0.012683
118.7	0.01238
118.8	0.012752
118.9	0.012939
119.0	0.012718
119.1	0.013171
119.2	0.013451
119.3	0.013055
119.4	0.013613
119.5	0.013323
119.6	0.013171
119.7	0.013067
119.8	0.012031
119.9	0.012113
120.0	0.012438
120.1	0.012508
120.2	0.012939
120.3	0.01302
120.4	0.012927
120.5	0.012648
120.6	0.013346
120.7	0.012345
120.8	0.012369
120.9	0.012857
121.0	0.012683
121.1	0.013288
121.2	0.013067
121.3	0.013451
121.4	0.013753
121.5	0.01195
121.6	0.011798
121.7	0.012159
121.8	0.012601
121.9	0.012403
122.0	0.012741
122.1	0.012415
122.2	0.011542
122.3	0.009797
122.4	0.009727
122.5	0.010286
122.6	0.010204
122.7	0.009948
122.8	0.010181
122.9	0.010588
123.0	0.010553
123.1	0.011135
123.2	0.011007
123.3	0.01124
123.4	0.011601
123.5	0.01131
123.6	0.011996
123.7	0.011414
123.8	0.01188
123.9	0.012264
124.0	0.011961
124.1	0.012217
124.2	0.012252
124.3	0.012252
124.4	0.012229
124.5	0.011985
124.6	0.012392
124.7	0.012869
124.8	0.012683
124.9	0.013183
125.0	0.013381
125.1	0.013532
125.2	0.013544
125.3	0.013579
125.4	0.013358
125.5	0.013567
125.6	0.013625
125.7	0.013613
125.8	0.013858
125.9	0.013939
126.0	0.013695
126.1	0.013346
126.2	0.012508
126.3	0.01195
126.4	0.011414
126.5	0.011473
126.6	0.012031
126.7	0.013288
126.8	0.012136
126.9	0.012089
127.0	0.012566
127.1	0.01288
127.2	0.013264
127.3	0.013381
127.4	0.013765
127.5	0.01231
127.6	0.011286
127.7	0.011391
127.8	0.011566
127.9	0.011729
128.0	0.012438
128.1	0.012089
128.2	0.012322
128.3	0.011973
128.4	0.011717
128.5	0.011891
128.6	0.012369
128.7	0.011566
128.8	0.011368
128.9	0.011333
129.0	0.011182
129.1	0.011345
129.2	0.010786
129.3	0.01117
129.4	0.011286
129.5	0.011612
129.6	0.011659
129.7	0.012101
129.8	0.012136
129.9	0.012543
130.0	0.013055
130.1	0.013008
130.2	0.013125
130.3	0.013741
130.4	0.013183
130.5	0.013299
130.6	0.013683
130.7	0.01309
130.8	0.012985
130.9	0.013008
131.0	0.013113
131.1	0.01323
131.2	0.013358
131.3	0.01352
131.4	0.013672
131.5	0.012403
131.6	0.012334
131.7	0.011356
131.8	0.011345
131.9	0.011182
132.0	0.011438
132.1	0.011379
132.2	0.010856
132.3	0.010728
132.4	0.011286
132.5	0.011496
132.6	0.011798
132.7	0.01195
132.8	0.012113
132.9	0.01245
133.0	0.012392
133.1	0.011833
133.2	0.010914
133.3	0.011449
133.4	0.011531
133.5	0.012078
133.6	0.012334
133.7	0.012403
133.8	0.01238
133.9	0.012974
134.0	0.01352
134.1	0.01352
134.2	0.013183
134.3	0.012217
134.4	0.012496
134.5	0.012729
134.6	0.013102
134.7	0.013776
134.8	0.01366
134.9	0.014451
135.0	0.014323
135.1	0.014626
135.2	0.014603
135.3	0.014893
135.4	0.015301
135.5	0.014847
135.6	0.01423
135.7	0.013811
135.8	0.013544
135.9	0.013334
136.0	0.013474
136.1	0.013765
136.2	0.014242
136.3	0.014486
136.4	0.014637
136.5	0.013544
136.6	0.01359
136.7	0.013555
136.8	0.013544
136.9	0.013707
137.0	0.014637
137.1	0.015114
137.2	0.01501
137.3	0.015533
137.4	0.015475
137.5	0.015557
137.6	0.015266
137.7	0.013835
137.8	0.014521
137.9	0.014556
138.0	0.013974
138.1	0.014521
138.2	0.014544
138.3	0.015045
138.4	0.014917
138.5	0.013451
138.6	0.013602
138.7	0.013497
138.8	0.0143
138.9	0.013963
139.0	0.013579
139.1	0.012822
139.2	0.012811
139.3	0.013613
139.4	0.013625
139.5	0.013928
139.6	0.013951
139.7	0.014335
139.8	0.015021
139.9	0.014742
140.0	0.014917
140.1	0.014928
140.2	0.014893
140.3	0.015429
140.4	0.014975
140.5	0.015394
140.6	0.014579
140.7	0.014358
140.8	0.014893
140.9	0.014475
141.0	0.015056
141.1	0.015091
141.2	0.015626
141.3	0.01608
141.4	0.015813
141.5	0.015964
141.6	0.01537
141.7	0.015394
141.8	0.014952
141.9	0.015149
142.0	0.015394
142.1	0.015487
142.2	0.014405
142.3	0.013474
142.4	0.013928
142.5	0.014428
142.6	0.013323
142.7	0.013893
142.8	0.013881
142.9	0.013299
143.0	0.013625
143.1	0.013125
143.2	0.013532
143.3	0.014091

&

