0.01	0.005347
0.02	0.007778
0.03	0.007778
0.04	0.007778
0.05	-0.004861
0.06	-0.000486
0.07	-0.005834
0.08	-0.005834
0.09	-0.001945
0.1	-0.001215
0.11	0.008021
0.12	0.0
0.13	0.0
0.14	-0.012639
0.15	-0.013125
0.16	-0.009236
0.17	-0.006806
0.18	-0.004861
0.19	-0.013368
0.2	-0.008021
0.21	-0.006563
0.22	0.000486
0.23	-0.005347
0.24	-0.001701
0.25	0.001701
0.26	-0.000243
0.27	-0.001945
0.28	0.008264
0.29	0.020174
0.3	0.008993
0.31	0.005347
0.32	-0.000972
0.33	-0.011667
0.34	-0.00632
0.35	-0.00632
0.36	0.000243
0.37	0.005834
0.38	-0.006806
0.39	-0.007535
0.4	-0.003889
0.41	-0.019931
0.42	-0.022605
0.43	-0.014827
0.44	-0.012639
0.45	-0.00875
0.46	-0.004375
0.47	0.006563
0.48	0.010452
0.49	0.014098
0.5	0.001701
0.51	-0.00559
0.52	-0.007778
0.53	-0.01191
0.54	0.000243
0.55	-0.011181
0.56	-0.003889
0.57	0.018473
0.58	0.005834
0.59	0.003646
0.6	0.011667
0.61	0.003646
0.62	0.001458
0.63	0.006563
0.64	0.000729
0.65	0.012396
0.66	0.01823
0.67	0.024306
0.68	0.030626
0.69	0.020903
0.7	0.016771
0.71	0.016042
0.72	0.015556
0.73	0.012396
0.74	0.015799
0.75	0.015799
0.76	0.004618
0.77	0.004861
0.78	0.014827
0.79	0.002188
0.8	-0.008021
0.81	-0.009966
0.82	-0.027223
0.83	-0.030869
0.84	-0.024792
0.85	-0.014827
0.86	-0.013612
0.87	-0.007292
0.88	0.001945
0.89	0.007049
0.9	-0.001945
0.91	-0.003889
0.92	-0.004861
0.93	-0.012639
0.94	-0.00559
0.95	-0.012396
0.96	0.0
0.97	-0.004375
0.98	0.002674
0.99	0.011424
1.0	0.007292
1.01	-0.00316
1.02	0.014341
1.03	0.043994
1.04	0.027466
1.05	0.02382
1.06	0.025765
1.07	0.033786
1.08	0.034029
1.09	0.028195
1.1	0.018959
1.11	0.019445
1.12	0.016771
1.13	0.025036
1.14	0.01507
1.15	-0.005347
1.16	-0.009723
1.17	0.003889
1.18	0.02066
1.19	0.024306
1.2	0.017987
1.21	-0.000486
1.22	-0.002188
1.23	-0.008264
1.24	-0.00316
1.25	-0.021147
1.26	-0.042293
1.27	-0.031112
1.28	-0.037675
1.29	-0.023334
1.3	-0.00559
1.31	0.003646
1.32	0.013855
1.33	0.017014
1.34	0.010209
1.35	0.02066
1.36	0.034515
1.37	0.018716
1.38	0.02066
1.39	0.003646
1.4	0.012396
1.41	0.028925
1.42	0.021633
1.43	0.011424
1.44	0.00559
1.45	0.009236
1.46	-0.001945
1.47	0.000729
1.48	0.004618
1.49	0.017501
1.5	0.012882
1.51	-0.000972
1.52	0.002188
1.53	-0.010938
1.54	-0.019931
1.55	-0.02382
1.56	-0.010209
1.57	-0.006563
1.58	0.017501
1.59	0.016042
1.6	0.02382
1.61	0.017257
1.62	0.020417
1.63	-0.001215
1.64	-0.001945
1.65	-0.007535
1.66	-0.000972
1.67	-0.013368
1.68	-0.01507
1.69	0.002431
1.7	0.004861
1.71	-0.012153
1.72	-0.010452
1.73	-0.008507
1.74	0.011667
1.75	0.008993
1.76	0.000243
1.77	0.008021
1.78	-0.003889
1.79	-0.000486
1.8	-0.008507
1.81	0.000243
1.82	0.009723
1.83	0.004618
1.84	0.015799
1.85	0.032814
1.86	0.029411
1.87	0.005834
1.88	0.00316
1.89	0.009479
1.9	0.00875
1.91	-0.001215
1.92	0.00875
1.93	0.010452
1.94	0.013612
1.95	0.021633
1.96	0.017501
1.97	-0.00316
1.98	0.020417
1.99	0.035244
2.0	0.024306
2.01	0.013368
2.02	-0.007292
2.03	-0.020417
2.04	-0.014827
2.05	0.005347
2.06	-0.012396
2.07	-0.007049
2.08	0.005347
2.09	-0.004861
2.1	0.004132
2.11	-0.001701
2.12	-0.013368
2.13	-0.016771
2.14	-0.015799
2.15	-0.019688
2.16	-0.029411
2.17	0.006077
2.18	0.000729
2.19	-0.011667
2.2	-0.008507
2.21	-0.009236
2.22	0.010938
2.23	0.02139
2.24	0.004375
2.25	0.002674
2.26	-0.008021
2.27	-0.00559
2.28	-0.000729
2.29	0.003889
2.3	0.009236
2.31	0.006806
2.32	0.014341
2.33	0.013125
2.34	0.009236
2.35	0.013855
2.36	0.022605
2.37	0.018716
2.38	0.014584
2.39	0.026251
2.4	0.027952
2.41	0.023091
2.42	0.012396
2.43	-0.012639
2.44	0.012396
2.45	0.003889
2.46	0.017744
2.47	-0.000486
2.48	-0.009236
2.49	-0.007292
2.5	-0.017501
2.51	-0.012882
2.52	-0.014098
2.53	-0.019931
2.54	-0.006563
2.55	0.012153
2.56	0.017257
2.57	0.010209
2.58	0.004861
2.59	-0.017987
2.6	-0.016528
2.61	-0.01507
2.62	-0.009966
2.63	-0.008021
2.64	-0.008021
2.65	0.000486
2.66	-0.010452
2.67	-0.025279
2.68	-0.025765
2.69	-0.036946
2.7	-0.036703
2.71	-0.029654
2.72	-0.032327
2.73	-0.018473
2.74	-0.00559
2.75	-0.00875
2.76	-0.008264
2.77	-0.027952
2.78	-0.0333
2.79	-0.027466
2.8	-0.019202
2.81	-0.019688
2.82	-0.012882
2.83	-0.005104
2.84	-0.000243
2.85	0.017987
2.86	0.011181
2.87	-0.009236
2.88	-0.014827
2.89	-0.008507
2.9	0.005834
2.91	0.017257
2.92	0.006806
2.93	0.019202
2.94	0.02066
2.95	0.024063
2.96	0.009966
2.97	0.02139
2.98	0.027709
2.99	0.022848
3.0	0.014341
3.01	0.002431
3.02	-0.006077
3.03	0.004618
3.04	0.010452
3.05	0.002431
3.06	-0.002431
3.07	-0.004132
3.08	-0.005834
3.09	-0.009966
3.1	-0.008507
3.11	0.016042
3.12	0.01823
3.13	0.028195
3.14	0.029654
3.15	0.016285
3.16	0.003646
3.17	0.008264
3.18	0.013125
3.19	0.025765
3.2	0.013368
3.21	0.012639
3.22	0.00632
3.23	0.007292
3.24	-0.013855
3.25	-0.018716
3.26	-0.010695
3.27	0.020903
3.28	0.02698
3.29	0.022362
3.3	0.012396
3.31	-0.001458
3.32	-0.017014
3.33	-0.012153
3.34	-0.007778
3.35	-0.017257
3.36	0.005104
3.37	0.016528
3.38	0.002188
3.39	0.001945
3.4	-0.000243
3.41	-0.009479
3.42	0.013125
3.43	0.010209
3.44	0.017257
3.45	-0.000486
3.46	0.001701
3.47	-0.006563
3.48	0.002674
3.49	-0.004132
3.5	-0.019688
3.51	-0.034515
3.52	-0.042293
3.53	-0.036703
3.54	-0.021147
3.55	-0.01191
3.56	-0.005104
3.57	-0.003889
3.58	-0.003889
3.59	0.002674
3.6	0.00632
3.61	0.011424
3.62	0.001945
3.63	-0.019445
3.64	-0.008264
3.65	0.005347
3.66	0.019445
3.67	0.001458
3.68	0.017987
3.69	0.005347
3.7	0.00632
3.71	-0.001458
3.72	-0.000729
3.73	0.008993
3.74	0.019202
3.75	0.00632
3.76	0.004618
3.77	0.014584
3.78	-0.000972
3.79	-0.01191
3.8	-0.004618
3.81	0.009966
3.82	0.019931
3.83	-0.000729
3.84	0.014341
3.85	-0.001458
3.86	-0.000486
3.87	-0.00632
3.88	-0.005104
3.89	-0.006077
3.9	0.001945
3.91	0.006806
3.92	0.001945
3.93	0.006806
3.94	0.003889
3.95	0.013368
3.96	0.011667
3.97	0.002431
3.98	0.009479
3.99	-0.014098
4.0	-0.023577
4.01	-0.009966
4.02	0.001458
4.03	0.001458
4.04	0.002188
4.05	-0.018716
4.06	-0.02139
4.07	-0.025036
4.08	-0.012153
4.09	-0.011181
4.1	-0.015556
4.11	-0.014098
4.12	-0.02139
4.13	-0.022119
4.14	-0.00316
4.15	0.006806
4.16	0.001215
4.17	-0.010938
4.18	-0.006806
4.19	-0.018959
4.2	-0.016528
4.21	-0.004618
4.22	-0.002674
4.23	0.014584
4.24	0.026251
4.25	0.029654
4.26	0.023577
4.27	0.010209
4.28	0.017501
4.29	0.005834
4.3	-0.012639
4.31	-0.014341
4.32	-0.008507
4.33	-0.005834
4.34	-0.00559
4.35	-0.007292
4.36	-0.015799
4.37	0.008993
4.38	0.000972
4.39	0.011667
4.4	0.010695
4.41	0.00316
4.42	-0.000729
4.43	0.013612
4.44	0.008507
4.45	0.005104
4.46	0.00632
4.47	-0.006806
4.48	-0.00316
4.49	0.00316
4.5	0.005834
4.51	0.001945
4.52	0.00875
4.53	0.003646
4.54	-0.000729
4.55	-0.004132
4.56	0.008993
4.57	-0.001215
4.58	-0.00559
4.59	-0.016528
4.6	-0.005834
4.61	0.000243
4.62	0.0
4.63	-0.013125
4.64	-0.029168
4.65	-0.021147
4.66	-0.000972
4.67	-0.007292
4.68	-0.008264
4.69	-0.002188
4.7	0.007049
4.71	-0.001215
4.72	-0.006563
4.73	-0.014827
4.74	-0.023577
4.75	-0.028925
4.76	-0.02066
4.77	-0.022119
4.78	-0.017501
4.79	-0.014827
4.8	-0.011424
4.81	-0.015556
4.82	-0.007049
4.83	0.000972
4.84	0.004618
4.85	0.008507
4.86	0.011424
4.87	0.026737
4.88	0.026737
4.89	0.016042
4.9	0.013125
4.91	0.027952
4.92	0.026008
4.93	0.022848
4.94	0.012882
4.95	0.008264
4.96	0.006806
4.97	0.013855
4.98	0.022848
4.99	0.010695
5.0	0.028681
5.01	0.025036
5.02	0.017257
5.03	0.010695
5.04	0.025765
5.05	0.024792
5.06	0.025036
5.07	0.035973
5.08	0.030383
5.09	0.025765
5.1	-0.001215
5.11	-0.014341
5.12	-0.002431
5.13	0.001215
5.14	0.002917
5.15	-0.001945
5.16	0.010452
5.17	-0.002431
5.18	-0.006806
5.19	-0.008264
5.2	0.003889
5.21	-0.006077
5.22	-0.008507
5.23	-0.017987
5.24	-0.019931
5.25	-0.001458
5.26	0.010452
5.27	0.012396
5.28	0.006806
5.29	0.006806
5.3	0.018716
5.31	0.025279
5.32	0.009479
5.33	-0.006077
5.34	0.007049
5.35	0.007049
5.36	0.001215
5.37	-0.000729
5.38	-0.01507
5.39	-0.001945
5.4	-0.004132
5.41	0.004132
5.42	0.016285
5.43	0.019202
5.44	0.020174
5.45	0.026737
5.46	0.017987
5.47	0.018716
5.48	0.017501
5.49	0.004132
5.5	-0.019931
5.51	-0.029411
5.52	-0.035244
5.53	-0.035001
5.54	-0.02066
5.55	-0.024549
5.56	-0.016771
5.57	-0.019931
5.58	-0.014827
5.59	-0.007292
5.6	0.009236
5.61	-0.012396
5.62	-0.007535
5.63	0.00632
5.64	0.007778
5.65	-0.00316
5.66	0.00316
5.67	0.010209
5.68	0.011424
5.69	0.024792
5.7	0.017987
5.71	0.010452
5.72	-0.006077
5.73	0.009966
5.74	0.009236
5.75	0.00875
5.76	-0.012396
5.77	-0.008507
5.78	0.004375
5.79	-0.002917
5.8	0.008264
5.81	0.008264
5.82	-0.011667
5.83	-0.027466
5.84	-0.024306
5.85	-0.008264
5.86	-0.027466
5.87	-0.014341
5.88	-0.024792
5.89	-0.03014
5.9	-0.034029
5.91	-0.023091
5.92	-0.016771
5.93	-0.019202
5.94	-0.007049
5.95	0.002917
5.96	0.004861
5.97	0.007292
5.98	0.012153
5.99	0.017501
6.0	0.012639
6.01	0.008993
6.02	0.006806
6.03	0.022605
6.04	0.019445
6.05	0.02066
6.06	0.028681
6.07	0.014584
6.08	0.017744
6.09	0.013368
6.1	0.004132
6.11	-0.000486
6.12	0.010452
6.13	-0.000972
6.14	0.00632
6.15	0.00559
6.16	0.005834
6.17	-0.007292
6.18	-0.007535
6.19	-0.024063
6.2	-0.019202
6.21	-0.012396
6.22	0.003646
6.23	0.016771
6.24	0.014098
6.25	0.021633
6.26	0.005834
6.27	-0.012882
6.28	-0.016771
6.29	-0.023577
6.3	-0.023091
6.31	-0.032084
6.32	-0.024792
6.33	-0.022848
6.34	-0.021876
6.35	-0.010452
6.36	0.001701
6.37	0.005347
6.38	0.017014
6.39	0.023091
6.4	0.020174
6.41	0.004132
6.42	0.003403
6.43	0.005104
6.44	0.014584
6.45	0.018473
6.46	0.015799
6.47	0.009479
6.48	0.001458
6.49	0.012882
6.5	0.009723
6.51	0.006563
6.52	0.013125
6.53	0.001458
6.54	-0.018473
6.55	-0.026737
6.56	-0.035487
6.57	-0.035487
6.58	-0.031841
6.59	-0.027223
6.6	-0.027952
6.61	-0.021147
6.62	-0.012396
6.63	-0.017014
6.64	-0.013368
6.65	-0.009966
6.66	-0.001945
6.67	-0.002431
6.68	0.000243
6.69	0.00875
6.7	0.006077
6.71	0.013125
6.72	0.00632
6.73	-0.00316
6.74	0.010938
6.75	-0.00632
6.76	-0.005104
6.77	-0.000729
6.78	0.014098
6.79	-0.003403
6.8	0.007049
6.81	-0.002674
6.82	0.013368
6.83	0.018959
6.84	0.017987
6.85	0.010695
6.86	0.019202
6.87	0.015313
6.88	0.020903
6.89	0.00632
6.9	-0.000729
6.91	-0.020903
6.92	-0.016285
6.93	-0.010938
6.94	-0.017014
6.95	-0.029168
6.96	-0.008021
6.97	-0.003646
6.98	0.013612
6.99	0.015799
7.0	0.012882
7.01	0.001945
7.02	-0.003403
7.03	-0.016285
7.04	-0.003646
7.05	-0.013855
7.06	-0.003646
7.07	0.000729
7.08	-0.00875
7.09	-0.016771
7.1	-0.028438
7.11	-0.03889
7.12	-0.027223
7.13	-0.015799
7.14	-0.016285
7.15	-0.021633
7.16	-0.01191
7.17	-0.00316
7.18	0.005834
7.19	0.007778
7.2	0.019931
7.21	0.006806
7.22	-0.002674
7.23	0.01507
7.24	0.024792
7.25	0.014098
7.26	0.012639
7.27	0.010452
7.28	0.002674
7.29	0.000243
7.3	-0.001945
7.31	0.010938
7.32	0.010938
7.33	0.004618
7.34	-0.013612
7.35	-0.013612
7.36	-0.012396
7.37	-0.015313
7.38	-0.013368
7.39	-0.008264
7.4	-0.007535
7.41	0.009479
7.42	0.006806
7.43	-0.002431
7.44	0.000486
7.45	0.016528
7.46	0.027223
7.47	0.028438
7.48	0.026494
7.49	0.01191
7.5	0.017501
7.51	0.017014
7.52	0.025279
7.53	0.013368
7.54	0.014341
7.55	0.009236
7.56	0.008993
7.57	0.009966
7.58	0.020174
7.59	0.023577
7.6	-0.005834
7.61	-0.010452
7.62	-0.009723
7.63	-0.011667
7.64	-0.012882
7.65	0.000729
7.66	0.000729
7.67	-0.021147
7.68	0.003889
7.69	-0.008993
7.7	0.004861
7.71	-0.002188
7.72	-0.012396
7.73	0.004618
7.74	0.004132
7.75	0.00316
7.76	-0.010938
7.77	-0.009966
7.78	-0.006077
7.79	-0.011424
7.8	-0.007778
7.81	0.005834
7.82	0.000243
7.83	-0.008264
7.84	-0.019931
7.85	-0.011181
7.86	-0.00632
7.87	-0.004375
7.88	-0.000243
7.89	-0.005104
7.9	-0.016042
7.91	-0.017014
7.92	-0.002674
7.93	0.002188
7.94	0.016528
7.95	0.02066
7.96	0.009966
7.97	0.018473
7.98	0.009966
7.99	0.001701
8.0	0.018716
8.01	0.025522
8.02	0.020417
8.03	0.00559
8.04	0.022362
8.05	0.016771
8.06	0.005104
8.07	0.019688
8.08	0.009723
8.09	0.012153
8.1	0.032084
8.11	0.014341
8.12	0.006077
8.13	0.007535
8.14	0.007535
8.15	-0.000729
8.16	-0.000729
8.17	-0.005834
8.18	-0.012882
8.19	-0.017744
8.2	-0.005347
8.21	-0.011424
8.22	-0.010938
8.23	-0.017257
8.24	-0.01191
8.25	-0.029168
8.26	-0.010209
8.27	-0.002431
8.28	0.002188
8.29	0.009966
8.3	0.018716
8.31	0.016285
8.32	0.017014
8.33	0.006563
8.34	-0.007292
8.35	0.00559
8.36	-0.001458
8.37	-0.011424
8.38	-0.005834
8.39	-0.000243
8.4	0.014098
8.41	0.014341
8.42	0.001945
8.43	-0.007778
8.44	-0.016528
8.45	-0.018716
8.46	-0.027223
8.47	-0.011667
8.48	-0.007535
8.49	0.000486
8.5	-0.013368
8.51	-0.010452
8.52	-0.011667
8.53	-0.009236
8.54	-0.020174
8.55	-0.023091
8.56	-0.007778
8.57	-0.009723
8.58	-0.008021
8.59	-0.005104
8.6	0.010209
8.61	0.019445
8.62	0.006806
8.63	-0.004375
8.64	0.003646
8.65	0.002431
8.66	-0.003403
8.67	0.007292
8.68	0.01507
8.69	-0.007535
8.7	-0.019445
8.71	-0.027223
8.72	-0.02066
8.73	-0.006806
8.74	0.010695
8.75	0.009966
8.76	0.005347
8.77	0.004375
8.78	0.001701
8.79	-0.007292
8.8	-0.004132
8.81	0.006806
8.82	0.008993
8.83	0.012153
8.84	0.002188
8.85	0.01191
8.86	-0.004861
8.87	-0.008507
8.88	-0.000729
8.89	0.008264
8.9	0.010209
8.91	-0.000972
8.92	-0.00632
8.93	-0.008264
8.94	-0.017501
8.95	-0.014341
8.96	0.010452
8.97	0.011424
8.98	0.022362
8.99	0.009479
9.0	0.017744
9.01	0.021633
9.02	0.014341
9.03	-0.00559
9.04	-0.016285
9.05	-0.005834
9.06	0.012396
9.07	0.008264
9.08	0.021876
9.09	0.008264
9.1	-0.007049
9.11	-0.002917
9.12	-0.008021
9.13	-0.019202
9.14	-0.00559
9.15	-0.01507
9.16	-0.00632
9.17	-0.015799
9.18	-0.019445
9.19	-0.022119
9.2	-0.018473
9.21	-0.021633
9.22	-0.016042
9.23	-0.010452
9.24	-0.015313
9.25	-0.0333
9.26	-0.024792
9.27	-0.015556
9.28	-0.003646
9.29	-0.01191
9.3	-0.014341
9.31	-0.007778
9.32	-0.004861
9.33	0.004861
9.34	0.001701
9.35	-0.004375
9.36	-0.003403
9.37	0.012639
9.38	0.010452
9.39	0.009236
9.4	0.013368
9.41	0.004375
9.42	0.000729
9.43	-0.004861
9.44	-0.012882
9.45	-0.013855
9.46	0.003403
9.47	0.007535
9.48	-0.000729
9.49	-0.000729
9.5	-0.001458
9.51	0.002188
9.52	-0.006563
9.53	-0.010209
9.54	0.002188
9.55	0.008507
9.56	0.010209
9.57	-0.000243
9.58	0.002188
9.59	0.010938
9.6	0.00316
9.61	-0.007535
9.62	-0.003646
9.63	-0.007049
9.64	-0.014341
9.65	-0.004861
9.66	-0.015799
9.67	-0.012639
9.68	-0.007049
9.69	-0.000243
9.7	-0.023091
9.71	-0.01191
9.72	0.003646
9.73	0.028438
9.74	0.029411
9.75	0.025765
9.76	0.013612
9.77	0.008993
9.78	0.017014
9.79	0.016285
9.8	0.016285
9.81	0.02382
9.82	0.003646
9.83	0.003403
9.84	-0.009236
9.85	-0.004861
9.86	-0.005104
9.87	-0.002674
9.88	0.009966
9.89	0.014098
9.9	0.017014
9.91	0.028681
9.92	0.038161
9.93	0.025279
9.94	0.006563
9.95	-0.009479
9.96	0.019445
9.97	0.000486
9.98	0.01507
9.99	0.000486
10.0	-0.007049
10.01	-0.000243
10.02	-0.014341
10.03	-0.004618
10.04	-0.008264
10.05	0.014827
10.06	0.012882
10.07	0.008993
10.08	0.00559
10.09	-0.003403
10.1	0.00875
10.11	0.003403
10.12	0.013368
10.13	-0.012882
10.14	-0.029654
10.15	-0.029897
10.16	-0.014341
10.17	-0.018716
10.18	-0.003646
10.19	-0.001215
10.2	-0.007292
10.21	0.000243
10.22	0.017744
10.23	0.022119
10.24	0.003889
10.25	0.006077
10.26	0.008507
10.27	0.001701
10.28	0.001945
10.29	-0.003889
10.3	-0.004375
10.31	-0.006077
10.32	-0.004375
10.33	-0.014341
10.34	-0.010938
10.35	-0.006077
10.36	-0.004132
10.37	-0.003403
10.38	0.011181
10.39	0.011181
10.4	0.022605
10.41	0.038161
10.42	0.031841
10.43	0.024549
10.44	0.014827
10.45	0.000972
10.46	-0.001945
10.47	-0.013612
10.48	-0.013368
10.49	-0.001215
10.5	0.004861
10.51	-0.00632
10.52	-0.004132
10.53	-0.00875
10.54	-0.007049
10.55	-0.005834
10.56	-0.000729
10.57	-0.004132
10.58	-0.029897
10.59	-0.010452
10.6	-0.009723
10.61	-0.000243
10.62	-0.009723
10.63	-0.028681
10.64	-0.026494
10.65	-0.02698
10.66	-0.021633
10.67	-0.009723
10.68	-0.004132
10.69	0.007292
10.7	0.021147
10.71	0.035487
10.72	0.035244
10.73	0.035001
10.74	0.030869
10.75	0.027952
10.76	-0.005834
10.77	0.001945
10.78	0.002674
10.79	0.010938
10.8	0.025036
10.81	0.02139
10.82	0.019202
10.83	0.014584
10.84	0.004861
10.85	0.000972
10.86	0.005104
10.87	0.019202
10.88	0.023577
10.89	0.035973
10.9	0.030383
10.91	0.022119
10.92	-0.002917
10.93	0.00559
10.94	-0.003646
10.95	-0.000729
10.96	-0.004375
10.97	-0.007535
10.98	0.000486
10.99	0.01191
11.0	0.012153
11.01	0.004618
11.02	-0.005104
11.03	-0.001458
11.04	-0.001458
11.05	0.004618
11.06	0.004861
11.07	-0.00316
11.08	-0.006563
11.09	-0.007292
11.1	-0.02382
11.11	-0.007292
11.12	-0.006806
11.13	0.008993
11.14	0.00316
11.15	0.008021
11.16	0.002431
11.17	0.008264
11.18	0.009236
11.19	-0.009966
11.2	0.0
11.21	0.01507
11.22	0.007049
11.23	0.009966
11.24	0.023091
11.25	0.022362
11.26	0.022119
11.27	0.015799
11.28	0.000486
11.29	0.00316
11.3	-0.004375
11.31	-0.022848
11.32	-0.008507
11.33	-0.015799
11.34	-0.012153
11.35	-0.005834
11.36	-0.009236
11.37	-0.008993
11.38	-0.010695
11.39	-0.025765
11.4	-0.035973
11.41	-0.022605
11.42	-0.024792
11.43	-0.014098
11.44	-0.007292
11.45	-0.006077
11.46	-0.00316
11.47	-0.008507
11.48	-0.017744
11.49	-0.020417
11.5	-0.015313
11.51	-0.022362
11.52	-0.019445
11.53	-0.017744
11.54	-0.022362
11.55	-0.017501
11.56	-0.010452
11.57	-0.014584
11.58	-0.039133
11.59	-0.033786
11.6	-0.033786
11.61	-0.029411
11.62	-0.010209
11.63	-0.011424
11.64	-0.018959
11.65	-0.004861
11.66	-0.000486
11.67	0.023091
11.68	0.024306
11.69	0.029411
11.7	0.019445
11.71	-0.017987
11.72	-0.018473
11.73	-0.011667
11.74	0.005104
11.75	-0.005104
11.76	0.010938
11.77	0.006077
11.78	0.005104
11.79	-0.000486
11.8	-0.011667
11.81	-0.002431
11.82	-0.005104
11.83	0.010452
11.84	-0.002917
11.85	0.007049
11.86	-0.012639
11.87	0.000972
11.88	-0.014098
11.89	0.001701
11.9	-0.017987
11.91	-0.003646
11.92	-0.017014
11.93	-0.017257
11.94	-0.011181
11.95	-0.010452
11.96	-0.008021
11.97	-0.035973
11.98	-0.024063
11.99	-0.019202
12.0	-0.018473
12.01	-0.036459
12.02	-0.024792
12.03	-0.031355
12.04	-0.021876
12.05	-0.017744
12.06	-0.004132
12.07	-0.006563
12.08	-0.008993
12.09	-0.007535
12.1	-0.016771
12.11	0.000243
12.12	0.005347
12.13	0.013368
12.14	-0.000243
12.15	-0.017744
12.16	-0.000486
12.17	-0.015313
12.18	-0.004375
12.19	-0.016528
12.2	-0.022605
12.21	-0.011667
12.22	0.000486
12.23	-0.003403
12.24	-0.000972
12.25	-0.004375
12.26	-0.009236
12.27	-0.008993
12.28	-0.020417
12.29	-0.001701
12.3	-0.010938
12.31	-0.018959
12.32	-0.006077
12.33	0.01191
12.34	0.012153
12.35	0.012396
12.36	0.012639
12.37	-0.011181
12.38	0.012882
12.39	0.003889
12.4	0.002188
12.41	-0.006563
12.42	0.008993
12.43	0.011424
12.44	-0.003403
12.45	0.005834
12.46	-0.001945
12.47	-0.00875
12.48	-0.02698
12.49	-0.025036
12.5	-0.014341
12.51	-0.006563

&

0.01	0.003403
0.02	-0.000729
0.03	-0.000729
0.04	-0.000729
0.05	-0.011667
0.06	-0.020903
0.07	-0.019202
0.08	-0.019202
0.09	-0.018473
0.1	-0.026008
0.11	-0.028438
0.12	-0.01823
0.13	-0.012396
0.14	-0.010695
0.15	-0.012639
0.16	-0.009723
0.17	-0.007049
0.18	-0.02066
0.19	-0.027223
0.2	-0.022362
0.21	-0.013125
0.22	-0.008264
0.23	0.0
0.24	0.004132
0.25	0.013368
0.26	0.009236
0.27	0.004132
0.28	0.003646
0.29	-0.005104
0.3	-0.007535
0.31	-0.012639
0.32	0.001701
0.33	0.006806
0.34	-0.000486
0.35	-0.004861
0.36	0.0
0.37	0.004861
0.38	-0.008507
0.39	0.002188
0.4	0.008021
0.41	0.002431
0.42	-0.00316
0.43	0.005347
0.44	-0.001701
0.45	-0.002674
0.46	-0.001701
0.47	0.003889
0.48	0.006077
0.49	0.006077
0.5	0.019202
0.51	0.012396
0.52	0.008993
0.53	0.008507
0.54	0.020417
0.55	0.012396
0.56	-0.013855
0.57	-0.035973
0.58	-0.019688
0.59	-0.016528
0.6	-0.009966
0.61	0.002674
0.62	0.004132
0.63	0.004861
0.64	0.009236
0.65	0.004132
0.66	0.006563
0.67	0.023091
0.68	0.013125
0.69	0.015799
0.7	0.025279
0.71	0.022362
0.72	0.011181
0.73	0.002917
0.74	-0.002188
0.75	-0.009236
0.76	0.006563
0.77	-0.010452
0.78	-0.002188
0.79	-0.010695
0.8	-0.003403
0.81	-0.001215
0.82	-0.009479
0.83	0.003646
0.84	0.005834
0.85	0.026008
0.86	0.00875
0.87	0.0
0.88	0.003403
0.89	0.0
0.9	-0.01191
0.91	0.001215
0.92	-0.000243
0.93	-0.007049
0.94	-0.001458
0.95	0.004618
0.96	0.008264
0.97	-0.012153
0.98	-0.01507
0.99	-0.017014
1.0	-0.006563
1.01	-0.009966
1.02	-0.011181
1.03	-0.00875
1.04	-0.002431
1.05	0.010452
1.06	0.01507
1.07	0.009723
1.08	-0.000486
1.09	0.011181
1.1	-0.000486
1.11	-0.002917
1.12	-0.007292
1.13	-0.011667
1.14	-0.011667
1.15	-0.006563
1.16	-0.012639
1.17	-0.009966
1.18	-0.002188
1.19	-0.006077
1.2	0.00316
1.21	-0.010452
1.22	-0.009236
1.23	-0.007292
1.24	-0.01191
1.25	-0.017744
1.26	-0.008507
1.27	-0.015799
1.28	-0.02382
1.29	-0.007535
1.3	0.009236
1.31	0.0
1.32	-0.005834
1.33	-0.024549
1.34	-0.03014
1.35	-0.030383
1.36	-0.009723
1.37	0.000972
1.38	-0.019688
1.39	0.00316
1.4	0.006806
1.41	-0.000729
1.42	0.010209
1.43	0.0
1.44	0.020174
1.45	0.014098
1.46	0.012153
1.47	0.034758
1.48	0.035244
1.49	0.03257
1.5	0.020174
1.51	0.018716
1.52	0.004132
1.53	0.00632
1.54	0.02066
1.55	0.013368
1.56	0.0
1.57	-0.00632
1.58	-0.010452
1.59	0.005104
1.6	0.005104
1.61	0.000243
1.62	-0.002917
1.63	0.019688
1.64	0.008507
1.65	-0.001215
1.66	-0.008507
1.67	-0.011667
1.68	-0.011181
1.69	0.007292
1.7	0.007778
1.71	0.026008
1.72	0.031598
1.73	0.032327
1.74	0.024063
1.75	0.017744
1.76	0.022605
1.77	0.005347
1.78	-0.019931
1.79	-0.013855
1.8	0.009236
1.81	0.017257
1.82	0.024792
1.83	0.025765
1.84	0.043265
1.85	0.012396
1.86	0.019688
1.87	0.032327
1.88	0.042293
1.89	0.032084
1.9	0.016771
1.91	-0.015556
1.92	-0.010452
1.93	-0.001701
1.94	0.007049
1.95	0.012639
1.96	0.007049
1.97	0.001945
1.98	-0.001701
1.99	-0.007535
2.0	0.003403
2.01	0.027952
2.02	0.025522
2.03	0.025522
2.04	0.026008
2.05	0.030383
2.06	0.022605
2.07	0.014827
2.08	-0.014584
2.09	-0.011424
2.1	-0.02066
2.11	-0.030869
2.12	-0.028681
2.13	-0.019445
2.14	-0.025765
2.15	-0.020417
2.16	-0.011424
2.17	-0.014827
2.18	-0.007049
2.19	-0.003889
2.2	-0.010452
2.21	-0.007049
2.22	-0.002674
2.23	0.003889
2.24	0.007778
2.25	0.013612
2.26	0.009236
2.27	0.000486
2.28	-0.003646
2.29	0.012153
2.3	0.002188
2.31	0.016285
2.32	0.012396
2.33	0.005347
2.34	0.013125
2.35	0.023091
2.36	0.023577
2.37	0.02382
2.38	0.016528
2.39	0.019688
2.4	0.016042
2.41	0.00875
2.42	0.003403
2.43	0.007535
2.44	0.006563
2.45	0.006563
2.46	0.000486
2.47	-0.003403
2.48	-0.012396
2.49	-0.016285
2.5	-0.007535
2.51	-0.013612
2.52	-0.005347
2.53	0.001701
2.54	0.004375
2.55	0.009236
2.56	0.003403
2.57	-0.004375
2.58	0.012882
2.59	0.004861
2.6	0.016285
2.61	0.01507
2.62	0.028925
2.63	0.019688
2.64	0.012639
2.65	0.022605
2.66	0.027952
2.67	0.016528
2.68	0.022119
2.69	-0.001215
2.7	0.008993
2.71	-0.000729
2.72	0.006077
2.73	0.013855
2.74	0.0
2.75	-0.013612
2.76	-0.012153
2.77	0.002674
2.78	-0.02382
2.79	-0.019688
2.8	-0.014827
2.81	-0.005834
2.82	-0.018959
2.83	-0.033057
2.84	-0.034272
2.85	-0.033057
2.86	-0.043022
2.87	-0.031355
2.88	-0.008021
2.89	-0.01507
2.9	-0.013612
2.91	-0.010695
2.92	0.000972
2.93	0.001458
2.94	0.000243
2.95	-0.016528
2.96	-0.016042
2.97	-0.031112
2.98	-0.028195
2.99	-0.022848
3.0	-0.017501
3.01	-0.004375
3.02	-0.001701
3.03	-0.00632
3.04	-0.007292
3.05	0.001945
3.06	0.005834
3.07	0.006077
3.08	0.016042
3.09	-0.008021
3.1	-0.014584
3.11	-0.003889
3.12	-0.003403
3.13	-0.020174
3.14	-0.014341
3.15	0.001458
3.16	0.020903
3.17	0.015799
3.18	0.016042
3.19	0.007535
3.2	0.011181
3.21	0.005104
3.22	-0.002917
3.23	-0.016528
3.24	-0.001215
3.25	-0.009236
3.26	-0.007292
3.27	-0.014341
3.28	-0.002188
3.29	-0.008021
3.3	-0.014827
3.31	-0.020174
3.32	-0.008507
3.33	-0.011667
3.34	-0.003646
3.35	-0.013125
3.36	-0.018473
3.37	-0.010452
3.38	-0.00875
3.39	-0.000972
3.4	-0.002431
3.41	-0.001945
3.42	0.009479
3.43	0.008507
3.44	0.023334
3.45	0.029654
3.46	0.016528
3.47	0.002188
3.48	-0.000486
3.49	0.00632
3.5	0.006563
3.51	0.016528
3.52	-0.011181
3.53	-0.002917
3.54	-0.005104
3.55	-0.010938
3.56	-0.00559
3.57	-0.010209
3.58	-0.02066
3.59	-0.024549
3.6	-0.02066
3.61	-0.010452
3.62	-0.007292
3.63	-0.019202
3.64	0.0
3.65	-0.009479
3.66	-0.009966
3.67	-0.017744
3.68	-0.028195
3.69	-0.005347
3.7	0.002188
3.71	-0.00316
3.72	0.00632
3.73	-0.005834
3.74	0.016042
3.75	0.011667
3.76	0.004375
3.77	0.00559
3.78	0.022605
3.79	0.031112
3.8	0.028925
3.81	0.027952
3.82	0.03573
3.83	0.028438
3.84	0.022848
3.85	-0.006806
3.86	0.0
3.87	-0.00632
3.88	0.001215
3.89	0.008264
3.9	0.012396
3.91	-0.000243
3.92	0.004861
3.93	0.002674
3.94	-0.000729
3.95	-0.012396
3.96	-0.017744
3.97	-0.027223
3.98	-0.020174
3.99	-0.01191
4.0	-0.008021
4.01	0.005834
4.02	0.007535
4.03	-0.012882
4.04	-0.015556
4.05	-0.01507
4.06	0.001215
4.07	0.017257
4.08	0.014827
4.09	0.019688
4.1	0.026737
4.11	0.015799
4.12	0.00559
4.13	0.015556
4.14	0.012153
4.15	0.02066
4.16	0.022362
4.17	0.033786
4.18	0.019931
4.19	0.010452
4.2	0.008264
4.21	0.017014
4.22	0.023577
4.23	0.025279
4.24	0.008993
4.25	0.021633
4.26	0.044967
4.27	0.034758
4.28	0.003403
4.29	0.014098
4.3	0.005834
4.31	0.007292
4.32	0.015313
4.33	-0.009966
4.34	-0.017501
4.35	-0.02066
4.36	-0.007778
4.37	-0.002188
4.38	0.010452
4.39	0.014827
4.4	0.002188
4.41	0.006563
4.42	0.012882
4.43	0.015799
4.44	0.02066
4.45	0.012639
4.46	0.013855
4.47	0.005347
4.48	0.003889
4.49	0.022848
4.5	0.015313
4.51	0.007049
4.52	-0.004618
4.53	-0.003403
4.54	-0.008993
4.55	0.005347
4.56	-0.002674
4.57	-0.000972
4.58	0.0
4.59	-0.02139
4.6	-0.029654
4.61	-0.041564
4.62	-0.041564
4.63	-0.032327
4.64	-0.052259
4.65	-0.036946
4.66	-0.021633
4.67	-0.030626
4.68	-0.016528
4.69	-0.013368
4.7	-0.023091
4.71	-0.028925
4.72	-0.019202
4.73	-0.019931
4.74	-0.008264
4.75	-0.00559
4.76	-0.001215
4.77	0.001215
4.78	-0.001701
4.79	-0.012639
4.8	-0.001945
4.81	-0.013125
4.82	0.011424
4.83	0.013612
4.84	0.009236
4.85	0.004861
4.86	0.022605
4.87	0.008021
4.88	0.028681
4.89	0.028195
4.9	0.02698
4.91	0.028438
4.92	0.019931
4.93	0.025522
4.94	0.011667
4.95	0.017501
4.96	0.027952
4.97	0.025279
4.98	0.007049
4.99	0.010209
5.0	0.001945
5.01	-0.002431
5.02	-0.025522
5.03	-0.022605
5.04	-0.022362
5.05	-0.023334
5.06	-0.017014
5.07	-0.009723
5.08	-0.013368
5.09	-0.010938
5.1	0.00316
5.11	-0.005104
5.12	-0.00632
5.13	-0.014341
5.14	-0.012153
5.15	-0.009723
5.16	-0.014098
5.17	-0.008264
5.18	-0.004375
5.19	0.004861
5.2	0.001458
5.21	-0.006077
5.22	0.004132
5.23	-0.001945
5.24	-0.002674
5.25	0.007292
5.26	-0.013368
5.27	-0.003403
5.28	0.004861
5.29	0.008021
5.3	0.019445
5.31	0.001945
5.32	0.000486
5.33	0.019688
5.34	0.020417
5.35	0.008507
5.36	0.011424
5.37	0.017501
5.38	0.021147
5.39	0.024306
5.4	0.026494
5.41	0.030869
5.42	0.000486
5.43	-0.008264
5.44	-0.00875
5.45	-0.008021
5.46	-0.00559
5.47	-0.010695
5.48	-0.003646
5.49	-0.011667
5.5	-0.011181
5.51	-0.022848
5.52	-0.009479
5.53	-0.005104
5.54	-0.021147
5.55	-0.028438
5.56	-0.018959
5.57	-0.032814
5.58	-0.039862
5.59	-0.029168
5.6	-0.011181
5.61	-0.020174
5.62	-0.011181
5.63	-0.008264
5.64	-0.004618
5.65	-0.001215
5.66	-0.008264
5.67	-0.013125
5.68	-0.007535
5.69	-0.016285
5.7	-0.015799
5.71	-0.001458
5.72	-0.009966
5.73	0.003403
5.74	-0.000729
5.75	0.001945
5.76	0.017744
5.77	0.015313
5.78	0.013368
5.79	0.031355
5.8	0.010209
5.81	-0.00316
5.82	-0.005104
5.83	-0.011667
5.84	-0.004375
5.85	-0.010209
5.86	-0.008507
5.87	0.01191
5.88	0.013368
5.89	0.001215
5.9	0.006806
5.91	0.000972
5.92	0.00316
5.93	-0.013612
5.94	-0.017257
5.95	-0.019202
5.96	-0.011424
5.97	-0.01191
5.98	0.004132
5.99	0.006806
6.0	0.004861
6.01	-0.000486
6.02	0.00875
6.03	0.008993
6.04	0.007049
6.05	-0.013125
6.06	-0.000972
6.07	0.008021
6.08	-0.003403
6.09	0.005834
6.1	0.002188
6.11	0.006077
6.12	0.004375
6.13	-0.021633
6.14	-0.014827
6.15	-0.025765
6.16	-0.005104
6.17	0.002431
6.18	-0.002674
6.19	0.009479
6.2	0.002917
6.21	-0.002431
6.22	-0.015556
6.23	-0.00632
6.24	0.004618
6.25	0.002431
6.26	0.016771
6.27	-0.001701
6.28	0.000243
6.29	0.007535
6.3	0.011181
6.31	-0.002917
6.32	0.003889
6.33	-0.00632
6.34	-0.00316
6.35	-0.004132
6.36	-0.007049
6.37	-0.002674
6.38	-0.007535
6.39	-0.004132
6.4	-0.002431
6.41	-0.017014
6.42	-0.020174
6.43	-0.010695
6.44	-0.010695
6.45	-0.009723
6.46	-0.012396
6.47	0.006563
6.48	0.002674
6.49	-0.002674
6.5	-0.015313
6.51	-0.019202
6.52	-0.02066
6.53	-0.013125
6.54	-0.000243
6.55	-0.00316
6.56	-0.015313
6.57	-0.004375
6.58	-0.004375
6.59	-0.002674
6.6	-0.001215
6.61	0.016285
6.62	0.008993
6.63	0.017014
6.64	0.011424
6.65	0.003646
6.66	-0.007049
6.67	-0.008264
6.68	-0.006806
6.69	0.019445
6.7	0.034515
6.71	0.019445
6.72	0.013855
6.73	0.022362
6.74	0.022848
6.75	0.027709
6.76	0.010938
6.77	0.004618
6.78	0.00316
6.79	0.002917
6.8	0.012153
6.81	0.021876
6.82	0.030869
6.83	0.022119
6.84	0.014098
6.85	0.022362
6.86	0.02698
6.87	0.009723
6.88	0.002917
6.89	0.00316
6.9	0.001458
6.91	-0.022605
6.92	-0.009236
6.93	-0.00875
6.94	0.000729
6.95	0.005104
6.96	0.025279
6.97	0.023091
6.98	0.03257
6.99	-0.008021
7.0	-0.002674
7.01	-0.014827
7.02	-0.011667
7.03	-0.015313
7.04	0.004618
7.05	0.019931
7.06	0.011424
7.07	0.014584
7.08	0.016771
7.09	0.016528
7.1	-0.006563
7.11	-0.005834
7.12	-0.01191
7.13	-0.003646
7.14	-0.013612
7.15	-0.019688
7.16	-0.025522
7.17	-0.017744
7.18	0.000729
7.19	-0.008507
7.2	-0.022848
7.21	-0.012396
7.22	-0.028195
7.23	-0.030626
7.24	-0.014098
7.25	-0.024549
7.26	-0.012153
7.27	-0.009966
7.28	-0.006563
7.29	-0.012882
7.3	0.000486
7.31	0.002674
7.32	0.005834
7.33	0.003646
7.34	0.013855
7.35	0.004861
7.36	-0.003889
7.37	-0.010695
7.38	-0.003889
7.39	-0.000243
7.4	-0.001458
7.41	-0.001215
7.42	-0.007535
7.43	0.003889
7.44	-0.005834
7.45	-0.005347
7.46	0.016042
7.47	-0.008507
7.48	-0.000729
7.49	0.005104
7.5	-0.001945
7.51	-0.011667
7.52	-0.029168
7.53	-0.024549
7.54	-0.01823
7.55	0.005347
7.56	0.012396
7.57	0.009479
7.58	-0.01507
7.59	-0.014098
7.6	-0.028438
7.61	-0.017987
7.62	-0.02139
7.63	-0.031598
7.64	-0.028438
7.65	-0.038404
7.66	-0.030626
7.67	-0.010209
7.68	-0.02382
7.69	-0.027709
7.7	-0.009236
7.71	0.011181
7.72	-0.013855
7.73	-0.015556
7.74	-0.030383
7.75	-0.037675
7.76	-0.033786
7.77	-0.035001
7.78	-0.017014
7.79	0.000243
7.8	-0.014341
7.81	0.002917
7.82	-0.001458
7.83	0.013855
7.84	0.011667
7.85	0.032084
7.86	0.029897
7.87	0.025522
7.88	0.011181
7.89	0.01507
7.9	0.030869
7.91	0.019445
7.92	0.004132
7.93	0.012882
7.94	0.012153
7.95	-0.014827
7.96	-0.012882
7.97	-0.001215
7.98	0.004132
7.99	-0.009479
8.0	0.001701
8.01	-0.010209
8.02	-0.010938
8.03	-0.005104
8.04	0.000486
8.05	-0.010452
8.06	-0.022605
8.07	-0.019931
8.08	-0.019931
8.09	-0.014341
8.1	-0.016042
8.11	-0.009966
8.12	-0.008021
8.13	-0.006563
8.14	-0.009236
8.15	-0.026008
8.16	-0.014098
8.17	-0.012396
8.18	-0.024063
8.19	-0.015556
8.2	-0.026008
8.21	-0.02698
8.22	-0.006563
8.23	-0.006563
8.24	-0.008993
8.25	-0.006806
8.26	-0.012882
8.27	0.005104
8.28	0.006806
8.29	0.002188
8.3	-0.003403
8.31	-0.007292
8.32	-0.022362
8.33	-0.030626
8.34	-0.026251
8.35	-0.0333
8.36	-0.049099
8.37	-0.028195
8.38	-0.028925
8.39	-0.017257
8.4	-0.005347
8.41	0.005834
8.42	-0.004861
8.43	-0.016771
8.44	-0.014827
8.45	-0.026008
8.46	-0.026251
8.47	-0.030383
8.48	-0.031355
8.49	-0.017014
8.5	-0.00875
8.51	-0.006077
8.52	0.001215
8.53	0.01191
8.54	0.013612
8.55	0.012396
8.56	-0.003403
8.57	0.001458
8.58	0.013125
8.59	0.004618
8.6	0.003646
8.61	-0.002431
8.62	-0.012882
8.63	-0.024306
8.64	-0.024792
8.65	-0.022848
8.66	-0.010938
8.67	-0.000486
8.68	0.002188
8.69	-0.016771
8.7	-0.01191
8.71	-0.005834
8.72	-0.010938
8.73	-0.008507
8.74	-0.018473
8.75	-0.001945
8.76	-0.010695
8.77	-0.002917
8.78	0.008021
8.79	0.008264
8.8	0.00316
8.81	-0.010209
8.82	-0.013125
8.83	-0.000729
8.84	0.028925
8.85	0.009966
8.86	0.010695
8.87	0.016285
8.88	0.015556
8.89	0.005347
8.9	-0.01507
8.91	-0.014584
8.92	-0.013125
8.93	0.006806
8.94	-0.008993
8.95	-0.000729
8.96	-0.013125
8.97	-0.010452
8.98	0.022362
8.99	0.016042
9.0	0.017987
9.01	0.007778
9.02	0.000729
9.03	-0.022848
9.04	-0.024792
9.05	-0.033786
9.06	-0.028681
9.07	-0.031112
9.08	-0.010452
9.09	-0.017257
9.1	-0.004861
9.11	-0.007535
9.12	-0.004861
9.13	-0.01191
9.14	-0.002674
9.15	0.017257
9.16	0.012396
9.17	0.005347
9.18	0.011424
9.19	0.015556
9.2	0.02382
9.21	0.024306
9.22	0.021633
9.23	0.041321
9.24	0.020417
9.25	0.018959
9.26	0.014341
9.27	0.016042
9.28	0.017014
9.29	0.001458
9.3	0.000486
9.31	-0.000243
9.32	-0.009966
9.33	-0.004375
9.34	0.001215
9.35	0.000243
9.36	0.011667
9.37	0.028195
9.38	0.024306
9.39	0.014584
9.4	0.009966
9.41	0.010938
9.42	0.003403
9.43	0.000243
9.44	-0.013612
9.45	0.006077
9.46	-0.001458
9.47	0.002917
9.48	0.007292
9.49	-0.010452
9.5	-0.012882
9.51	-0.024063
9.52	-0.030383
9.53	-0.019688
9.54	-0.021876
9.55	-0.01823
9.56	-0.027952
9.57	-0.036216
9.58	-0.043994
9.59	-0.052016
9.6	-0.04764
9.61	-0.025036
9.62	-0.015313
9.63	-0.011424
9.64	-0.005104
9.65	-0.014827
9.66	-0.010452
9.67	-0.012153
9.68	-0.013125
9.69	-0.00316
9.7	-0.00559
9.71	0.005347
9.72	0.009966
9.73	0.005347
9.74	-0.006077
9.75	0.014341
9.76	0.012882
9.77	0.007778
9.78	-0.000243
9.79	-0.004375
9.8	0.000972
9.81	-0.016528
9.82	-0.011667
9.83	-0.017744
9.84	-0.000729
9.85	-0.008021
9.86	-0.011181
9.87	-0.009966
9.88	-0.01507
9.89	-0.010452
9.9	-0.011181
9.91	-0.001701
9.92	0.009236
9.93	0.009723
9.94	-0.000243
9.95	-0.022362
9.96	-0.006563
9.97	0.007049
9.98	0.017014
9.99	0.004132
10.0	-0.003889
10.01	-0.015313
10.02	-0.019931
10.03	-0.01823
10.04	-0.013125
10.05	-0.002674
10.06	0.005834
10.07	0.006077
10.08	0.02066
10.09	0.02382
10.1	-0.011667
10.11	-0.00316
10.12	-0.005104
10.13	-0.014584
10.14	-0.003646
10.15	0.002674
10.16	0.010938
10.17	0.004375
10.18	-0.004861
10.19	-0.000243
10.2	-0.006806
10.21	0.001701
10.22	-0.033057
10.23	-0.03257
10.24	-0.009236
10.25	0.008021
10.26	-0.004618
10.27	-0.019445
10.28	-0.018959
10.29	-0.025765
10.3	-0.034515
10.31	-0.048613
10.32	-0.03573
10.33	-0.022362
10.34	-0.02698
10.35	-0.029168
10.36	-0.013125
10.37	-0.016528
10.38	0.002917
10.39	0.001215
10.4	0.006077
10.41	0.010695
10.42	0.012153
10.43	0.017501
10.44	0.013612
10.45	-0.007049
10.46	-0.003403
10.47	-0.00559
10.48	0.005347
10.49	-0.004618
10.5	0.0
10.51	-0.009966
10.52	-0.004375
10.53	-0.007292
10.54	-0.018473
10.55	0.001458
10.56	-0.003889
10.57	-0.005347
10.58	-0.010938
10.59	-0.001215
10.6	-0.011181
10.61	-0.009966
10.62	-0.01823
10.63	-0.023577
10.64	-0.006806
10.65	-0.014341
10.66	-0.003646
10.67	-0.005834
10.68	-0.016042
10.69	-0.022848
10.7	-0.02382
10.71	-0.02139
10.72	-0.017501
10.73	-0.00875
10.74	-0.004132
10.75	0.000972
10.76	0.004132
10.77	-0.000972
10.78	0.013368
10.79	0.019688
10.8	0.024063
10.81	0.017501
10.82	0.008507
10.83	0.009479
10.84	-0.008507
10.85	0.004375
10.86	0.001701
10.87	-0.00316
10.88	-0.004861
10.89	0.016285
10.9	0.008507
10.91	0.001458
10.92	0.001215
10.93	0.007535
10.94	-0.00316
10.95	-0.016285
10.96	-0.013612
10.97	-0.008507
10.98	-0.012396
10.99	-0.016285
11.0	-0.012153
11.01	-0.002917
11.02	-0.007292
11.03	-0.007292
11.04	-0.005347
11.05	-0.001701
11.06	0.01507
11.07	0.012882
11.08	0.014098
11.09	0.016528
11.1	0.026008
11.11	0.019688
11.12	0.032084
11.13	0.026251
11.14	0.02139
11.15	0.028925
11.16	0.011667
11.17	0.007535
11.18	0.011667
11.19	0.016285
11.2	0.001458
11.21	0.009236
11.22	0.019445
11.23	0.027709
11.24	0.010452
11.25	-0.000972
11.26	0.013368
11.27	0.000729
11.28	0.006806
11.29	0.009723
11.3	0.013368
11.31	0.00875
11.32	0.004618
11.33	0.009966
11.34	0.015799
11.35	0.017987
11.36	0.018959
11.37	0.036216
11.38	0.046668
11.39	0.033057
11.4	0.027952
11.41	0.013855
11.42	0.011424
11.43	0.016285
11.44	0.011424
11.45	0.001458
11.46	0.008021
11.47	-0.003889
11.48	0.000729
11.49	-0.006077
11.5	0.004861
11.51	0.014098
11.52	0.031598
11.53	0.025765
11.54	0.013368
11.55	0.01507
11.56	0.012639
11.57	0.013368
11.58	0.0
11.59	-0.001945
11.6	-0.007535
11.61	0.0
11.62	-0.001945
11.63	-0.005834
11.64	-0.008021
11.65	-0.014827
11.66	0.000729
11.67	0.000729
11.68	0.019202
11.69	0.037675
11.7	0.021633
11.71	0.019202
11.72	0.007292
11.73	-0.007049
11.74	-0.00632
11.75	0.006077
11.76	0.002674
11.77	0.0
11.78	0.011667
11.79	0.013612
11.8	0.018959
11.81	0.003889
11.82	-0.007778
11.83	-0.020417
11.84	-0.019202
11.85	-0.014098
11.86	0.004375
11.87	0.00632
11.88	0.009723
11.89	0.00875
11.9	0.002917
11.91	0.022362
11.92	0.014584
11.93	-0.000972
11.94	0.011667
11.95	0.000486
11.96	0.022605
11.97	0.029411
11.98	0.003646
11.99	-0.00559
12.0	-0.00316
12.01	-0.007049
12.02	0.000486
12.03	-0.019202
12.04	-0.01823
12.05	0.002674
12.06	0.021147
12.07	0.018959
12.08	0.005834
12.09	0.009479
12.1	0.006563
12.11	0.016285
12.12	0.035973
12.13	0.026251
12.14	0.017744
12.15	0.00559
12.16	0.029897
12.17	0.018473
12.18	0.013855
12.19	0.007778
12.2	0.023577
12.21	0.008507
12.22	0.003403
12.23	0.000972
12.24	0.00875
12.25	-0.014827
12.26	-0.013855
12.27	0.001945
12.28	-0.011181
12.29	0.010938
12.3	0.012153
12.31	0.008507
12.32	0.00632
12.33	0.010938
12.34	-0.004618
12.35	-0.003646
12.36	0.0
12.37	-0.017257
12.38	-0.008021
12.39	0.026251
12.4	0.022848
12.41	0.004618
12.42	0.002188
12.43	-0.00316
12.44	-0.000729
12.45	-0.003646
12.46	-0.016528
12.47	-0.022119
12.48	-0.019202
12.49	-0.022362
12.5	-0.00559
12.51	-0.005834

&

0.01	0.000349
0.02	0.000756
0.03	0.000756
0.04	0.000756
0.05	0.001001
0.06	0.001164
0.07	0.001338
0.08	0.001338
0.09	0.001326
0.1	0.001443
0.11	0.001559
0.12	0.001943
0.13	0.002106
0.14	0.002094
0.15	0.002467
0.16	0.002537
0.17	0.002711
0.18	0.002665
0.19	0.002897
0.2	0.002711
0.21	0.002944
0.22	0.002886
0.23	0.002909
0.24	0.003002
0.25	0.003118
0.26	0.0032
0.27	0.003409
0.28	0.003572
0.29	0.004119
0.3	0.003979
0.31	0.004119
0.32	0.004387
0.33	0.004561
0.34	0.004794
0.35	0.004608
0.36	0.004666
0.37	0.004445
0.38	0.004782
0.39	0.004864
0.4	0.005457
0.41	0.005818
0.42	0.005934
0.43	0.005969
0.44	0.005922
0.45	0.006132
0.46	0.006341
0.47	0.006923
0.48	0.007517
0.49	0.007831
0.5	0.008028
0.51	0.008238
0.52	0.008506
0.53	0.00882
0.54	0.009273
0.55	0.00939
0.56	0.009739
0.57	0.010239
0.58	0.010274
0.59	0.010879
0.6	0.010786
0.61	0.010635
0.62	0.009739
0.63	0.00946
0.64	0.010228
0.65	0.010053
0.66	0.00982
0.67	0.009948
0.68	0.010332
0.69	0.010321
0.7	0.01053
0.71	0.010449
0.72	0.010425
0.73	0.010786
0.74	0.01117
0.75	0.011228
0.76	0.011496
0.77	0.01195
0.78	0.011589
0.79	0.011996
0.8	0.012438
0.81	0.01245
0.82	0.012648
0.83	0.012729
0.84	0.012915
0.85	0.012822
0.86	0.013311
0.87	0.013171
0.88	0.013613
0.89	0.014067
0.9	0.013788
0.91	0.013904
0.92	0.013346
0.93	0.013136
0.94	0.01295
0.95	0.013288
0.96	0.013613
0.97	0.013846
0.98	0.014556
0.99	0.01558
1.0	0.016069
1.01	0.015592
1.02	0.015743
1.03	0.01558
1.04	0.01665
1.05	0.016581
1.06	0.016453
1.07	0.016534
1.08	0.017244
1.09	0.017104
1.1	0.01757
1.11	0.018012
1.12	0.018163
1.13	0.018093
1.14	0.017383
1.15	0.017628
1.16	0.018175
1.17	0.018791
1.18	0.017826
1.19	0.018
1.2	0.017907
1.21	0.017837
1.22	0.01807
1.23	0.018431
1.24	0.018361
1.25	0.0185
1.26	0.018884
1.27	0.018908
1.28	0.018093
1.29	0.017372
1.3	0.016534
1.31	0.016418
1.32	0.015766
1.33	0.01565
1.34	0.016499
1.35	0.016546
1.36	0.016941
1.37	0.016999
1.38	0.017314
1.39	0.017476
1.4	0.017721
1.41	0.016825
1.42	0.017442
1.43	0.017232
1.44	0.016918
1.45	0.017197
1.46	0.017546
1.47	0.017709
1.48	0.017453
1.49	0.017663
1.5	0.017919
1.51	0.01693
1.52	0.017314
1.53	0.017162
1.54	0.016581
1.55	0.016906
1.56	0.017267
1.57	0.017186
1.58	0.017232
1.59	0.017651
1.6	0.017232
1.61	0.017337
1.62	0.017686
1.63	0.016732
1.64	0.017162
1.65	0.015941
1.66	0.016162
1.67	0.016813
1.68	0.016522
1.69	0.016662
1.7	0.016988
1.71	0.017628
1.72	0.017767
1.73	0.017779
1.74	0.018396
1.75	0.017779
1.76	0.017151
1.77	0.017744
1.78	0.017314
1.79	0.017325
1.8	0.017535
1.81	0.017779
1.82	0.018244
1.83	0.018233
1.84	0.018815
1.85	0.018058
1.86	0.017942
1.87	0.017907
1.88	0.017046
1.89	0.016348
1.9	0.016534
1.91	0.016674
1.92	0.016069
1.93	0.015312
1.94	0.014812
1.95	0.014463
1.96	0.014347
1.97	0.014765
1.98	0.014975
1.99	0.015149
2.0	0.015964
2.01	0.016197
2.02	0.016069
2.03	0.016278
2.04	0.016476
2.05	0.017186
2.06	0.017267
2.07	0.01743
2.08	0.016848
2.09	0.015975
2.1	0.01629
2.11	0.016243
2.12	0.016511
2.13	0.017186
2.14	0.016999
2.15	0.017604
2.16	0.01736
2.17	0.016639
2.18	0.016685
2.19	0.015056
2.2	0.015266
2.21	0.015766
2.22	0.016592
2.23	0.016965
2.24	0.016569
2.25	0.016487
2.26	0.015091
2.27	0.015464
2.28	0.014242
2.29	0.014568
2.3	0.014509
2.31	0.014882
2.32	0.01487
2.33	0.015592
2.34	0.014614
2.35	0.014824
2.36	0.014893
2.37	0.014905
2.38	0.014475
2.39	0.014509
2.4	0.014672
2.41	0.014696
2.42	0.014905
2.43	0.014533
2.44	0.013753
2.45	0.014021
2.46	0.014323
2.47	0.013264
2.48	0.013974
2.49	0.01323
2.5	0.013555
2.51	0.013904
2.52	0.01366
2.53	0.013765
2.54	0.013881
2.55	0.013195
2.56	0.013299
2.57	0.013241
2.58	0.013765
2.59	0.014079
2.6	0.01288
2.61	0.013264
2.62	0.013869
2.63	0.014381
2.64	0.014347
2.65	0.014207
2.66	0.014405
2.67	0.014661
2.68	0.014603
2.69	0.014905
2.7	0.014893
2.71	0.014905
2.72	0.01494
2.73	0.015301
2.74	0.015789
2.75	0.015987
2.76	0.016127
2.77	0.016476
2.78	0.016115
2.79	0.017058
2.8	0.01743
2.81	0.017186
2.82	0.016743
2.83	0.017162
2.84	0.017476
2.85	0.016569
2.86	0.016581
2.87	0.016511
2.88	0.016034
2.89	0.01444
2.9	0.014568
2.91	0.015417
2.92	0.015103
2.93	0.015114
2.94	0.015149
2.95	0.015208
2.96	0.014812
2.97	0.014893
2.98	0.014893
2.99	0.01494
3.0	0.013835
3.01	0.014242
3.02	0.014707
3.03	0.01416
3.04	0.014696
3.05	0.014358
3.06	0.014335
3.07	0.0148
3.08	0.013986
3.09	0.0138
3.1	0.013928
3.11	0.014614
3.12	0.014928
3.13	0.015021
3.14	0.014114
3.15	0.0143
3.16	0.013136
3.17	0.013625
3.18	0.014032
3.19	0.01416
3.2	0.014347
3.21	0.014603
3.22	0.014451
3.23	0.014381
3.24	0.014312
3.25	0.014905
3.26	0.014917
3.27	0.014812
3.28	0.014195
3.29	0.012974
3.3	0.012869
3.31	0.01309
3.32	0.013392
3.33	0.013939
3.34	0.014207
3.35	0.014114
3.36	0.012927
3.37	0.012787
3.38	0.011857
3.39	0.011961
3.4	0.012299
3.41	0.012671
3.42	0.01302
3.43	0.013462
3.44	0.013835
3.45	0.013288
3.46	0.012601
3.47	0.013311
3.48	0.012322
3.49	0.012764
3.5	0.013102
3.51	0.012147
3.52	0.012496
3.53	0.012485
3.54	0.012869
3.55	0.013125
3.56	0.012659
3.57	0.01252
3.58	0.012462
3.59	0.012403
3.6	0.012811
3.61	0.01252
3.62	0.012613
3.63	0.011926
3.64	0.011798
3.65	0.011833
3.66	0.012066
3.67	0.012182
3.68	0.012822
3.69	0.013125
3.7	0.013276
3.71	0.013323
3.72	0.01316
3.73	0.01309
3.74	0.012182
3.75	0.012217
3.76	0.012508
3.77	0.012764
3.78	0.013113
3.79	0.012974
3.8	0.013381
3.81	0.013474
3.82	0.013183
3.83	0.012915
3.84	0.013183
3.85	0.013288
3.86	0.012217
3.87	0.012752
3.88	0.013032
3.89	0.013253
3.9	0.012648
3.91	0.01323
3.92	0.013939
3.93	0.012834
3.94	0.01188
3.95	0.011915
3.96	0.011577
3.97	0.011729
3.98	0.012078
3.99	0.01167
4.0	0.011915
4.01	0.011763
4.02	0.011298
4.03	0.011042
4.04	0.011228
4.05	0.011345
4.06	0.011531
4.07	0.012008
4.08	0.012299
4.09	0.012275
4.1	0.01259
4.11	0.012345
4.12	0.012392
4.13	0.012392
4.14	0.012741
4.15	0.012834
4.16	0.013346
4.17	0.013334
4.18	0.011961
4.19	0.012206
4.2	0.012543
4.21	0.01295
4.22	0.013195
4.23	0.013311
4.24	0.013509
4.25	0.013392
4.26	0.01238
4.27	0.012508
4.28	0.012776
4.29	0.012473
4.3	0.012799
4.31	0.01302
4.32	0.013055
4.33	0.01309
4.34	0.013602
4.35	0.013532
4.36	0.012136
4.37	0.012264
4.38	0.012136
4.39	0.011926
4.4	0.011228
4.41	0.011007
4.42	0.010844
4.43	0.011275
4.44	0.011473
4.45	0.011531
4.46	0.011833
4.47	0.012683
4.48	0.012578
4.49	0.012834
4.5	0.012811
4.51	0.01302
4.52	0.013486
4.53	0.013625
4.54	0.013707
4.55	0.012857
4.56	0.013102
4.57	0.013253
4.58	0.013486
4.59	0.013986
4.6	0.013637
4.61	0.013823
4.62	0.013672
4.63	0.013858
4.64	0.013672
4.65	0.013811
4.66	0.014114
4.67	0.014056
4.68	0.013171
4.69	0.013264
4.7	0.013334
4.71	0.01352
4.72	0.014056
4.73	0.014486
4.74	0.014858
4.75	0.014637
4.76	0.01508
4.77	0.015429
4.78	0.015626
4.79	0.015952
4.8	0.016278
4.81	0.016569
4.82	0.01729
4.83	0.016778
4.84	0.016138
4.85	0.015952
4.86	0.016453
4.87	0.015975
4.88	0.016429
4.89	0.015824
4.9	0.015975
4.91	0.015126
4.92	0.015394
4.93	0.015347
4.94	0.015533
4.95	0.015638
4.96	0.016022
4.97	0.016115
4.98	0.015766
4.99	0.015941
5.0	0.016243
5.01	0.016511
5.02	0.016197
5.03	0.015347
5.04	0.015429
5.05	0.01501
5.06	0.015231
5.07	0.015405
5.08	0.014335
5.09	0.014603
5.1	0.014498
5.11	0.014242
5.12	0.014032
5.13	0.013823
5.14	0.014102
5.15	0.014219
5.16	0.014416
5.17	0.013474
5.18	0.014079
5.19	0.014475
5.2	0.014661
5.21	0.013939
5.22	0.014032
5.23	0.014405
5.24	0.014463
5.25	0.014149
5.26	0.013218
5.27	0.013672
5.28	0.013567
5.29	0.013835
5.3	0.014137
5.31	0.014754
5.32	0.014649
5.33	0.015033
5.34	0.014277
5.35	0.013358
5.36	0.013497
5.37	0.013951
5.38	0.014184
5.39	0.014172
5.4	0.014498
5.41	0.014475
5.42	0.014812
5.43	0.015208
5.44	0.014789
5.45	0.014765
5.46	0.014928
5.47	0.014556
5.48	0.014649
5.49	0.01437
5.5	0.014568
5.51	0.014696
5.52	0.015545
5.53	0.015975
5.54	0.015778
5.55	0.016639
5.56	0.015673
5.57	0.015743
5.58	0.015138
5.59	0.016103
5.6	0.015708
5.61	0.014917
5.62	0.015324
5.63	0.014475
5.64	0.014533
5.65	0.015126
5.66	0.014672
5.67	0.014544
5.68	0.014149
5.69	0.013346
5.7	0.013136
5.71	0.013369
5.72	0.012543
5.73	0.013136
5.74	0.013276
5.75	0.013171
5.76	0.013683
5.77	0.013893
5.78	0.012927
5.79	0.013067
5.8	0.013427
5.81	0.012997
5.82	0.011926
5.83	0.011903
5.84	0.011845
5.85	0.011891
5.86	0.012613
5.87	0.013381
5.88	0.012531
5.89	0.012392
5.9	0.012334
5.91	0.012066
5.92	0.012078
5.93	0.012136
5.94	0.01231
5.95	0.012462
5.96	0.012578
5.97	0.012648
5.98	0.012811
5.99	0.01245
6.0	0.012962
6.01	0.013346
6.02	0.01352
6.03	0.013078
6.04	0.013323
6.05	0.013206
6.06	0.012241
6.07	0.012555
6.08	0.012601
6.09	0.01167
6.1	0.012031
6.11	0.012182
6.12	0.012299
6.13	0.01302
6.14	0.012671
6.15	0.011438
6.16	0.011228
6.17	0.011566
6.18	0.011891
6.19	0.011822
6.2	0.012043
6.21	0.012019
6.22	0.01188
6.23	0.012252
6.24	0.01288
6.25	0.012694
6.26	0.012904
6.27	0.012683
6.28	0.012869
6.29	0.013334
6.3	0.013555
6.31	0.014312
6.32	0.015196
6.33	0.015056
6.34	0.014649
6.35	0.015126
6.36	0.014893
6.37	0.015021
6.38	0.015045
6.39	0.014847
6.4	0.015068
6.41	0.014347
6.42	0.013625
6.43	0.013765
6.44	0.014242
6.45	0.014172
6.46	0.014335
6.47	0.014335
6.48	0.014603
6.49	0.015196
6.5	0.014486
6.51	0.014754
6.52	0.015301
6.53	0.014498
6.54	0.014416
6.55	0.014696
6.56	0.015091
6.57	0.015103
6.58	0.015161
6.59	0.015277
6.6	0.015638
6.61	0.015824
6.62	0.016197
6.63	0.016243
6.64	0.015638
6.65	0.015592
6.66	0.015813
6.67	0.01601
6.68	0.016092
6.69	0.014917
6.7	0.014952
6.71	0.015033
6.72	0.015277
6.73	0.014463
6.74	0.015068
6.75	0.01508
6.76	0.015266
6.77	0.015475
6.78	0.014463
6.79	0.014195
6.8	0.014556
6.81	0.014905
6.82	0.015638
6.83	0.016162
6.84	0.015475
6.85	0.014847
6.86	0.014893
6.87	0.014835
6.88	0.015033
6.89	0.014184
6.9	0.014091
6.91	0.014556
6.92	0.01444
6.93	0.014603
6.94	0.013765
6.95	0.014323
6.96	0.014626
6.97	0.015103
6.98	0.015103
6.99	0.015498
7.0	0.015685
7.01	0.016185
7.02	0.016336
7.03	0.016662
7.04	0.016592
7.05	0.016092
7.06	0.016103
7.07	0.015394
7.08	0.01565
7.09	0.015999
7.1	0.016732
7.11	0.016034
7.12	0.017023
7.13	0.017104
7.14	0.017046
7.15	0.017104
7.16	0.017034
7.17	0.016732
7.18	0.016511
7.19	0.015789
7.2	0.015987
7.21	0.015882
7.22	0.016301
7.23	0.015149
7.24	0.015336
7.25	0.015161
7.26	0.015336
7.27	0.015754
7.28	0.016476
7.29	0.015638
7.3	0.015336
7.31	0.014242
7.32	0.014393
7.33	0.014498
7.34	0.014858
7.35	0.015568
7.36	0.01444
7.37	0.014486
7.38	0.01444
7.39	0.01423
7.4	0.014835
7.41	0.013963
7.42	0.013555
7.43	0.014125
7.44	0.014381
7.45	0.014125
7.46	0.014288
7.47	0.014568
7.48	0.01487
7.49	0.015126
7.5	0.01508
7.51	0.014219
7.52	0.014428
7.53	0.014824
7.54	0.014335
7.55	0.014475
7.56	0.014312
7.57	0.014684
7.58	0.014928
7.59	0.014835
7.6	0.015091
7.61	0.01558
7.62	0.016453
7.63	0.016546
7.64	0.016732
7.65	0.016813
7.66	0.016185
7.67	0.016371
7.68	0.016197
7.69	0.014858
7.7	0.015266
7.71	0.01572
7.72	0.015452
7.73	0.015533
7.74	0.016034
7.75	0.0148
7.76	0.015312
7.77	0.014975
7.78	0.014603
7.79	0.014917
7.8	0.015068
7.81	0.014265
7.82	0.014579
7.83	0.014975
7.84	0.014591
7.85	0.014661
7.86	0.014765
7.87	0.014882
7.88	0.015254
7.89	0.0143
7.9	0.015231
7.91	0.015312
7.92	0.015731
7.93	0.015708
7.94	0.015731
7.95	0.01508
7.96	0.015033
7.97	0.015254
7.98	0.015545
7.99	0.015336
8.0	0.015429
8.01	0.01544
8.02	0.01537
8.03	0.015871
8.04	0.015894
8.05	0.015871
8.06	0.016615
8.07	0.015929
8.08	0.015103
8.09	0.013788
8.1	0.014009
8.11	0.013939
8.12	0.012683
8.13	0.013195
8.14	0.013067
8.15	0.013148
8.16	0.013136
8.17	0.01288
8.18	0.012846
8.19	0.013253
8.2	0.013276
8.21	0.014009
8.22	0.014265
8.23	0.014614
8.24	0.015685
8.25	0.015941
8.26	0.01444
8.27	0.013439
8.28	0.013579
8.29	0.013963
8.3	0.013858
8.31	0.01423
8.32	0.014684
8.33	0.014765
8.34	0.015196
8.35	0.01487
8.36	0.01601
8.37	0.015464
8.38	0.016115
8.39	0.014312
8.4	0.013218
8.41	0.013067
8.42	0.013613
8.43	0.01416
8.44	0.014486
8.45	0.013264
8.46	0.013637
8.47	0.012555
8.48	0.01252
8.49	0.012194
8.5	0.012485
8.51	0.011798
8.52	0.011787
8.53	0.011438
8.54	0.011624
8.55	0.011635
8.56	0.011729
8.57	0.012054
8.58	0.011833
8.59	0.011612
8.6	0.011763
8.61	0.011659
8.62	0.011973
8.63	0.012217
8.64	0.012974
8.65	0.013102
8.66	0.012764
8.67	0.013427
8.68	0.013579
8.69	0.012683
8.7	0.013067
8.71	0.013381
8.72	0.013288
8.73	0.013648
8.74	0.014219
8.75	0.014463
8.76	0.014358
8.77	0.015056
8.78	0.014731
8.79	0.014893
8.8	0.015545
8.81	0.015848
8.82	0.016208
8.83	0.015975
8.84	0.016383
8.85	0.016569
8.86	0.017174
8.87	0.017244
8.88	0.017465
8.89	0.017407
8.9	0.017663
8.91	0.017383
8.92	0.017244
8.93	0.01736
8.94	0.017954
8.95	0.017826
8.96	0.018023
8.97	0.018198
8.98	0.018151
8.99	0.017093
9.0	0.01665
9.01	0.01672
9.02	0.016941
9.03	0.016045
9.04	0.015975
9.05	0.016394
9.06	0.016487
9.07	0.01622
9.08	0.015254
9.09	0.015626
9.1	0.016208
9.11	0.016301
9.12	0.015696
9.13	0.015824
9.14	0.015824
9.15	0.016115
9.16	0.016115
9.17	0.016487
9.18	0.015231
9.19	0.015417
9.2	0.013823
9.21	0.013369
9.22	0.013741
9.23	0.013648
9.24	0.013974
9.25	0.014114
9.26	0.014323
9.27	0.014475
9.28	0.014533
9.29	0.014952
9.3	0.015696
9.31	0.015161
9.32	0.014509
9.33	0.014288
9.34	0.014917
9.35	0.014765
9.36	0.015056
9.37	0.014149
9.38	0.014184
9.39	0.013613
9.4	0.014032
9.41	0.01437
9.42	0.01423
9.43	0.013835
9.44	0.013741
9.45	0.013869
9.46	0.013288
9.47	0.013648
9.48	0.013625
9.49	0.014568
9.5	0.014858
9.51	0.014754
9.52	0.014614
9.53	0.014998
9.54	0.014719
9.55	0.014917
9.56	0.015138
9.57	0.015196
9.58	0.015149
9.59	0.015231
9.6	0.015626
9.61	0.015871
9.62	0.014754
9.63	0.014009
9.64	0.014428
9.65	0.014137
9.66	0.013264
9.67	0.013125
9.68	0.013579
9.69	0.013544
9.7	0.013939
9.71	0.014347
9.72	0.014614
9.73	0.013974
9.74	0.014288
9.75	0.01423
9.76	0.014067
9.77	0.013299
9.78	0.013253
9.79	0.012485
9.8	0.01288
9.81	0.013148
9.82	0.013253
9.83	0.012322
9.84	0.012997
9.85	0.012834
9.86	0.013625
9.87	0.013986
9.88	0.014393
9.89	0.015184
9.9	0.015405
9.91	0.01544
9.92	0.01537
9.93	0.014637
9.94	0.014568
9.95	0.014882
9.96	0.015161
9.97	0.015487
9.98	0.015592
9.99	0.016534
10.0	0.016627
10.01	0.015638
10.02	0.015836
10.03	0.015824
10.04	0.015638
10.05	0.015498
10.06	0.016069
10.07	0.015801
10.08	0.015429
10.09	0.014312
10.1	0.014125
10.11	0.014672
10.12	0.014707
10.13	0.014858
10.14	0.015045
10.15	0.015312
10.16	0.014661
10.17	0.015021
10.18	0.015347
10.19	0.015871
10.2	0.015848
10.21	0.015754
10.22	0.016185
10.23	0.01672
10.24	0.016662
10.25	0.017197
10.26	0.016359
10.27	0.01679
10.28	0.017476
10.29	0.01736
10.3	0.01722
10.31	0.017558
10.32	0.016743
10.33	0.016767
10.34	0.016732
10.35	0.016813
10.36	0.016069
10.37	0.014777
10.38	0.014893
10.39	0.014696
10.4	0.01494
10.41	0.014603
10.42	0.013392
10.43	0.013043
10.44	0.012997
10.45	0.013253
10.46	0.013358
10.47	0.012811
10.48	0.012322
10.49	0.012636
10.5	0.012566
10.51	0.01288
10.52	0.012624
10.53	0.012636
10.54	0.013299
10.55	0.0138
10.56	0.013299
10.57	0.013602
10.58	0.01373
10.59	0.014079
10.6	0.014637
10.61	0.014684
10.62	0.014277
10.63	0.013486
10.64	0.012578
10.65	0.012566
10.66	0.012985
10.67	0.013171
10.68	0.01309
10.69	0.013544
10.7	0.011647
10.71	0.010751
10.72	0.010902
10.73	0.011054
10.74	0.010937
10.75	0.0106
10.76	0.010367
10.77	0.010379
10.78	0.010612
10.79	0.010937
10.8	0.011217
10.81	0.011798
10.82	0.011961
10.83	0.01188
10.84	0.012322
10.85	0.012496
10.86	0.012939
10.87	0.013008
10.88	0.012997
10.89	0.01323
10.9	0.012613
10.91	0.013416
10.92	0.012857
10.93	0.013171
10.94	0.013241
10.95	0.011286
10.96	0.010961
10.97	0.0111
10.98	0.011391
10.99	0.012008
11.0	0.012403
11.01	0.012415
11.02	0.012694
11.03	0.012752
11.04	0.012822
11.05	0.013171
11.06	0.012892
11.07	0.013102
11.08	0.013369
11.09	0.013846
11.1	0.013881
11.11	0.014649
11.12	0.014521
11.13	0.014789
11.14	0.014789
11.15	0.014079
11.16	0.014288
11.17	0.014649
11.18	0.014661
11.19	0.014009
11.2	0.014428
11.21	0.015033
11.22	0.014253
11.23	0.014765
11.24	0.013893
11.25	0.014288
11.26	0.014358
11.27	0.014568
11.28	0.014544
11.29	0.014021
11.3	0.012904
11.31	0.013451
11.32	0.013707
11.33	0.013241
11.34	0.013555
11.35	0.013567
11.36	0.013776
11.37	0.013776
11.38	0.013474
11.39	0.013846
11.4	0.01416
11.41	0.013474
11.42	0.013835
11.43	0.013741
11.44	0.01316
11.45	0.012601
11.46	0.012729
11.47	0.01295
11.48	0.012822
11.49	0.013113
11.5	0.013579
11.51	0.01359
11.52	0.013358
11.53	0.014184
11.54	0.013439
11.55	0.012776
11.56	0.01309
11.57	0.01309
11.58	0.013299
11.59	0.013183
11.6	0.014125
11.61	0.014067
11.62	0.013939
11.63	0.013974
11.64	0.014021
11.65	0.014253
11.66	0.013835
11.67	0.013218
11.68	0.012927
11.69	0.013567
11.7	0.013602
11.71	0.013043
11.72	0.013427
11.73	0.013346
11.74	0.013811
11.75	0.014242
11.76	0.014288
11.77	0.014579
11.78	0.014765
11.79	0.015312
11.8	0.015638
11.81	0.015917
11.82	0.016534
11.83	0.016348
11.84	0.016627
11.85	0.016999
11.86	0.016778
11.87	0.0175
11.88	0.016685
11.89	0.016162
11.9	0.016476
11.91	0.016371
11.92	0.016615
11.93	0.015813
11.94	0.015824
11.95	0.016208
11.96	0.016615
11.97	0.016371
11.98	0.016034
11.99	0.016429
12.0	0.015347
12.01	0.015603
12.02	0.014219
12.03	0.013939
12.04	0.013811
12.05	0.013544
12.06	0.013637
12.07	0.013392
12.08	0.013462
12.09	0.013427
12.1	0.01366
12.11	0.013753
12.12	0.014172
12.13	0.0143
12.14	0.014242
12.15	0.015196
12.16	0.015161
12.17	0.015743
12.18	0.015859
12.19	0.015894
12.2	0.015964
12.21	0.016045
12.22	0.015545
12.23	0.01601
12.24	0.016988
12.25	0.015161
12.26	0.01551
12.27	0.014486
12.28	0.014637
12.29	0.014893
12.3	0.014486
12.31	0.014835
12.32	0.014393
12.33	0.014358
12.34	0.014393
12.35	0.014614
12.36	0.015336
12.37	0.01558
12.38	0.015219
12.39	0.015592
12.4	0.015882
12.41	0.015359
12.42	0.015336
12.43	0.015336
12.44	0.014649
12.45	0.014719
12.46	0.014428
12.47	0.014649
12.48	0.014893
12.49	0.015068
12.5	0.015359
12.51	0.015347

&

