0.1	-0.007778
0.2	-0.012153
0.3	-0.009723
0.4	-0.009723
0.5	-0.001945
0.6	0.004618
0.7	0.00316
0.8	0.0
0.9	0.004618
1.0	0.006806
1.1	0.015313
1.2	0.004861
1.3	-0.000972
1.4	-0.01507
1.5	-0.003889
1.6	-0.00559
1.7	-0.002188
1.8	-0.010452
1.9	-0.01823
2.0	-0.018473
2.1	-0.005104
2.2	0.001458
2.3	-0.006806
2.4	-0.007778
2.5	-0.002431
2.6	0.002674
2.7	0.017501
2.8	0.008507
2.9	0.010209
3.0	0.016042
3.1	0.016042
3.2	0.020903
3.3	0.019931
3.4	0.025036
3.5	0.016285
3.6	0.031598
3.7	0.020417
3.8	0.010452
3.9	0.019688
4.0	0.020903
4.1	0.023334
4.2	0.009966
4.3	0.007049
4.4	0.008507
4.5	0.002917
4.6	-0.004618
4.7	0.012153
4.8	0.012396
4.9	0.024063
5.0	0.006563
5.1	0.008021
5.2	0.012639
5.3	0.009236
5.4	-0.002674
5.5	-0.012396
5.6	-0.003646
5.7	-0.00632
5.8	-0.000972
5.9	-0.014827
6.0	-0.016285
6.1	-0.018959
6.2	-0.011181
6.3	-0.00632
6.4	-0.002188
6.5	-0.010209
6.6	-0.014584
6.7	-0.016528
6.8	-0.014341
6.9	-0.02139
7.0	0.00632
7.1	0.010938
7.2	0.00316
7.3	0.00632
7.4	0.002431
7.5	0.003403
7.6	0.000729
7.7	0.007778
7.8	0.001701
7.9	-0.005834
8.0	0.004618
8.1	0.012882
8.2	0.036459
8.3	0.026494
8.4	0.017014
8.5	0.016771
8.6	0.022605
8.7	0.024306
8.8	0.007292
8.9	0.001945
9.0	0.008507
9.1	-0.003889
9.2	-0.008264
9.3	-0.01823
9.4	-0.036703
9.5	-0.030626
9.6	-0.025522
9.7	-0.017987
9.8	-0.016528
9.9	-0.019202
10.0	-0.010695
10.1	-0.01507
10.2	-0.015799
10.3	-0.00316
10.4	-0.008264
10.5	0.007535
10.6	0.008993
10.7	0.001215
10.8	0.007292
10.9	-0.001945
11.0	0.01507
11.1	0.013125
11.2	0.004375
11.3	0.009479
11.4	0.009723
11.5	0.003646
11.6	0.00875
11.7	0.012153
11.8	0.017014
11.9	-0.013125
12.0	-0.021876
12.1	-0.022119
12.2	-0.010209
12.3	-0.000972
12.4	0.006806
12.5	0.008021
12.6	-0.004618
12.7	0.009479
12.8	0.011667
12.9	0.011424
13.0	0.019445
13.1	0.012639
13.2	0.033057
13.3	0.025522
13.4	0.017987
13.5	0.006806
13.6	0.014827
13.7	0.00875
13.8	-0.001701
13.9	-0.014584
14.0	-0.034272
14.1	-0.031112
14.2	-0.018716
14.3	-0.02066
14.4	-0.027223
14.5	-0.021876
14.6	-0.014098
14.7	-0.01823
14.8	-0.017257
14.9	-0.013368
15.0	-0.021633
15.1	-0.00316
15.2	-0.000729
15.3	0.008507
15.4	0.009723
15.5	0.011424
15.6	0.024306
15.7	0.023091
15.8	0.02698
15.9	0.018959
16.0	0.002917
16.1	0.000729
16.2	-0.004861
16.3	-0.02066
16.4	-0.017744
16.5	-0.014584
16.6	-0.011181
16.7	-0.012882
16.8	-0.01823
16.9	-0.017257
17.0	0.000729
17.1	0.005834
17.2	-0.023577
17.3	-0.006563
17.4	-0.001945
17.5	0.006806
17.6	0.002674
17.7	-0.013855
17.8	-0.013855
17.9	-0.026737
18.0	-0.02139
18.1	-0.006806
18.2	-0.006806
18.3	-0.004132
18.4	0.00316
18.5	-0.002188
18.6	-0.005834
18.7	-0.010695
18.8	-0.01191
18.9	-0.023577
19.0	-0.013612
19.1	-0.018473
19.2	0.001945
19.3	0.011667
19.4	0.024549
19.5	0.02066
19.6	0.017014
19.7	0.017257
19.8	0.023091
19.9	0.010938
20.0	0.006806
20.1	0.004375
20.2	-0.018716
20.3	-0.00559
20.4	-0.009479
20.5	0.001945
20.6	0.01823
20.7	0.020174
20.8	0.0
20.9	0.000972
21.0	-0.000243
21.1	-0.011181
21.2	0.000972
21.3	0.000729
21.4	0.011667
21.5	0.004375
21.6	-0.020417
21.7	-0.039376
21.8	-0.025279
21.9	-0.003646
22.0	0.004375
22.1	-0.006806
22.2	-0.013855
22.3	-0.005834
22.4	-0.004861
22.5	-0.002431
22.6	-0.003403
22.7	0.023334
22.8	0.009236
22.9	-0.01191
23.0	-0.005347
23.1	-0.004861
23.2	0.00559
23.3	0.001215
23.4	0.00559
23.5	0.002674
23.6	0.011667
23.7	0.013125
23.8	-0.013368
23.9	-0.014098
24.0	-0.005104
24.1	-0.020174
24.2	-0.015313
24.3	-0.028438
24.4	-0.027709
24.5	-0.011424
24.6	-0.005347
24.7	0.018473
24.8	0.0
24.9	0.000729
25.0	-0.002674
25.1	-0.000729
25.2	-0.011424
25.3	0.001945
25.4	0.007049
25.5	-0.004132
25.6	0.015556
25.7	0.019688
25.8	0.004375
25.9	0.006806
26.0	0.016771
26.1	0.027223
26.2	0.027223
26.3	0.026251
26.4	0.013125
26.5	0.010209
26.6	0.010938
26.7	0.00316
26.8	0.000486
26.9	0.003646
27.0	0.004861
27.1	0.001215
27.2	0.004618
27.3	-0.002431
27.4	-0.014584
27.5	-0.028438
27.6	-0.027466
27.7	-0.011667
27.8	-0.015556
27.9	-0.012639
28.0	-0.017744
28.1	-0.021633
28.2	-0.021876
28.3	-0.010452
28.4	-0.012639
28.5	-0.004861
28.6	-0.019445
28.7	-0.017987
28.8	-0.026008
28.9	-0.020417
29.0	-0.005834
29.1	0.00632
29.2	-0.007778
29.3	-0.012396
29.4	-0.017014
29.5	-0.007292
29.6	0.000243
29.7	0.004618
29.8	0.016771
29.9	0.015799
30.0	0.012639
30.1	-0.017744
30.2	-0.002917
30.3	-0.009723
30.4	-0.021633
30.5	-0.02698
30.6	-0.010938
30.7	0.014341
30.8	0.008993
30.9	-0.001945
31.0	0.003646
31.1	0.002188
31.2	0.007292
31.3	-0.014098
31.4	-0.01507
31.5	-0.013855
31.6	-0.006563
31.7	-0.028195
31.8	-0.013612
31.9	-0.013612
32.0	0.005104
32.1	0.002917
32.2	-0.012639
32.3	-0.013855
32.4	-0.004618
32.5	-0.003646
32.6	-0.014584
32.7	-0.010938
32.8	0.000486
32.9	-0.000729
33.0	-0.004132
33.1	-0.017744
33.2	0.001215
33.3	0.010452
33.4	0.00632
33.5	-0.001215
33.6	0.001945
33.7	0.006806
33.8	0.012882
33.9	0.013125
34.0	-0.00559
34.1	-0.012396
34.2	0.00559
34.3	0.008507
34.4	0.004618
34.5	-0.004861
34.6	-0.009236
34.7	-0.008264
34.8	-0.00632
34.9	0.012639
35.0	0.019202
35.1	-0.000729
35.2	-0.009723
35.3	-0.014584
35.4	-0.019445
35.5	-0.020903
35.6	-0.026737
35.7	-0.015313
35.8	-0.008264
35.9	0.000486
36.0	-0.009479
36.1	-0.026008
36.2	-0.024063
36.3	-0.02382
36.4	-0.016528
36.5	-0.019202
36.6	-0.004618
36.7	0.007778
36.8	0.018959
36.9	0.017744
37.0	0.01823
37.1	0.016771
37.2	0.020903
37.3	0.012396
37.4	0.013368
37.5	0.00559
37.6	0.012396
37.7	-0.021876
37.8	-0.019931
37.9	-0.025765
38.0	-0.007535
38.1	-0.017501
38.2	-0.001701
38.3	-0.002674
38.4	0.003889
38.5	0.027952
38.6	0.013125
38.7	0.007778
38.8	0.002188
38.9	0.012396
39.0	0.018959
39.1	0.021147
39.2	0.010209
39.3	0.028438
39.4	0.010938
39.5	0.020174
39.6	0.031355
39.7	0.013612
39.8	0.011181
39.9	0.002917
40.0	-0.025765
40.1	-0.015556
40.2	-0.024063
40.3	-0.023334
40.4	-0.00316
40.5	0.006806
40.6	0.014827
40.7	0.005104
40.8	0.006806
40.9	-0.011181
41.0	-0.001701
41.1	-0.017987
41.2	-0.013612
41.3	0.009966
41.4	0.024306
41.5	0.01191
41.6	-0.004861
41.7	-0.008993
41.8	-0.021147
41.9	-0.022362
42.0	-0.03573
42.1	-0.015313
42.2	-0.010209
42.3	-0.007049
42.4	-0.013612
42.5	-0.016042
42.6	-0.014827
42.7	0.000243
42.8	0.004375
42.9	0.0
43.0	-0.000486
43.1	0.014584
43.2	0.017987
43.3	-0.000243
43.4	0.000972
43.5	0.001215
43.6	-0.022119
43.7	-0.009723
43.8	-0.017501
43.9	0.008264
44.0	0.023334
44.1	0.011181
44.2	0.024792
44.3	0.007778
44.4	0.009723
44.5	0.003646
44.6	0.004132
44.7	-0.003403
44.8	-0.011667
44.9	-0.004618
45.0	-0.00316
45.1	-0.002674
45.2	0.00632
45.3	0.018716
45.4	0.014341
45.5	0.007292
45.6	-0.001215
45.7	-0.006563
45.8	0.012639
45.9	0.0
46.0	0.010452
46.1	0.016771
46.2	0.008993
46.3	-0.011667
46.4	-0.004375
46.5	-0.009479
46.6	-0.009479
46.7	-0.007778
46.8	0.010209
46.9	-0.000243
47.0	0.002188
47.1	0.010695
47.2	0.01191
47.3	0.012396
47.4	-0.01191
47.5	-0.018959
47.6	-0.000972
47.7	-0.008021
47.8	0.007292
47.9	-0.001945
48.0	-0.014584
48.1	-0.027223
48.2	-0.020417
48.3	-0.003889
48.4	0.0
48.5	-0.014098
48.6	0.003646
48.7	-0.001701
48.8	-0.02066
48.9	-0.017987
49.0	-0.021876
49.1	-0.001945
49.2	-0.00559
49.3	-0.00875
49.4	-0.000972
49.5	0.001215
49.6	-0.012153
49.7	0.00316
49.8	0.009236
49.9	0.00632
50.0	0.021876
50.1	0.009966
50.2	0.009236
50.3	0.006563
50.4	-0.013855
50.5	-0.01823
50.6	-0.019931
50.7	-0.033543
50.8	-0.023334
50.9	-0.025765
51.0	-0.014827
51.1	-0.007292
51.2	-0.016285
51.3	-0.006077
51.4	-0.014584
51.5	-0.01823
51.6	0.018473
51.7	0.010938
51.8	-0.002188
51.9	0.002188
52.0	0.001458
52.1	0.002674
52.2	0.00559
52.3	0.010695
52.4	-0.01823
52.5	-0.010452
52.6	0.00316
52.7	-0.009236
52.8	-0.012882
52.9	-0.000972
53.0	-0.008021
53.1	-0.012882
53.2	-0.029897
53.3	-0.020417
53.4	-0.029168
53.5	-0.022605
53.6	-0.024306
53.7	-0.011424
53.8	-0.008993
53.9	-0.00316
54.0	0.009479
54.1	0.017257
54.2	0.013368
54.3	0.029897
54.4	0.02066
54.5	0.016285
54.6	0.000729
54.7	-0.007292
54.8	-0.007292
54.9	-0.021876
55.0	-0.010695
55.1	0.002431
55.2	-0.003646
55.3	0.001458
55.4	0.006806
55.5	-0.003403
55.6	-0.002674
55.7	-0.012639
55.8	-0.00875
55.9	-0.014098
56.0	-0.012639
56.1	-0.015799
56.2	-0.023577
56.3	-0.012882
56.4	-0.017987
56.5	-0.016042
56.6	-0.008507
56.7	-0.01823
56.8	0.004618
56.9	0.017257
57.0	0.012639
57.1	0.010938
57.2	-0.008264
57.3	-0.008264
57.4	0.0
57.5	0.009966
57.6	0.016528
57.7	0.011424
57.8	0.011181
57.9	0.02066
58.0	0.02066
58.1	0.00632
58.2	-0.012639
58.3	-0.00316
58.4	-0.004132
58.5	0.011667
58.6	0.019202
58.7	0.013125
58.8	0.008021
58.9	-0.005834
59.0	0.004132
59.1	-0.00632
59.2	-0.003889
59.3	-0.001458
59.4	0.002917
59.5	0.002188
59.6	0.005347
59.7	-0.016042
59.8	-0.030383
59.9	-0.022848
60.0	-0.007778
60.1	-0.021147
60.2	-0.003403
60.3	-0.007292
60.4	-0.010452
60.5	0.003646
60.6	0.000243
60.7	-0.014584
60.8	-0.01191
60.9	-0.010695
61.0	-0.019931
61.1	-0.021147
61.2	0.003646
61.3	0.00559
61.4	-0.003889
61.5	-0.001215
61.6	-0.001701
61.7	-0.009723
61.8	-0.013125
61.9	-0.006806
62.0	-0.02698
62.1	-0.021876
62.2	-0.012639
62.3	-0.008507
62.4	-0.010695
62.5	-0.015799
62.6	0.004132
62.7	-0.002431
62.8	-0.003646
62.9	-0.009966
63.0	-0.026008
63.1	-0.015313
63.2	0.003889
63.3	0.00875
63.4	-0.005104
63.5	0.009236
63.6	0.001701
63.7	0.013855
63.8	0.013612
63.9	0.029411
64.0	0.014341
64.1	-0.00316
64.2	0.001701
64.3	0.000243
64.4	-0.005834
64.5	-0.010938
64.6	-0.007049
64.7	-0.00316
64.8	-0.000243
64.9	0.005834
65.0	0.003646
65.1	-0.010452
65.2	-0.003646
65.3	0.006077
65.4	-0.00316
65.5	0.00632
65.6	0.0
65.7	0.011424
65.8	0.000972
65.9	-0.002674
66.0	0.013612
66.1	0.008021
66.2	-0.006806
66.3	-0.016042
66.4	0.0
66.5	-0.023334
66.6	-0.014341
66.7	-0.018959
66.8	-0.027952
66.9	-0.017501
67.0	-0.020174
67.1	-0.024306
67.2	-0.025765
67.3	-0.025279
67.4	-0.003403
67.5	-0.000486
67.6	0.016528
67.7	-0.000243
67.8	0.00875
67.9	0.004375
68.0	-0.00316
68.1	-0.00559
68.2	-0.007292
68.3	-0.011424
68.4	-0.027223
68.5	-0.012639
68.6	-0.014827
68.7	-0.01191
68.8	-0.015556
68.9	-0.011181
69.0	0.000486
69.1	-0.002674
69.2	0.012639
69.3	-0.005834
69.4	0.016771
69.5	0.025279
69.6	0.024792
69.7	0.001458
69.8	0.020174
69.9	0.009479
70.0	-0.00316
70.1	-0.00559
70.2	-0.000729
70.3	-0.010695
70.4	-0.014584
70.5	-0.017744
70.6	-0.006563
70.7	-0.015313
70.8	-0.016528
70.9	-0.016528
71.0	-0.007778
71.1	-0.00632
71.2	-0.003646
71.3	-0.022119
71.4	-0.006077
71.5	-0.013125
71.6	-0.000486
71.7	-0.006077
71.8	0.002431
71.9	0.00875
72.0	0.007292
72.1	0.001458
72.2	-0.001701
72.3	-0.027223
72.4	-0.008507
72.5	-0.019202
72.6	-0.015313
72.7	0.004861
72.8	0.002431
72.9	-0.009723
73.0	-0.012396
73.1	-0.003403
73.2	0.009723
73.3	0.004132
73.4	0.013125
73.5	0.024063
73.6	0.026737
73.7	0.008993
73.8	0.014098
73.9	0.005834
74.0	0.00875
74.1	0.010452
74.2	0.015313
74.3	-0.000729
74.4	-0.000486
74.5	0.00316
74.6	0.00875
74.7	-0.004861
74.8	0.001701
74.9	0.005104
75.0	0.002188
75.1	0.012882
75.2	0.011667
75.3	0.005347
75.4	0.008021
75.5	-0.007049
75.6	0.001458
75.7	0.007292
75.8	0.003889
75.9	-0.004618
76.0	0.0
76.1	0.011181
76.2	-0.000972
76.3	0.001701
76.4	-0.003889
76.5	-0.014827
76.6	-0.00875
76.7	-0.017014
76.8	0.001215
76.9	0.012639
77.0	-0.001215
77.1	-0.009723
77.2	-0.011424
77.3	-0.005347
77.4	-0.008993
77.5	-0.004618
77.6	-0.000729
77.7	0.014098
77.8	0.013368
77.9	0.023334
78.0	0.023577
78.1	0.021633
78.2	0.02698
78.3	0.024549
78.4	0.035244
78.5	0.031598
78.6	0.026251
78.7	0.030383
78.8	0.016528
78.9	0.000972
79.0	-0.000486
79.1	0.006806
79.2	0.017744
79.3	0.028438
79.4	0.017987
79.5	0.021876
79.6	0.016042
79.7	0.002674
79.8	-0.000486
79.9	-0.015799
80.0	-0.016042
80.1	-0.027709
80.2	-0.02382
80.3	-0.012639
80.4	-0.02698
80.5	-0.035973
80.6	-0.017257
80.7	-0.004132
80.8	-0.011181
80.9	-0.013368
81.0	-0.009723
81.1	-0.006563
81.2	0.012882
81.3	0.010209
81.4	-0.002188
81.5	-0.001701
81.6	-0.00632
81.7	-0.009966
81.8	-0.026251
81.9	-0.029897
82.0	-0.028681
82.1	-0.020903
82.2	-0.009966
82.3	-0.007292
82.4	-0.005834
82.5	-0.011424
82.6	0.00559
82.7	0.003403
82.8	-0.014827
82.9	-0.003403
83.0	-0.002674
83.1	-0.018473
83.2	-0.011424
83.3	0.008021
83.4	0.002917
83.5	-0.011181
83.6	-0.011424
83.7	0.005104
83.8	0.022362
83.9	0.018959
84.0	0.004618
84.1	-0.017744
84.2	-0.012639
84.3	-0.037675
84.4	0.007292
84.5	0.015799
84.6	0.003889
84.7	0.00316
84.8	0.009236
84.9	0.012639
85.0	0.00632
85.1	0.023577
85.2	0.025765
85.3	0.012153
85.4	0.001945
85.5	0.002431
85.6	0.029411
85.7	0.018716
85.8	0.011667
85.9	0.011424
86.0	0.003646
86.1	-0.008021
86.2	-0.008021
86.3	0.0
86.4	-0.001458
86.5	-0.010209
86.6	-0.014584
86.7	-0.00559
86.8	-0.003889
86.9	0.018473
87.0	0.012882
87.1	0.001945
87.2	-0.002674
87.3	-0.009479
87.4	0.001215
87.5	0.013368
87.6	0.005347
87.7	0.03257
87.8	0.02698
87.9	0.012396
88.0	0.007535
88.1	0.022362
88.2	0.027709
88.3	0.024306
88.4	0.014827
88.5	0.01507
88.6	0.026251
88.7	0.018473
88.8	0.03014
88.9	0.027709
89.0	0.007049
89.1	0.001945
89.2	-0.010695
89.3	0.000972
89.4	0.001458
89.5	0.004132
89.6	0.008264
89.7	0.011181
89.8	-0.014584
89.9	-0.007049
90.0	0.007292
90.1	-0.005104
90.2	0.01191
90.3	0.007049
90.4	-0.004375
90.5	0.006563
90.6	0.006563
90.7	0.002431
90.8	-0.002431
90.9	-0.008264
91.0	-0.00875
91.1	0.003646
91.2	0.007535
91.3	-0.00875
91.4	-0.008021
91.5	-0.016285
91.6	-0.018473
91.7	-0.02066
91.8	-0.017987
91.9	-0.010695
92.0	-0.011424
92.1	-0.007049
92.2	-0.007049
92.3	-0.017014
92.4	-0.01507
92.5	-0.004618
92.6	-0.003646
92.7	0.000486
92.8	-0.010209
92.9	-0.009236
93.0	-0.005834
93.1	0.001458
93.2	-0.013855
93.3	-0.000243
93.4	0.007292
93.5	0.004618
93.6	0.002188
93.7	0.004132
93.8	0.01823
93.9	0.019445
94.0	0.006077
94.1	-0.009236
94.2	-0.008507
94.3	-0.010695
94.4	-0.014098
94.5	-0.020174
94.6	-0.011424
94.7	-0.00875
94.8	0.009723
94.9	0.007535
95.0	0.010938
95.1	0.010938
95.2	0.002917
95.3	-0.008021
95.4	-0.021147
95.5	-0.000972
95.6	0.007049
95.7	0.000729
95.8	0.015556
95.9	0.019202
96.0	0.006077
96.1	0.007778
96.2	-0.011667
96.3	0.004618
96.4	0.002917
96.5	-0.014827
96.6	-0.015799
96.7	-0.027223
96.8	-0.017744
96.9	0.010209
97.0	0.014098
97.1	0.012153
97.2	-0.004132
97.3	0.007778
97.4	0.003889
97.5	0.009236
97.6	-0.000972
97.7	0.007049
97.8	-0.007535
97.9	-0.008021
98.0	-0.001945
98.1	0.00559
98.2	0.004861
98.3	0.015799
98.4	-0.01823
98.5	-0.005347
98.6	-0.006077
98.7	-0.010938
98.8	-0.00875
98.9	0.000729
99.0	0.000972
99.1	0.0
99.2	-0.004132
99.3	0.015556
99.4	0.024063
99.5	0.028681
99.6	0.009723
99.7	0.00875
99.8	-0.017014
99.9	-0.029168
100.0	-0.012396
100.1	-0.020174
100.2	0.007292
100.3	-0.000486
100.4	0.002917
100.5	0.00316
100.6	0.014098
100.7	0.006077
100.8	-0.00875
100.9	-0.004132
101.0	0.003646
101.1	-0.012639
101.2	-0.006806
101.3	-0.013612
101.4	-0.009966
101.5	-0.005834
101.6	0.001458
101.7	-0.008264
101.8	-0.02139
101.9	-0.005834
102.0	-0.007292
102.1	-0.003403
102.2	-0.004861
102.3	0.003889
102.4	0.010209
102.5	0.008507
102.6	0.011424
102.7	-0.001945
102.8	0.002674
102.9	0.003646
103.0	0.017987
103.1	-0.010209
103.2	-0.001945
103.3	0.0
103.4	0.002431
103.5	0.004861
103.6	-0.003646
103.7	-0.013368
103.8	-0.010695
103.9	-0.019931
104.0	-0.008507
104.1	0.004618
104.2	-0.001215
104.3	0.000243
104.4	-0.007292
104.5	-0.011424
104.6	-0.001701
104.7	0.010209
104.8	-0.001458
104.9	0.006806
105.0	0.026251
105.1	0.010938
105.2	0.019202
105.3	-0.000243
105.4	-0.01507
105.5	-0.012882
105.6	-0.004375
105.7	0.005347
105.8	0.008507
105.9	0.044724
106.0	0.03573
106.1	0.02698
106.2	0.006806
106.3	0.005104
106.4	0.004861
106.5	-0.00632
106.6	0.004618
106.7	0.006563
106.8	0.0
106.9	-0.006806
107.0	-0.011424
107.1	-0.014341
107.2	0.00559
107.3	0.007535
107.4	-0.004375
107.5	-0.000486
107.6	0.022605
107.7	0.023091
107.8	0.020903
107.9	0.027466
108.0	0.025279
108.1	0.019931
108.2	-0.006806
108.3	-0.022848
108.4	-0.028681
108.5	-0.024549
108.6	-0.010938
108.7	-0.012153
108.8	-0.004618
108.9	-0.007535
109.0	-0.016528
109.1	-0.020417
109.2	-0.025522
109.3	-0.026251
109.4	-0.024306
109.5	-0.000729
109.6	-0.018473
109.7	-0.01823
109.8	-0.014098
109.9	0.007778
110.0	0.003646
110.1	0.008264
110.2	0.010695
110.3	0.002188
110.4	0.004861
110.5	0.000243
110.6	-0.017257
110.7	-0.011424
110.8	-0.02066
110.9	-0.009966
111.0	-0.008507
111.1	-0.014098
111.2	-0.014098
111.3	-0.014584
111.4	-0.001701
111.5	-0.022362
111.6	-0.041807
111.7	-0.037432
111.8	-0.047154
111.9	-0.040349
112.0	-0.026008
112.1	-0.029411
112.2	-0.031355
112.3	-0.026737
112.4	-0.012639
112.5	-0.007778
112.6	0.001701
112.7	0.001215
112.8	-0.006077
112.9	0.014827
113.0	0.025279
113.1	0.023577
113.2	0.016285
113.3	0.019202
113.4	0.002188
113.5	0.018716
113.6	0.009236
113.7	0.007049
113.8	0.006806
113.9	0.013368
114.0	0.016285
114.1	-0.000729
114.2	0.00316
114.3	-0.009236
114.4	0.023334
114.5	0.039376
114.6	0.039133
114.7	0.022362
114.8	0.011667
114.9	0.005834
115.0	-0.004618
115.1	0.004375
115.2	-0.006806
115.3	0.002188
115.4	-0.006077
115.5	-0.015799
115.6	-0.016528
115.7	0.001701
115.8	0.011667
115.9	0.007049
116.0	0.004618
116.1	-0.00632
116.2	0.004132
116.3	0.026737
116.4	0.022605
116.5	0.017987
116.6	0.017014
116.7	0.003403
116.8	0.012639
116.9	-0.005347
117.0	0.017257
117.1	0.017014
117.2	0.007535
117.3	-0.004618
117.4	0.011181
117.5	0.015313
117.6	0.008021
117.7	0.002188
117.8	0.010695
117.9	-0.007778
118.0	-0.024306
118.1	-0.02382
118.2	-0.028438
118.3	-0.032814
118.4	-0.028195
118.5	-0.034515
118.6	-0.023577
118.7	-0.029654
118.8	-0.019688
118.9	-0.018959
119.0	-0.027223
119.1	-0.001945
119.2	-0.006077
119.3	-0.004132
119.4	0.021876
119.5	0.029654
119.6	0.00875
119.7	-0.005104
119.8	-0.007778
119.9	-0.005834
120.0	0.000729
120.1	-0.000486
120.2	-0.007778
120.3	-0.012639
120.4	-0.013368
120.5	-0.010452
120.6	-0.015556
120.7	0.001701
120.8	-0.010938
120.9	0.003646
121.0	-0.001945
121.1	-0.005834
121.2	-0.004618
121.3	-0.015556
121.4	-0.014584
121.5	-0.02139
121.6	-0.008507
121.7	-0.018473
121.8	0.0
121.9	-0.00632
122.0	0.00875
122.1	-0.007778
122.2	-0.011424
122.3	-0.01823
122.4	-0.015799
122.5	-0.014827
122.6	-0.010695
122.7	0.00316
122.8	-0.000972
122.9	0.016528
123.0	0.037675
123.1	0.0333
123.2	0.031841
123.3	0.02698
123.4	0.019931
123.5	0.004132
123.6	0.01191
123.7	0.008507
123.8	0.020903
123.9	0.010209
124.0	0.00875
124.1	0.01507
124.2	0.012639
124.3	0.017501
124.4	0.014584
124.5	0.009723
124.6	0.019202
124.7	0.01507
124.8	0.010452
124.9	0.014098
125.0	0.008993
125.1	-0.002431
125.2	0.017501
125.3	0.020417
125.4	0.036216
125.5	0.026251
125.6	0.022119
125.7	0.003646
125.8	0.009479
125.9	-0.002431
126.0	-0.01191
126.1	-0.026494
126.2	-0.022362
126.3	-0.025279
126.4	-0.038404
126.5	-0.031112
126.6	-0.039619
126.7	-0.051286
126.8	-0.028195
126.9	-0.03014
127.0	-0.027952
127.1	-0.022848
127.2	-0.006563
127.3	0.017744
127.4	0.019931
127.5	-0.011181
127.6	0.011181
127.7	-0.001458
127.8	0.000243
127.9	-0.003646
128.0	0.011667
128.1	0.004375
128.2	0.004618
128.3	-0.013368
128.4	-0.017257
128.5	-0.020174
128.6	-0.015799
128.7	-0.012639
128.8	-0.004375
128.9	0.003403
129.0	0.016042
129.1	0.021633
129.2	0.012639
129.3	0.017744
129.4	0.011424
129.5	-0.004132
129.6	0.012639
129.7	0.019688
129.8	-0.007049
129.9	-0.009723
130.0	-0.010452
130.1	-0.022362
130.2	-0.025279
130.3	-0.01191
130.4	-0.01823
130.5	-0.013368
130.6	-0.015556
130.7	-0.001701
130.8	-0.000486
130.9	0.017987
131.0	0.019202
131.1	0.015799
131.2	0.012396
131.3	0.020903
131.4	0.011424
131.5	0.021876
131.6	-0.004618
131.7	0.013368
131.8	-0.000972
131.9	-0.003889
132.0	0.017744
132.1	0.014341
132.2	0.010695
132.3	0.01507
132.4	0.00875
132.5	0.015313
132.6	0.010452
132.7	0.011667
132.8	0.005347
132.9	0.000486
133.0	0.002431
133.1	0.011667
133.2	0.017744
133.3	0.009236
133.4	0.011424
133.5	-0.005104
133.6	0.001458
133.7	0.011667
133.8	0.010452
133.9	0.004375
134.0	0.001945
134.1	-0.006563
134.2	-0.010452
134.3	-0.015799
134.4	-0.001458
134.5	0.002917
134.6	0.009236
134.7	0.010209
134.8	0.008993
134.9	0.009236
135.0	0.022605
135.1	0.015556
135.2	0.007292
135.3	-0.009966
135.4	-0.022848
135.5	-0.015799
135.6	-0.009723
135.7	0.000972
135.8	0.013125
135.9	0.002431
136.0	0.005347
136.1	0.003646
136.2	-0.013612
136.3	-0.001945
136.4	-0.009723
136.5	-0.006806
136.6	-0.006077
136.7	-0.023334
136.8	-0.017501
136.9	-0.027466
137.0	-0.027466
137.1	-0.012153
137.2	0.002188
137.3	-0.001701
137.4	0.016042
137.5	0.008264
137.6	0.002674
137.7	0.011181
137.8	0.006806
137.9	0.012153
138.0	0.013612
138.1	0.009479
138.2	0.002431
138.3	0.006077
138.4	0.017257
138.5	0.060523
138.6	0.047397
138.7	0.024792
138.8	0.024063
138.9	0.016042
139.0	0.011181
139.1	0.009966
139.2	0.011667
139.3	-0.018716
139.4	-0.004861
139.5	-0.004375
139.6	-0.010452
139.7	-0.014827
139.8	-0.005104
139.9	-0.004132
140.0	-0.012396
140.1	-0.011424
140.2	-0.009723
140.3	-0.006563
140.4	-0.010209
140.5	0.000972
140.6	0.018959
140.7	0.010695
140.8	0.010452
140.9	0.009966
141.0	0.002917
141.1	0.010209
141.2	-0.006563
141.3	0.00559
141.4	-0.001701
141.5	-0.014098
141.6	-0.020174
141.7	-0.013368
141.8	-0.017257
141.9	-0.025522
142.0	-0.013368
142.1	-0.007778
142.2	0.011667
142.3	-0.001701
142.4	0.017987
142.5	0.007049
142.6	0.024792
142.7	0.019202
142.8	-0.001701
142.9	0.007535
143.0	-0.001945
143.1	-0.014098
143.2	-0.014584
143.3	-0.007778
143.4	0.009966
143.5	0.000729
143.6	0.011667
143.7	0.008993
143.8	-0.008021
143.9	-0.009966
144.0	-0.003403
144.1	-0.004861
144.2	-0.012639
144.3	-0.012153
144.4	-0.007049
144.5	-0.008993
144.6	-0.015556
144.7	-0.012153
144.8	0.004861
144.9	0.021633
145.0	0.028925
145.1	0.024792
145.2	0.01507
145.3	0.025765
145.4	0.022119
145.5	0.016285
145.6	0.013125
145.7	0.002917
145.8	0.00875
145.9	0.010452
146.0	0.007778
146.1	0.026494
146.2	0.018716
146.3	-0.001215
146.4	-0.007535
146.5	-0.009723
146.6	0.002674
146.7	0.009723
146.8	0.026737
146.9	0.014584
147.0	0.002188
147.1	-0.001215
147.2	0.009479
147.3	0.011667
147.4	0.010209
147.5	0.015313
147.6	0.015313
147.7	0.004132
147.8	0.015313
147.9	0.014827
148.0	0.023577
148.1	0.015556
148.2	-0.002674
148.3	0.013368
148.4	0.00316
148.5	-0.009966
148.6	-0.005104
148.7	0.008993
148.8	0.001701
148.9	0.00875
149.0	0.009236
149.1	0.001945
149.2	-0.004861
149.3	0.002188
149.4	-0.004132
149.5	-0.001215
149.6	-0.009479
149.7	-0.014584
149.8	-0.024063
149.9	-0.01191
150.0	0.002188
150.1	-0.016042
150.2	0.012882
150.3	0.009236
150.4	-0.000729
150.5	-0.017014
150.6	-0.026494
150.7	-0.011424
150.8	-0.02382
150.9	-0.015556
151.0	-0.002674
151.1	-0.018959
151.2	-0.019931
151.3	-0.017257
151.4	-0.004861
151.5	-0.003403
151.6	0.005834
151.7	-0.003646
151.8	-0.002917
151.9	0.008507
152.0	0.004375
152.1	0.008021
152.2	0.001458
152.3	0.009236
152.4	0.02139
152.5	-0.002917
152.6	-0.000486
152.7	0.013612
152.8	0.011667
152.9	0.024549
153.0	0.028195
153.1	0.022848
153.2	0.008021
153.3	0.002674
153.4	0.005347
153.5	-0.007292
153.6	0.002431
153.7	-0.009966
153.8	-0.000729
153.9	-0.01823
154.0	-0.01191
154.1	-0.021876
154.2	-0.024549
154.3	-0.011667
154.4	-0.001215
154.5	-0.009236
154.6	0.018959
154.7	-0.005104
154.8	-0.013612
154.9	-0.001701
155.0	0.008021
155.1	-0.004618
155.2	-0.004132
155.3	-0.015799
155.4	-0.00632
155.5	-0.002674
155.6	-0.005347

&

0.1	-0.000243
0.2	-0.001945
0.3	0.004132
0.4	0.006563
0.5	0.010695
0.6	0.00559
0.7	0.012153
0.8	0.00316
0.9	0.006806
1.0	0.009966
1.1	0.000972
1.2	-0.001458
1.3	0.004132
1.4	0.014098
1.5	0.009723
1.6	0.002917
1.7	0.000243
1.8	0.00316
1.9	0.007778
2.0	0.002188
2.1	0.002431
2.2	-0.005834
2.3	0.001945
2.4	-0.000729
2.5	0.009966
2.6	0.014341
2.7	0.005104
2.8	0.009479
2.9	0.009966
3.0	0.018959
3.1	0.004132
3.2	0.002917
3.3	0.009723
3.4	0.020417
3.5	0.010452
3.6	0.004375
3.7	0.000729
3.8	0.00632
3.9	0.005347
4.0	0.004861
4.1	0.000972
4.2	-0.004375
4.3	-0.006563
4.4	0.005834
4.5	0.010695
4.6	0.009236
4.7	0.00559
4.8	0.002431
4.9	-0.000972
5.0	0.014584
5.1	0.001945
5.2	0.000729
5.3	-0.010695
5.4	-0.00632
5.5	-0.001701
5.6	0.010695
5.7	-0.002917
5.8	-0.005834
5.9	-0.007292
6.0	-0.007535
6.1	-0.017501
6.2	-0.019202
6.3	-0.015556
6.4	-0.021147
6.5	0.001215
6.6	0.017257
6.7	0.019688
6.8	0.004861
6.9	0.002917
7.0	-0.002674
7.1	-0.000729
7.2	-0.000486
7.3	0.008021
7.4	0.004618
7.5	-0.005104
7.6	-0.000972
7.7	0.0
7.8	-0.009966
7.9	-0.008507
8.0	-0.004861
8.1	-0.001458
8.2	0.000243
8.3	-0.00632
8.4	-0.01191
8.5	-0.005104
8.6	-0.008993
8.7	0.006077
8.8	0.010209
8.9	0.012153
9.0	0.007778
9.1	0.005834
9.2	0.020903
9.3	0.007778
9.4	0.007292
9.5	0.011667
9.6	0.016285
9.7	-0.004618
9.8	-0.017501
9.9	-0.025036
10.0	-0.020417
10.1	-0.040592
10.2	-0.017257
10.3	-0.013125
10.4	-0.005104
10.5	0.003889
10.6	0.00875
10.7	0.014341
10.8	0.002188
10.9	0.00875
11.0	0.007535
11.1	0.030626
11.2	0.02382
11.3	0.003646
11.4	0.010695
11.5	0.012639
11.6	-0.002674
11.7	0.003889
11.8	0.017987
11.9	0.022848
12.0	0.02698
12.1	0.031355
12.2	0.013368
12.3	0.0
12.4	0.000486
12.5	0.007049
12.6	-0.004375
12.7	-0.016771
12.8	-0.025522
12.9	-0.02382
13.0	-0.008021
13.1	-0.006077
13.2	0.006806
13.3	-0.022119
13.4	-0.016042
13.5	-0.012396
13.6	-0.018473
13.7	-0.014341
13.8	-0.007778
13.9	-0.015799
14.0	-0.001458
14.1	-0.006563
14.2	-0.014341
14.3	-0.028925
14.4	-0.03014
14.5	-0.029897
14.6	-0.018716
14.7	-0.003646
14.8	-0.013612
14.9	-0.011667
15.0	-0.013612
15.1	-0.007292
15.2	0.008021
15.3	0.02066
15.4	0.020903
15.5	0.033786
15.6	0.00875
15.7	0.008021
15.8	0.031355
15.9	0.017744
16.0	0.017014
16.1	-0.000729
16.2	0.007778
16.3	0.008264
16.4	0.002674
16.5	0.008264
16.6	0.010209
16.7	-0.008993
16.8	0.005834
16.9	0.021876
17.0	-0.001701
17.1	0.001215
17.2	0.00316
17.3	0.001701
17.4	0.000243
17.5	-0.005104
17.6	-0.004132
17.7	0.0
17.8	-0.001945
17.9	-0.005347
18.0	-0.021633
18.1	0.021633
18.2	-0.009723
18.3	-0.012882
18.4	0.004618
18.5	-0.009723
18.6	0.002674
18.7	-0.015313
18.8	-0.022119
18.9	-0.013855
19.0	-0.007535
19.1	-0.010695
19.2	-0.010938
19.3	-0.022605
19.4	-0.00632
19.5	-0.014584
19.6	-0.015556
19.7	-0.019445
19.8	-0.013612
19.9	-0.010209
20.0	-0.005347
20.1	-0.016771
20.2	-0.010938
20.3	-0.007535
20.4	-0.012882
20.5	-0.023334
20.6	-0.008264
20.7	-0.013612
20.8	0.002188
20.9	0.00875
21.0	0.006563
21.1	0.012882
21.2	0.014827
21.3	0.01823
21.4	0.019445
21.5	0.018473
21.6	-0.002431
21.7	0.010452
21.8	0.009479
21.9	0.018959
22.0	0.00316
22.1	0.017501
22.2	-0.006806
22.3	0.005104
22.4	-0.006563
22.5	-0.002917
22.6	0.013855
22.7	0.022119
22.8	0.015556
22.9	0.009966
23.0	0.031841
23.1	0.027466
23.2	0.025765
23.3	0.030383
23.4	0.02066
23.5	0.006806
23.6	0.005347
23.7	0.012882
23.8	0.011424
23.9	0.022119
24.0	0.038161
24.1	0.025765
24.2	-0.001215
24.3	-0.002431
24.4	-0.017257
24.5	-0.010452
24.6	-0.00559
24.7	0.009479
24.8	-0.007778
24.9	-0.014341
25.0	0.023091
25.1	0.037189
25.2	0.047397
25.3	0.042293
25.4	0.029897
25.5	0.016042
25.6	0.005347
25.7	0.006806
25.8	-0.011424
25.9	-0.020417
26.0	-0.017744
26.1	-0.002188
26.2	0.001945
26.3	0.016771
26.4	0.009479
26.5	0.009479
26.6	0.011181
26.7	0.01823
26.8	0.019688
26.9	0.010452
27.0	0.009723
27.1	-0.000729
27.2	-0.002188
27.3	-0.006077
27.4	0.015313
27.5	0.001458
27.6	-0.003403
27.7	0.007292
27.8	0.008264
27.9	-0.008993
28.0	-0.009479
28.1	-0.019202
28.2	-0.010695
28.3	-0.025279
28.4	-0.019688
28.5	-0.014098
28.6	-0.019931
28.7	-0.013855
28.8	-0.013368
28.9	0.002917
29.0	-0.005347
29.1	-0.011667
29.2	-0.008993
29.3	-0.011424
29.4	-0.005104
29.5	-0.006806
29.6	0.00875
29.7	0.00316
29.8	0.001701
29.9	-0.00875
30.0	-0.003889
30.1	0.00875
30.2	0.012153
30.3	-0.010695
30.4	-0.017014
30.5	-0.023577
30.6	-0.021633
30.7	-0.015799
30.8	-0.018473
30.9	-0.008507
31.0	-0.007778
31.1	0.017014
31.2	0.01507
31.3	0.014827
31.4	0.010452
31.5	0.028438
31.6	0.015556
31.7	0.008264
31.8	0.003646
31.9	-0.00632
32.0	-0.020417
32.1	-0.013125
32.2	0.001945
32.3	0.002431
32.4	0.005104
32.5	0.01191
32.6	-0.018959
32.7	-0.025765
32.8	-0.019445
32.9	-0.035001
33.0	-0.035001
33.1	-0.013368
33.2	-0.017744
33.3	-0.013612
33.4	-0.000972
33.5	-0.015799
33.6	-0.010938
33.7	-0.025522
33.8	-0.034272
33.9	-0.032084
34.0	-0.013368
34.1	-0.021147
34.2	-0.010452
34.3	0.000729
34.4	-0.006077
34.5	0.001215
34.6	0.003889
34.7	0.011424
34.8	0.012882
34.9	0.018959
35.0	0.028195
35.1	0.009723
35.2	0.004132
35.3	0.007535
35.4	0.01823
35.5	0.019202
35.6	0.011181
35.7	-0.005347
35.8	0.002674
35.9	0.017987
36.0	0.007292
36.1	0.026737
36.2	0.000729
36.3	0.019202
36.4	-0.000243
36.5	-0.007778
36.6	-0.015556
36.7	-0.003646
36.8	-0.012882
36.9	-0.026008
37.0	0.007292
37.1	-0.000243
37.2	-0.007778
37.3	-0.01507
37.4	-0.011181
37.5	-0.013855
37.6	-0.00559
37.7	0.00559
37.8	-0.012153
37.9	-0.019202
38.0	0.008021
38.1	0.000243
38.2	0.005347
38.3	0.012153
38.4	-0.001215
38.5	0.012153
38.6	0.004132
38.7	-0.01191
38.8	-0.023577
38.9	-0.016771
39.0	-0.014827
39.1	-0.001701
39.2	0.001945
39.3	-0.003889
39.4	-0.010695
39.5	-0.01823
39.6	-0.00875
39.7	-0.007292
39.8	-0.000972
39.9	-0.007535
40.0	-0.001945
40.1	-0.022848
40.2	0.003646
40.3	0.012153
40.4	0.010938
40.5	0.012882
40.6	0.012639
40.7	0.004375
40.8	-0.008993
40.9	-0.011181
41.0	-0.002188
41.1	0.012396
41.2	0.01191
41.3	0.031598
41.4	0.035973
41.5	0.017501
41.6	0.00559
41.7	0.009966
41.8	0.004375
41.9	0.010209
42.0	0.007535
42.1	0.014827
42.2	0.011667
42.3	0.003646
42.4	0.001701
42.5	-0.012396
42.6	-0.011424
42.7	-0.010938
42.8	-0.008021
42.9	0.011181
43.0	0.009723
43.1	0.00875
43.2	0.012882
43.3	0.00875
43.4	-0.012639
43.5	0.000486
43.6	0.006077
43.7	0.006563
43.8	-0.009723
43.9	-0.012639
44.0	-0.019445
44.1	-0.006077
44.2	-0.001458
44.3	-0.000243
44.4	-0.007535
44.5	-0.017257
44.6	-0.02066
44.7	-0.008993
44.8	-0.004132
44.9	0.003403
45.0	-0.007049
45.1	-0.010938
45.2	-0.009479
45.3	0.001215
45.4	-0.010695
45.5	0.003646
45.6	-0.007778
45.7	0.002188
45.8	-0.004132
45.9	-0.024792
46.0	-0.010938
46.1	-0.006563
46.2	0.000729
46.3	0.010695
46.4	-0.011424
46.5	-0.024063
46.6	-0.018716
46.7	-0.005104
46.8	0.019202
46.9	0.02139
47.0	0.010695
47.1	-0.010209
47.2	-0.004861
47.3	-0.015556
47.4	-0.014098
47.5	-0.014584
47.6	0.000243
47.7	-0.021876
47.8	-0.016042
47.9	-0.014827
48.0	-0.016771
48.1	0.002188
48.2	0.007778
48.3	0.0
48.4	-0.001945
48.5	-0.017744
48.6	-0.017501
48.7	-0.016285
48.8	-0.022362
48.9	-0.012882
49.0	-0.003889
49.1	-0.001215
49.2	0.002917
49.3	0.004618
49.4	0.01507
49.5	0.019202
49.6	0.007535
49.7	0.025522
49.8	0.039133
49.9	0.028925
50.0	0.029168
50.1	0.029168
50.2	0.025036
50.3	0.010938
50.4	0.004375
50.5	0.010209
50.6	0.002431
50.7	0.028438
50.8	0.020174
50.9	0.036216
51.0	0.041078
51.1	0.020903
51.2	0.007049
51.3	0.015313
51.4	0.020903
51.5	0.006806
51.6	0.005347
51.7	0.025279
51.8	0.001215
51.9	0.012153
52.0	0.010209
52.1	-0.002674
52.2	-0.001945
52.3	0.001701
52.4	0.002674
52.5	-0.005347
52.6	-0.010452
52.7	-0.019931
52.8	-0.027466
52.9	-0.013612
53.0	0.018716
53.1	0.035973
53.2	0.02698
53.3	0.012882
53.4	0.032327
53.5	0.023091
53.6	0.015313
53.7	0.002917
53.8	-0.000486
53.9	0.005834
54.0	0.010452
54.1	0.006077
54.2	0.011424
54.3	0.008264
54.4	0.02382
54.5	0.004861
54.6	0.004132
54.7	0.000972
54.8	-0.002674
54.9	-0.002917
55.0	-0.003403
55.1	0.014098
55.2	0.00559
55.3	-0.015313
55.4	-0.025522
55.5	-0.024063
55.6	-0.026251
55.7	-0.009723
55.8	-0.013125
55.9	-0.020417
56.0	-0.001701
56.1	0.012396
56.2	-0.017014
56.3	-0.016771
56.4	-0.006806
56.5	-0.014098
56.6	-0.022605
56.7	-0.009723
56.8	-0.016042
56.9	0.007292
57.0	0.008021
57.1	-0.006077
57.2	-0.004132
57.3	-0.004132
57.4	0.0
57.5	0.013125
57.6	-0.004861
57.7	-0.007778
57.8	-0.016042
57.9	0.002431
58.0	0.014341
58.1	0.018959
58.2	0.022362
58.3	0.019931
58.4	0.017257
58.5	0.005104
58.6	0.001458
58.7	0.014584
58.8	0.017987
58.9	0.019931
59.0	0.016771
59.1	0.005834
59.2	0.009966
59.3	0.010209
59.4	0.00316
59.5	0.00559
59.6	0.003403
59.7	0.004375
59.8	-0.016285
59.9	-0.018959
60.0	-0.009966
60.1	-0.004132
60.2	-0.010209
60.3	-0.011424
60.4	-0.006563
60.5	-0.002917
60.6	0.019931
60.7	0.024549
60.8	0.019931
60.9	0.001215
61.0	0.000729
61.1	-0.00875
61.2	-0.021633
61.3	-0.017257
61.4	0.007049
61.5	0.014827
61.6	0.019445
61.7	0.030626
61.8	0.002431
61.9	0.002431
62.0	-0.005347
62.1	-0.016771
62.2	-0.006563
62.3	-0.012396
62.4	-0.003646
62.5	-0.000243
62.6	-0.002917
62.7	0.016771
62.8	0.014827
62.9	0.009723
63.0	0.002188
63.1	-0.002188
63.2	0.003889
63.3	0.00316
63.4	-0.011667
63.5	-0.018716
63.6	-0.023577
63.7	-0.031112
63.8	-0.013125
63.9	-0.011424
64.0	-0.017257
64.1	-0.001945
64.2	0.007778
64.3	0.003889
64.4	0.000486
64.5	-0.012396
64.6	-0.015799
64.7	-0.023334
64.8	-0.019931
64.9	-0.006077
65.0	0.009966
65.1	0.009723
65.2	0.012882
65.3	0.012882
65.4	-0.004375
65.5	-0.011181
65.6	0.001458
65.7	0.00875
65.8	0.027223
65.9	0.021876
66.0	0.004375
66.1	0.004375
66.2	-0.004375
66.3	-0.006563
66.4	0.012882
66.5	0.021147
66.6	0.019445
66.7	0.018959
66.8	0.018716
66.9	0.012396
67.0	-0.000486
67.1	-0.000486
67.2	0.011424
67.3	-0.002674
67.4	-0.012153
67.5	-0.00875
67.6	0.001701
67.7	-0.005834
67.8	0.013125
67.9	-0.014584
68.0	-0.013612
68.1	0.006563
68.2	0.003889
68.3	-0.009479
68.4	-0.010452
68.5	-0.019445
68.6	-0.032084
68.7	-0.024063
68.8	-0.020417
68.9	-0.004375
69.0	0.001458
69.1	0.003646
69.2	0.004375
69.3	0.010209
69.4	0.001458
69.5	0.006806
69.6	0.017257
69.7	0.006077
69.8	0.00632
69.9	-0.004132
70.0	0.011181
70.1	0.00316
70.2	0.012882
70.3	-0.001945
70.4	-0.009236
70.5	-0.007778
70.6	0.004375
70.7	0.010695
70.8	0.006563
70.9	0.00875
71.0	0.021876
71.1	0.026251
71.2	0.034029
71.3	0.004618
71.4	0.005834
71.5	-0.004861
71.6	0.008993
71.7	0.025522
71.8	-0.002674
71.9	-0.009966
72.0	-0.003646
72.1	-0.000486
72.2	-0.007292
72.3	-0.004375
72.4	-0.003403
72.5	-0.004132
72.6	-0.012153
72.7	-0.009966
72.8	-0.021147
72.9	-0.036459
73.0	-0.012639
73.1	-0.00632
73.2	-0.015313
73.3	-0.011181
73.4	-0.00316
73.5	-0.008993
73.6	-0.008264
73.7	-0.020417
73.8	-0.017501
73.9	-0.028438
74.0	0.024549
74.1	0.028195
74.2	0.022605
74.3	0.007535
74.4	0.010209
74.5	-0.007049
74.6	-0.002917
74.7	-0.010452
74.8	-0.017744
74.9	-0.013368
75.0	-0.026008
75.1	-0.011667
75.2	-0.020174
75.3	-0.006077
75.4	0.025279
75.5	0.018473
75.6	-0.011667
75.7	-0.002674
75.8	0.010695
75.9	-0.001945
76.0	0.00316
76.1	0.0
76.2	-0.016042
76.3	-0.027952
76.4	0.001701
76.5	0.011667
76.6	-0.000243
76.7	0.004861
76.8	-0.004861
76.9	-0.008021
77.0	-0.004132
77.1	-0.002917
77.2	0.000729
77.3	-0.001701
77.4	0.001215
77.5	0.011181
77.6	0.010209
77.7	0.008021
77.8	0.006563
77.9	-0.005834
78.0	0.002188
78.1	-0.00559
78.2	0.00875
78.3	-0.000486
78.4	-0.022119
78.5	-0.026008
78.6	-0.016042
78.7	-0.017014
78.8	-0.025765
78.9	-0.02066
79.0	-0.016042
79.1	-0.02139
79.2	-0.017014
79.3	0.005347
79.4	0.002674
79.5	-0.014098
79.6	-0.023577
79.7	-0.026737
79.8	-0.005104
79.9	-0.006806
80.0	-0.002917
80.1	0.020417
80.2	0.010695
80.3	0.014341
80.4	0.029897
80.5	0.024306
80.6	0.008507
80.7	0.009236
80.8	0.002917
80.9	0.003889
81.0	0.000486
81.1	0.006563
81.2	0.013612
81.3	0.021147
81.4	0.01823
81.5	0.008021
81.6	0.005104
81.7	-0.010938
81.8	0.001945
81.9	-0.007292
82.0	-0.014341
82.1	-0.008507
82.2	0.006563
82.3	0.011667
82.4	0.019445
82.5	0.018716
82.6	0.00875
82.7	0.014584
82.8	0.014341
82.9	0.010209
83.0	0.005834
83.1	-0.000486
83.2	0.002431
83.3	0.025036
83.4	0.021876
83.5	0.01507
83.6	0.001945
83.7	0.009966
83.8	0.026008
83.9	0.008993
84.0	0.005104
84.1	0.00316
84.2	-0.00875
84.3	-0.024306
84.4	-0.014098
84.5	-0.025765
84.6	-0.022605
84.7	-0.022605
84.8	-0.026737
84.9	-0.010209
85.0	-0.008264
85.1	-0.015556
85.2	-0.017987
85.3	-0.031841
85.4	-0.036216
85.5	-0.00559
85.6	0.009479
85.7	0.006563
85.8	0.013855
85.9	0.010452
86.0	0.026737
86.1	0.022119
86.2	0.001945
86.3	0.000729
86.4	0.008264
86.5	0.017501
86.6	0.003646
86.7	0.002431
86.8	-0.009479
86.9	-0.011424
87.0	-0.010938
87.1	-0.018473
87.2	-0.016771
87.3	-0.007778
87.4	0.000729
87.5	0.011424
87.6	0.011424
87.7	0.021876
87.8	0.018959
87.9	-0.000972
88.0	0.000486
88.1	0.000972
88.2	-0.001215
88.3	-0.008507
88.4	-0.004375
88.5	0.009966
88.6	0.000243
88.7	-0.015313
88.8	-0.007535
88.9	-0.015799
89.0	-0.022605
89.1	-0.019445
89.2	0.004375
89.3	0.013612
89.4	0.014341
89.5	0.011667
89.6	0.00316
89.7	-0.015556
89.8	0.024549
89.9	0.02139
90.0	0.017257
90.1	0.022848
90.2	0.024549
90.3	0.034029
90.4	0.01823
90.5	0.004618
90.6	0.007049
90.7	0.011667
90.8	0.000729
90.9	0.007535
91.0	0.001945
91.1	0.008993
91.2	0.00316
91.3	-0.008264
91.4	0.007778
91.5	0.005834
91.6	0.020174
91.7	-0.005104
91.8	-0.002431
91.9	-0.00559
92.0	0.0
92.1	0.017257
92.2	0.002188
92.3	-0.007535
92.4	-0.004132
92.5	0.008507
92.6	0.001458
92.7	0.008507
92.8	-0.002674
92.9	0.011667
93.0	0.007049
93.1	-0.001215
93.2	0.002917
93.3	0.008264
93.4	-0.002188
93.5	-0.015799
93.6	-0.028681
93.7	-0.039133
93.8	-0.020174
93.9	-0.00875
94.0	0.017744
94.1	0.003403
94.2	-0.018959
94.3	-0.006077
94.4	0.009479
94.5	0.023577
94.6	0.019931
94.7	0.012153
94.8	0.015313
94.9	0.011424
95.0	-0.005347
95.1	0.0
95.2	0.002917
95.3	0.007535
95.4	0.01191
95.5	0.016285
95.6	0.027466
95.7	0.019202
95.8	0.038161
95.9	0.022362
96.0	0.019445
96.1	0.021147
96.2	0.019688
96.3	0.014584
96.4	0.003403
96.5	0.020174
96.6	0.025279
96.7	-0.002431
96.8	-0.007778
96.9	-0.007292
97.0	-0.005347
97.1	-0.012153
97.2	-0.017257
97.3	-0.027709
97.4	-0.028681
97.5	-0.035973
97.6	-0.020174
97.7	-0.010695
97.8	0.000729
97.9	0.008993
98.0	-0.001215
98.1	-0.005347
98.2	-0.013368
98.3	-0.004861
98.4	-0.008264
98.5	-0.00632
98.6	0.001458
98.7	-0.007778
98.8	-0.008507
98.9	-0.000486
99.0	0.029411
99.1	0.041078
99.2	0.00632
99.3	-0.004132
99.4	0.00632
99.5	-0.012639
99.6	-0.029897
99.7	-0.021147
99.8	0.000243
99.9	0.000243
100.0	-0.008021
100.1	-0.010695
100.2	-0.014584
100.3	-0.004861
100.4	0.002674
100.5	-0.00875
100.6	-0.012396
100.7	-0.008507
100.8	-0.012153
100.9	-0.025765
101.0	-0.024792
101.1	-0.023091
101.2	-0.004618
101.3	-0.000486
101.4	0.005834
101.5	0.008021
101.6	-0.001945
101.7	-0.007535
101.8	0.003646
101.9	-0.002188
102.0	0.001458
102.1	0.000486
102.2	-0.002431
102.3	-0.002431
102.4	-0.001945
102.5	0.005347
102.6	0.012639
102.7	0.01507
102.8	0.016528
102.9	0.00875
103.0	-0.025279
103.1	-0.026494
103.2	-0.022605
103.3	-0.017744
103.4	-0.00316
103.5	-0.010209
103.6	-0.003646
103.7	0.011424
103.8	0.001458
103.9	-0.014341
104.0	0.004375
104.1	0.002674
104.2	0.003889
104.3	-0.012153
104.4	-0.005104
104.5	-0.017257
104.6	-0.01507
104.7	-0.020417
104.8	-0.014584
104.9	-0.02382
105.0	-0.024063
105.1	-0.016285
105.2	-0.023334
105.3	-0.031355
105.4	-0.024792
105.5	-0.03257
105.6	-0.024792
105.7	-0.016042
105.8	-0.031598
105.9	0.009479
106.0	0.025279
106.1	-0.000729
106.2	-0.004618
106.3	-0.007292
106.4	-0.013612
106.5	-0.032814
106.6	-0.034272
106.7	-0.015313
106.8	-0.025036
106.9	-0.013855
107.0	-0.019202
107.1	-0.026008
107.2	-0.025036
107.3	-0.027952
107.4	-0.034515
107.5	-0.025522
107.6	-0.02382
107.7	-0.013125
107.8	-0.014341
107.9	-0.004375
108.0	-0.011181
108.1	0.007535
108.2	-0.005104
108.3	-0.007049
108.4	0.024306
108.5	0.01191
108.6	0.013855
108.7	0.014827
108.8	0.01191
108.9	0.037189
109.0	0.047883
109.1	0.046911
109.2	0.036459
109.3	0.040592
109.4	0.031841
109.5	0.026251
109.6	0.017987
109.7	-0.007535
109.8	-0.014584
109.9	-0.007535
110.0	-0.018473
110.1	0.003403
110.2	-0.015556
110.3	0.003889
110.4	-0.023091
110.5	-0.042293
110.6	-0.031355
110.7	-0.022848
110.8	-0.020903
110.9	0.005834
111.0	-0.001701
111.1	0.013368
111.2	0.002917
111.3	0.001701
111.4	0.001458
111.5	-0.000972
111.6	0.0
111.7	-0.008993
111.8	-0.007535
111.9	-0.017744
112.0	-0.004618
112.1	0.005834
112.2	-0.008264
112.3	-0.014098
112.4	-0.016771
112.5	-0.019931
112.6	-0.014098
112.7	0.008507
112.8	0.006077
112.9	0.009723
113.0	-0.001701
113.1	0.007535
113.2	-0.006806
113.3	0.000486
113.4	-0.001701
113.5	0.002917
113.6	0.011667
113.7	0.010695
113.8	0.004618
113.9	0.013368
114.0	0.01507
114.1	0.0
114.2	0.00316
114.3	0.014584
114.4	0.001945
114.5	0.006077
114.6	-0.002431
114.7	-0.00316
114.8	-0.015556
114.9	-0.018959
115.0	-0.041564
115.1	-0.025522
115.2	-0.014584
115.3	-0.012639
115.4	-0.005834
115.5	-0.016771
115.6	-0.009966
115.7	-0.001701
115.8	0.009479
115.9	0.00632
116.0	0.008507
116.1	0.005834
116.2	-0.00559
116.3	0.006563
116.4	0.003889
116.5	0.009236
116.6	-0.014584
116.7	-0.008993
116.8	-0.008507
116.9	-0.011181
117.0	0.006077
117.1	0.010938
117.2	0.009479
117.3	0.021633
117.4	0.007535
117.5	0.001215
117.6	0.003403
117.7	-0.01191
117.8	-0.003403
117.9	-0.014827
118.0	-0.021876
118.1	-0.022362
118.2	-0.031112
118.3	-0.033057
118.4	-0.022362
118.5	-0.015556
118.6	-0.02382
118.7	-0.02066
118.8	-0.002674
118.9	-0.008507
119.0	-0.013612
119.1	-0.013855
119.2	-0.016042
119.3	0.000729
119.4	0.000972
119.5	0.004375
119.6	-0.009966
119.7	-0.01823
119.8	-0.019445
119.9	-0.009723
120.0	-0.018959
120.1	-0.005347
120.2	-0.010452
120.3	-0.017014
120.4	-0.007535
120.5	-0.002188
120.6	-0.006806
120.7	0.007778
120.8	-0.00316
120.9	-0.001701
121.0	0.002674
121.1	0.010452
121.2	-0.017744
121.3	0.008993
121.4	0.023577
121.5	0.019931
121.6	0.005104
121.7	-0.00632
121.8	-0.000243
121.9	0.0
122.0	0.00559
122.1	0.014098
122.2	0.008021
122.3	-0.000486
122.4	0.001945
122.5	0.007049
122.6	0.005104
122.7	-0.002674
122.8	-0.010938
122.9	-0.001701
123.0	0.012396
123.1	0.013125
123.2	0.013368
123.3	0.01191
123.4	0.013612
123.5	0.006077
123.6	0.008264
123.7	0.020903
123.8	0.019202
123.9	-0.002917
124.0	0.008264
124.1	0.005104
124.2	0.023577
124.3	0.025522
124.4	0.02698
124.5	0.009479
124.6	0.018716
124.7	-0.009236
124.8	0.004375
124.9	0.005834
125.0	0.013368
125.1	0.005834
125.2	0.009236
125.3	0.008993
125.4	0.016528
125.5	0.005834
125.6	0.008507
125.7	0.011424
125.8	0.003403
125.9	-0.006806
126.0	-0.009479
126.1	-0.01507
126.2	-0.017257
126.3	-0.024549
126.4	-0.021147
126.5	-0.014827
126.6	0.002917
126.7	-0.003403
126.8	-0.022848
126.9	-0.016285
127.0	-0.000243
127.1	-0.017501
127.2	-0.001945
127.3	-0.004375
127.4	0.001701
127.5	-0.01507
127.6	-0.006806
127.7	-0.007292
127.8	-0.016771
127.9	-0.014341
128.0	-0.006563
128.1	0.006806
128.2	-0.003889
128.3	-0.010695
128.4	-0.01191
128.5	-0.023334
128.6	-0.012882
128.7	-0.000729
128.8	-0.002674
128.9	0.000243
129.0	0.011181
129.1	0.004132
129.2	0.003889
129.3	0.011181
129.4	-0.007292
129.5	0.004861
129.6	0.021876
129.7	0.033786
129.8	0.030383
129.9	0.017744
130.0	0.010695
130.1	0.008507
130.2	0.011667
130.3	0.008993
130.4	0.020417
130.5	0.004861
130.6	0.003403
130.7	0.017501
130.8	0.01823
130.9	0.015313
131.0	0.013612
131.1	0.011424
131.2	0.02698
131.3	0.028681
131.4	0.004375
131.5	-0.005834
131.6	-0.031841
131.7	-0.021633
131.8	-0.023577
131.9	-0.011424
132.0	0.000729
132.1	-0.009723
132.2	-0.008021
132.3	0.029897
132.4	0.031112
132.5	0.024306
132.6	0.007778
132.7	0.00559
132.8	0.0
132.9	0.007778
133.0	0.012882
133.1	0.009479
133.2	-0.003646
133.3	0.018473
133.4	0.012882
133.5	0.011424
133.6	0.015556
133.7	0.028681
133.8	0.01191
133.9	0.007292
134.0	0.007778
134.1	0.007292
134.2	0.000243
134.3	0.000972
134.4	0.010209
134.5	0.016042
134.6	-0.017257
134.7	-0.021633
134.8	-0.014098
134.9	-0.008021
135.0	0.008264
135.1	-0.016528
135.2	-0.007535
135.3	-0.006563
135.4	-0.007292
135.5	-0.000729
135.6	0.001701
135.7	0.004132
135.8	-0.014341
135.9	-0.003403
136.0	0.004375
136.1	-0.008993
136.2	-0.017501
136.3	-0.00875
136.4	0.003646
136.5	-0.001701
136.6	-0.009479
136.7	0.0
136.8	-0.014098
136.9	0.010452
137.0	0.00316
137.1	0.011181
137.2	0.00875
137.3	0.010695
137.4	0.001945
137.5	0.007778
137.6	-0.00316
137.7	0.00632
137.8	-0.010209
137.9	-0.017014
138.0	-0.019445
138.1	-0.014341
138.2	-0.001215
138.3	-0.002674
138.4	-0.003646
138.5	0.008021
138.6	0.016771
138.7	0.001945
138.8	0.019688
138.9	0.008264
139.0	0.02698
139.1	0.01823
139.2	0.011181
139.3	-0.005834
139.4	-0.011667
139.5	0.004618
139.6	-0.001215
139.7	0.017744
139.8	0.001215
139.9	0.00316
140.0	0.01191
140.1	-0.000972
140.2	-0.010695
140.3	-0.007049
140.4	-0.017744
140.5	-0.019445
140.6	0.001215
140.7	-0.011181
140.8	-0.017501
140.9	-0.005104
141.0	-0.032084
141.1	-0.023334
141.2	-0.004618
141.3	0.017744
141.4	-0.006563
141.5	-0.010209
141.6	0.000243
141.7	0.001215
141.8	-0.013855
141.9	-0.008993
142.0	0.01191
142.1	0.013368
142.2	0.014098
142.3	-0.004618
142.4	-0.001215
142.5	-0.00316
142.6	0.007778
142.7	0.01191
142.8	0.008264
142.9	0.008021
143.0	-0.008993
143.1	-0.003646
143.2	-0.007292
143.3	-0.016285
143.4	-0.004861
143.5	-0.010452
143.6	0.008993
143.7	0.008021
143.8	0.006563
143.9	0.012639
144.0	-0.00316
144.1	-0.001458
144.2	0.011424
144.3	0.001701
144.4	-0.000486
144.5	-0.00875
144.6	-0.009966
144.7	-0.003646
144.8	-0.024549
144.9	-0.031112
145.0	-0.037918
145.1	-0.023334
145.2	-0.004132
145.3	0.009479
145.4	-0.002674
145.5	-0.009479
145.6	-0.012153
145.7	-0.01191
145.8	0.004861
145.9	-0.005104
146.0	-0.00875
146.1	-0.007778
146.2	0.004618
146.3	-0.010452
146.4	-0.002674
146.5	-0.001215
146.6	-0.001215
146.7	0.005347
146.8	0.00875
146.9	0.02066
147.0	0.00632
147.1	0.009723
147.2	0.009479
147.3	0.01507
147.4	0.020174
147.5	0.029168
147.6	0.020417
147.7	0.004618
147.8	0.006806
147.9	-0.002917
148.0	-0.001701
148.1	-0.006563
148.2	-0.003403
148.3	-0.017744
148.4	-0.01507
148.5	0.010938
148.6	0.002674
148.7	-0.011424
148.8	-0.012882
148.9	-0.02698
149.0	-0.017257
149.1	-0.021876
149.2	-0.036703
149.3	-0.026008
149.4	-0.022848
149.5	-0.023091
149.6	-0.006563
149.7	-0.009723
149.8	-0.001458
149.9	0.002431
150.0	-0.01823
150.1	-0.024063
150.2	-0.01507
150.3	-0.003646
150.4	-0.007778
150.5	-0.009723
150.6	-0.005834
150.7	-0.000972
150.8	-0.008507
150.9	-0.009723
151.0	-0.015799
151.1	0.004618
151.2	-0.006563
151.3	-0.011181
151.4	-0.016042
151.5	-0.034515
151.6	-0.02382
151.7	-0.009479
151.8	0.000729
151.9	0.006077
152.0	0.016528
152.1	0.006806
152.2	-0.004375
152.3	-0.003889
152.4	0.004618
152.5	0.002188
152.6	0.001701
152.7	-0.016285
152.8	0.01191
152.9	0.031112
153.0	0.013368
153.1	0.013855
153.2	-0.000486
153.3	-0.009723
153.4	-0.001701
153.5	0.018473
153.6	0.015313
153.7	0.024549
153.8	0.029654
153.9	0.017014
154.0	0.003646
154.1	0.000243
154.2	-0.011667
154.3	-0.018959
154.4	-0.016771
154.5	0.001458
154.6	0.009236
154.7	0.00559
154.8	0.016285
154.9	-0.008507
155.0	-0.011424
155.1	-0.012396
155.2	0.00875
155.3	-0.003889
155.4	0.0
155.5	0.020174
155.6	0.015313

&

0.1	0.0005
0.2	0.000465
0.3	0.000663
0.4	0.000873
0.5	0.000908
0.6	0.000884
0.7	0.001454
0.8	0.001431
0.9	0.001408
1.0	0.001408
1.1	0.001571
1.2	0.001699
1.3	0.001571
1.4	0.001908
1.5	0.001885
1.6	0.002222
1.7	0.002281
1.8	0.002397
1.9	0.002525
2.0	0.002455
2.1	0.002618
2.2	0.003002
2.3	0.003188
2.4	0.003246
2.5	0.003456
2.6	0.003467
2.7	0.003735
2.8	0.003584
2.9	0.003642
3.0	0.003979
3.1	0.003991
3.2	0.004142
3.3	0.004561
3.4	0.004782
3.5	0.004491
3.6	0.004538
3.7	0.004643
3.8	0.004712
3.9	0.004689
4.0	0.004677
4.1	0.004398
4.2	0.004643
4.3	0.004771
4.4	0.005131
4.5	0.005329
4.6	0.005806
4.7	0.006085
4.8	0.005946
4.9	0.006085
5.0	0.006365
5.1	0.006458
5.2	0.006551
5.3	0.0064
5.4	0.006574
5.5	0.006213
5.6	0.006016
5.7	0.006353
5.8	0.006609
5.9	0.00669
6.0	0.006749
6.1	0.006749
6.2	0.007039
6.3	0.006516
6.4	0.006655
6.5	0.007435
6.6	0.007412
6.7	0.007575
6.8	0.007551
6.9	0.008098
7.0	0.007528
7.1	0.00761
7.2	0.007831
7.3	0.007575
7.4	0.007738
7.5	0.007877
7.6	0.008389
7.7	0.00861
7.8	0.008331
7.9	0.008156
8.0	0.007319
8.1	0.007202
8.2	0.007272
8.3	0.007458
8.4	0.007435
8.5	0.007703
8.6	0.007842
8.7	0.008226
8.8	0.008494
8.9	0.008564
9.0	0.008436
9.1	0.009076
9.2	0.008889
9.3	0.009064
9.4	0.009204
9.5	0.009262
9.6	0.009006
9.7	0.009017
9.8	0.00868
9.9	0.009052
10.0	0.009122
10.1	0.009157
10.2	0.009285
10.3	0.009413
10.4	0.00939
10.5	0.009716
10.6	0.009855
10.7	0.00996
10.8	0.009879
10.9	0.0101
11.0	0.010088
11.1	0.00996
11.2	0.009727
11.3	0.009913
11.4	0.010169
11.5	0.01053
11.6	0.010321
11.7	0.010518
11.8	0.010472
11.9	0.010309
12.0	0.010437
12.1	0.010425
12.2	0.01046
12.3	0.010635
12.4	0.010821
12.5	0.011054
12.6	0.011251
12.7	0.011379
12.8	0.011345
12.9	0.011647
13.0	0.011973
13.1	0.012369
13.2	0.012566
13.3	0.012543
13.4	0.011542
13.5	0.01181
13.6	0.012345
13.7	0.012345
13.8	0.012694
13.9	0.011787
14.0	0.012159
14.1	0.012136
14.2	0.01231
14.3	0.012334
14.4	0.012683
14.5	0.012369
14.6	0.012392
14.7	0.012357
14.8	0.012275
14.9	0.012718
15.0	0.011601
15.1	0.01167
15.2	0.011426
15.3	0.011915
15.4	0.011798
15.5	0.011938
15.6	0.012147
15.7	0.011798
15.8	0.011589
15.9	0.012345
16.0	0.012078
16.1	0.012194
16.2	0.012357
16.3	0.012438
16.4	0.012334
16.5	0.01259
16.6	0.012729
16.7	0.012752
16.8	0.012601
16.9	0.012718
17.0	0.01252
17.1	0.012671
17.2	0.012939
17.3	0.013008
17.4	0.01316
17.5	0.01309
17.6	0.013381
17.7	0.013579
17.8	0.013695
17.9	0.013846
18.0	0.013555
18.1	0.013602
18.2	0.013683
18.3	0.013986
18.4	0.0138
18.5	0.013928
18.6	0.013997
18.7	0.014044
18.8	0.014102
18.9	0.013637
19.0	0.013695
19.1	0.013637
19.2	0.013928
19.3	0.013555
19.4	0.013439
19.5	0.013416
19.6	0.012939
19.7	0.012252
19.8	0.012159
19.9	0.012252
20.0	0.01252
20.1	0.012787
20.2	0.012683
20.3	0.01238
20.4	0.01231
20.5	0.011985
20.6	0.011251
20.7	0.011368
20.8	0.011438
20.9	0.011403
21.0	0.011822
21.1	0.011717
21.2	0.011089
21.3	0.010961
21.4	0.011217
21.5	0.011496
21.6	0.012078
21.7	0.012136
21.8	0.012555
21.9	0.012462
22.0	0.012555
22.1	0.012496
22.2	0.012974
22.3	0.013509
22.4	0.013509
22.5	0.014009
22.6	0.013323
22.7	0.013299
22.8	0.013381
22.9	0.014125
23.0	0.013765
23.1	0.012927
23.2	0.01302
23.3	0.013404
23.4	0.013544
23.5	0.013695
23.6	0.013823
23.7	0.013253
23.8	0.01359
23.9	0.013881
24.0	0.013776
24.1	0.013392
24.2	0.013683
24.3	0.013881
24.4	0.013741
24.5	0.0138
24.6	0.013904
24.7	0.013997
24.8	0.014195
24.9	0.013869
25.0	0.013148
25.1	0.013008
25.2	0.013451
25.3	0.01373
25.4	0.01373
25.5	0.013439
25.6	0.013753
25.7	0.013648
25.8	0.013881
25.9	0.014056
26.0	0.014195
26.1	0.013928
26.2	0.013823
26.3	0.014184
26.4	0.013718
26.5	0.013439
26.6	0.014044
26.7	0.013963
26.8	0.013206
26.9	0.013358
27.0	0.0138
27.1	0.013916
27.2	0.013776
27.3	0.011996
27.4	0.012252
27.5	0.012252
27.6	0.012415
27.7	0.012357
27.8	0.012264
27.9	0.012206
28.0	0.01231
28.1	0.012427
28.2	0.012613
28.3	0.012927
28.4	0.012555
28.5	0.012706
28.6	0.012566
28.7	0.012927
28.8	0.013102
28.9	0.013427
29.0	0.013218
29.1	0.013218
29.2	0.013439
29.3	0.01359
29.4	0.012694
29.5	0.012078
29.6	0.012369
29.7	0.012613
29.8	0.012124
29.9	0.012531
30.0	0.012357
30.1	0.011903
30.2	0.012124
30.3	0.012566
30.4	0.01288
30.5	0.012543
30.6	0.012799
30.7	0.012543
30.8	0.012741
30.9	0.011717
31.0	0.01167
31.1	0.011717
31.2	0.011822
31.3	0.01181
31.4	0.012159
31.5	0.011915
31.6	0.012159
31.7	0.012334
31.8	0.012811
31.9	0.012636
32.0	0.012671
32.1	0.012869
32.2	0.012822
32.3	0.013183
32.4	0.01352
32.5	0.013497
32.6	0.013823
32.7	0.013835
32.8	0.013916
32.9	0.013928
33.0	0.014253
33.1	0.014498
33.2	0.014777
33.3	0.014789
33.4	0.014893
33.5	0.015196
33.6	0.015533
33.7	0.01558
33.8	0.015661
33.9	0.015731
34.0	0.016197
34.1	0.016057
34.2	0.016173
34.3	0.016313
34.4	0.015731
34.5	0.015743
34.6	0.015848
34.7	0.016069
34.8	0.016022
34.9	0.01629
35.0	0.016511
35.1	0.016325
35.2	0.016487
35.3	0.016394
35.4	0.016627
35.5	0.015836
35.6	0.015848
35.7	0.015836
35.8	0.016162
35.9	0.016406
36.0	0.016627
36.1	0.016604
36.2	0.016988
36.3	0.016813
36.4	0.016906
36.5	0.016999
36.6	0.017162
36.7	0.017093
36.8	0.017116
36.9	0.016429
37.0	0.015557
37.1	0.015056
37.2	0.015056
37.3	0.015487
37.4	0.015487
37.5	0.014614
37.6	0.014986
37.7	0.014765
37.8	0.014684
37.9	0.014858
38.0	0.014102
38.1	0.014416
38.2	0.014649
38.3	0.014463
38.4	0.014835
38.5	0.015021
38.6	0.015231
38.7	0.014975
38.8	0.014893
38.9	0.014707
39.0	0.014696
39.1	0.01508
39.2	0.015452
39.3	0.015417
39.4	0.015464
39.5	0.015848
39.6	0.015626
39.7	0.016755
39.8	0.016569
39.9	0.016837
40.0	0.016359
40.1	0.016965
40.2	0.016825
40.3	0.01608
40.4	0.016476
40.5	0.016953
40.6	0.01679
40.7	0.01672
40.8	0.016883
40.9	0.017127
41.0	0.01615
41.1	0.016371
41.2	0.015603
41.3	0.015464
41.4	0.015475
41.5	0.015673
41.6	0.016045
41.7	0.014824
41.8	0.015021
41.9	0.015336
42.0	0.015708
42.1	0.015498
42.2	0.015498
42.3	0.015638
42.4	0.01437
42.5	0.014044
42.6	0.013171
42.7	0.012939
42.8	0.012741
42.9	0.012752
43.0	0.012566
43.1	0.012892
43.2	0.012485
43.3	0.012369
43.4	0.013125
43.5	0.013113
43.6	0.013008
43.7	0.013136
43.8	0.013078
43.9	0.013334
44.0	0.012543
44.1	0.012462
44.2	0.012171
44.3	0.012159
44.4	0.012159
44.5	0.012496
44.6	0.01252
44.7	0.012834
44.8	0.012857
44.9	0.012694
45.0	0.013078
45.1	0.013171
45.2	0.013113
45.3	0.013311
45.4	0.013299
45.5	0.013904
45.6	0.013113
45.7	0.013055
45.8	0.013299
45.9	0.013125
46.0	0.012846
46.1	0.012287
46.2	0.012078
46.3	0.010868
46.4	0.011158
46.5	0.01124
46.6	0.011473
46.7	0.011298
46.8	0.011531
46.9	0.011368
47.0	0.011438
47.1	0.01124
47.2	0.011577
47.3	0.011228
47.4	0.011368
47.5	0.011473
47.6	0.011787
47.7	0.011857
47.8	0.012031
47.9	0.012066
48.0	0.012229
48.1	0.012601
48.2	0.012264
48.3	0.011263
48.4	0.011193
48.5	0.011531
48.6	0.011391
48.7	0.011822
48.8	0.011833
48.9	0.012066
49.0	0.012054
49.1	0.012113
49.2	0.012438
49.3	0.011973
49.4	0.011193
49.5	0.011193
49.6	0.011042
49.7	0.011333
49.8	0.011647
49.9	0.011763
50.0	0.012171
50.1	0.012671
50.2	0.011531
50.3	0.011891
50.4	0.011787
50.5	0.012206
50.6	0.01245
50.7	0.011973
50.8	0.011973
50.9	0.011089
51.0	0.01131
51.1	0.011682
51.2	0.011519
51.3	0.012217
51.4	0.011891
51.5	0.01188
51.6	0.012194
51.7	0.012229
51.8	0.012054
51.9	0.012229
52.0	0.01124
52.1	0.011682
52.2	0.01167
52.3	0.011461
52.4	0.011519
52.5	0.011787
52.6	0.012078
52.7	0.012264
52.8	0.012287
52.9	0.012171
53.0	0.012147
53.1	0.012392
53.2	0.012334
53.3	0.012531
53.4	0.012345
53.5	0.012613
53.6	0.01181
53.7	0.012019
53.8	0.012043
53.9	0.012206
54.0	0.012496
54.1	0.012939
54.2	0.012846
54.3	0.013043
54.4	0.012904
54.5	0.012718
54.6	0.012636
54.7	0.012729
54.8	0.012904
54.9	0.013078
55.0	0.012962
55.1	0.013078
55.2	0.012985
55.3	0.013276
55.4	0.013136
55.5	0.01295
55.6	0.013253
55.7	0.013404
55.8	0.013358
55.9	0.013567
56.0	0.013672
56.1	0.014079
56.2	0.013928
56.3	0.013311
56.4	0.013334
56.5	0.013334
56.6	0.013544
56.7	0.013439
56.8	0.013811
56.9	0.013974
57.0	0.013928
57.1	0.014009
57.2	0.013672
57.3	0.013904
57.4	0.013776
57.5	0.013951
57.6	0.013404
57.7	0.013392
57.8	0.012822
57.9	0.012671
58.0	0.012334
58.1	0.011519
58.2	0.011217
58.3	0.010902
58.4	0.01117
58.5	0.010414
58.6	0.010553
58.7	0.010774
58.8	0.010949
58.9	0.010891
59.0	0.01124
59.1	0.010356
59.2	0.010484
59.3	0.010169
59.4	0.010344
59.5	0.010262
59.6	0.010216
59.7	0.010123
59.8	0.010123
59.9	0.010402
60.0	0.010367
60.1	0.010379
60.2	0.010518
60.3	0.01074
60.4	0.011124
60.5	0.011251
60.6	0.011135
60.7	0.011368
60.8	0.011182
60.9	0.010902
61.0	0.010204
61.1	0.010321
61.2	0.010356
61.3	0.010658
61.4	0.009692
61.5	0.009913
61.6	0.009785
61.7	0.009913
61.8	0.009983
61.9	0.00982
62.0	0.010344
62.1	0.010251
62.2	0.01039
62.3	0.010518
62.4	0.010879
62.5	0.010844
62.6	0.011065
62.7	0.011275
62.8	0.011286
62.9	0.011042
63.0	0.011426
63.1	0.011845
63.2	0.012101
63.3	0.012206
63.4	0.012113
63.5	0.012345
63.6	0.012543
63.7	0.012741
63.8	0.011822
63.9	0.011729
64.0	0.011961
64.1	0.011065
64.2	0.011228
64.3	0.011158
64.4	0.010518
64.5	0.010286
64.6	0.010472
64.7	0.01074
64.8	0.010507
64.9	0.01053
65.0	0.010868
65.1	0.010972
65.2	0.010984
65.3	0.010961
65.4	0.011042
65.5	0.011193
65.6	0.011124
65.7	0.011507
65.8	0.011263
65.9	0.011298
66.0	0.010495
66.1	0.010274
66.2	0.010356
66.3	0.01053
66.4	0.01074
66.5	0.010507
66.6	0.010437
66.7	0.010379
66.8	0.010612
66.9	0.010716
67.0	0.010623
67.1	0.010728
67.2	0.010693
67.3	0.01067
67.4	0.011263
67.5	0.011217
67.6	0.011647
67.7	0.011763
67.8	0.012008
67.9	0.011798
68.0	0.012066
68.1	0.012427
68.2	0.012729
68.3	0.012729
68.4	0.012857
68.5	0.013102
68.6	0.012927
68.7	0.013311
68.8	0.013334
68.9	0.013613
69.0	0.013963
69.1	0.014056
69.2	0.014056
69.3	0.014451
69.4	0.014137
69.5	0.014568
69.6	0.013672
69.7	0.013811
69.8	0.014253
69.9	0.014335
70.0	0.014463
70.1	0.014521
70.2	0.014637
70.3	0.014358
70.4	0.014893
70.5	0.013718
70.6	0.013974
70.7	0.014091
70.8	0.014463
70.9	0.014079
71.0	0.014079
71.1	0.014172
71.2	0.013299
71.3	0.0138
71.4	0.013928
71.5	0.013753
71.6	0.013672
71.7	0.01366
71.8	0.013718
71.9	0.013788
72.0	0.013788
72.1	0.013846
72.2	0.01423
72.3	0.014498
72.4	0.014416
72.5	0.014614
72.6	0.015208
72.7	0.015464
72.8	0.015068
72.9	0.015382
73.0	0.015394
73.1	0.014963
73.2	0.015231
73.3	0.015277
73.4	0.01537
73.5	0.015708
73.6	0.014754
73.7	0.014789
73.8	0.01494
73.9	0.014928
74.0	0.015394
74.1	0.015417
74.2	0.015545
74.3	0.015824
74.4	0.015033
74.5	0.014219
74.6	0.013311
74.7	0.013672
74.8	0.013451
74.9	0.012776
75.0	0.012822
75.1	0.012811
75.2	0.012694
75.3	0.012089
75.4	0.011065
75.5	0.011112
75.6	0.010961
75.7	0.011065
75.8	0.011286
75.9	0.011624
76.0	0.01188
76.1	0.012031
76.2	0.012078
76.3	0.010681
76.4	0.010879
76.5	0.011112
76.6	0.01181
76.7	0.012008
76.8	0.01181
76.9	0.012089
77.0	0.012124
77.1	0.012171
77.2	0.01252
77.3	0.011461
77.4	0.011542
77.5	0.011763
77.6	0.011647
77.7	0.011624
77.8	0.011449
77.9	0.011635
78.0	0.011961
78.1	0.012101
78.2	0.011647
78.3	0.011996
78.4	0.012124
78.5	0.012694
78.6	0.01252
78.7	0.012834
78.8	0.013008
78.9	0.013067
79.0	0.013195
79.1	0.01359
79.2	0.013462
79.3	0.013183
79.4	0.013625
79.5	0.013567
79.6	0.014207
79.7	0.014253
79.8	0.013881
79.9	0.014603
80.0	0.013893
80.1	0.013753
80.2	0.0138
80.3	0.013741
80.4	0.013986
80.5	0.012985
80.6	0.012915
80.7	0.01295
80.8	0.01359
80.9	0.013462
81.0	0.013846
81.1	0.014172
81.2	0.014091
81.3	0.013276
81.4	0.013637
81.5	0.01373
81.6	0.014067
81.7	0.0138
81.8	0.013055
81.9	0.01309
82.0	0.013462
82.1	0.013346
82.2	0.01359
82.3	0.013567
82.4	0.013776
82.5	0.01366
82.6	0.013741
82.7	0.013148
82.8	0.013032
82.9	0.012939
83.0	0.012764
83.1	0.013311
83.2	0.013253
83.3	0.01352
83.4	0.013683
83.5	0.01366
83.6	0.014021
83.7	0.014475
83.8	0.013067
83.9	0.013206
84.0	0.013195
84.1	0.013544
84.2	0.01366
84.3	0.014021
84.4	0.014032
84.5	0.013555
84.6	0.013835
84.7	0.014009
84.8	0.013753
84.9	0.013707
85.0	0.014125
85.1	0.014067
85.2	0.014056
85.3	0.014603
85.4	0.014347
85.5	0.01444
85.6	0.014707
85.7	0.01494
85.8	0.014975
85.9	0.01508
86.0	0.015533
86.1	0.015266
86.2	0.015138
86.3	0.01544
86.4	0.015266
86.5	0.015126
86.6	0.015021
86.7	0.014742
86.8	0.014765
86.9	0.015021
87.0	0.015661
87.1	0.015685
87.2	0.014242
87.3	0.013695
87.4	0.013544
87.5	0.0138
87.6	0.012997
87.7	0.013637
87.8	0.013323
87.9	0.012694
88.0	0.012904
88.1	0.012985
88.2	0.012834
88.3	0.01295
88.4	0.011833
88.5	0.011717
88.6	0.012275
88.7	0.012601
88.8	0.012624
88.9	0.012369
89.0	0.012427
89.1	0.012357
89.2	0.012496
89.3	0.012659
89.4	0.011763
89.5	0.011647
89.6	0.011787
89.7	0.011705
89.8	0.01046
89.9	0.010786
90.0	0.011228
90.1	0.011251
90.2	0.01124
90.3	0.011158
90.4	0.011275
90.5	0.011775
90.6	0.011659
90.7	0.011635
90.8	0.011996
90.9	0.010902
91.0	0.010239
91.1	0.010123
91.2	0.010309
91.3	0.009262
91.4	0.008366
91.5	0.008389
91.6	0.008412
91.7	0.008308
91.8	0.008727
91.9	0.008808
92.0	0.008738
92.1	0.009145
92.2	0.009052
92.3	0.009157
92.4	0.009064
92.5	0.009285
92.6	0.009111
92.7	0.009599
92.8	0.010181
92.9	0.010239
93.0	0.010367
93.1	0.010833
93.2	0.009855
93.3	0.010228
93.4	0.01067
93.5	0.010681
93.6	0.01067
93.7	0.010914
93.8	0.010821
93.9	0.011286
94.0	0.011496
94.1	0.011403
94.2	0.01174
94.3	0.01174
94.4	0.011624
94.5	0.010751
94.6	0.010926
94.7	0.011077
94.8	0.011368
94.9	0.011635
95.0	0.01181
95.1	0.011926
95.2	0.012124
95.3	0.01245
95.4	0.012869
95.5	0.012997
95.6	0.012869
95.7	0.013218
95.8	0.013346
95.9	0.012392
96.0	0.012508
96.1	0.012555
96.2	0.012392
96.3	0.012694
96.4	0.012962
96.5	0.012776
96.6	0.013183
96.7	0.013241
96.8	0.013276
96.9	0.012264
97.0	0.012217
97.1	0.011985
97.2	0.011635
97.3	0.011612
97.4	0.012054
97.5	0.011891
97.6	0.012462
97.7	0.012415
97.8	0.012287
97.9	0.011891
98.0	0.012066
98.1	0.012392
98.2	0.011275
98.3	0.011112
98.4	0.010926
98.5	0.011193
98.6	0.010996
98.7	0.011484
98.8	0.010507
98.9	0.010786
99.0	0.010786
99.1	0.010414
99.2	0.010623
99.3	0.010693
99.4	0.010507
99.5	0.010914
99.6	0.011228
99.7	0.011461
99.8	0.009972
99.9	0.010228
100.0	0.010262
100.1	0.010041
100.2	0.010193
100.3	0.010356
100.4	0.010228
100.5	0.010367
100.6	0.010344
100.7	0.010356
100.8	0.010472
100.9	0.009716
101.0	0.009436
101.1	0.009506
101.2	0.009832
101.3	0.0101
101.4	0.010041
101.5	0.009809
101.6	0.010495
101.7	0.010693
101.8	0.010484
101.9	0.010251
102.0	0.010518
102.1	0.009425
102.2	0.009401
102.3	0.010053
102.4	0.010123
102.5	0.009855
102.6	0.009925
102.7	0.010356
102.8	0.010134
102.9	0.010111
103.0	0.010565
103.1	0.01046
103.2	0.01067
103.3	0.010716
103.4	0.010484
103.5	0.010472
103.6	0.010681
103.7	0.01103
103.8	0.010798
103.9	0.010809
104.0	0.01167
104.1	0.011938
104.2	0.012182
104.3	0.012136
104.4	0.012043
104.5	0.01238
104.6	0.012555
104.7	0.012706
104.8	0.012636
104.9	0.012939
105.0	0.013276
105.1	0.012613
105.2	0.012741
105.3	0.011868
105.4	0.011496
105.5	0.011601
105.6	0.011822
105.7	0.012171
105.8	0.012718
105.9	0.012601
106.0	0.012671
106.1	0.01245
106.2	0.012485
106.3	0.012485
106.4	0.012543
106.5	0.012718
106.6	0.012985
106.7	0.013008
106.8	0.012345
106.9	0.012019
107.0	0.011217
107.1	0.010891
107.2	0.011217
107.3	0.011682
107.4	0.011635
107.5	0.011601
107.6	0.011787
107.7	0.01167
107.8	0.01181
107.9	0.01188
108.0	0.012078
108.1	0.011857
108.2	0.011996
108.3	0.012136
108.4	0.011822
108.5	0.012287
108.6	0.012683
108.7	0.011926
108.8	0.012008
108.9	0.012427
109.0	0.012415
109.1	0.012322
109.2	0.012624
109.3	0.012415
109.4	0.012601
109.5	0.012624
109.6	0.012822
109.7	0.013102
109.8	0.012846
109.9	0.013043
110.0	0.013183
110.1	0.013637
110.2	0.014288
110.3	0.014579
110.4	0.014649
110.5	0.015417
110.6	0.015196
110.7	0.014649
110.8	0.014277
110.9	0.014812
111.0	0.014986
111.1	0.015045
111.2	0.014637
111.3	0.014672
111.4	0.014626
111.5	0.014405
111.6	0.014521
111.7	0.01416
111.8	0.014672
111.9	0.014742
112.0	0.014381
112.1	0.014626
112.2	0.014579
112.3	0.013823
112.4	0.012369
112.5	0.012171
112.6	0.012438
112.7	0.012403
112.8	0.012334
112.9	0.012229
113.0	0.012322
113.1	0.012031
113.2	0.012159
113.3	0.012252
113.4	0.012171
113.5	0.012322
113.6	0.012217
113.7	0.01302
113.8	0.012834
113.9	0.013241
114.0	0.013369
114.1	0.012369
114.2	0.012659
114.3	0.012729
114.4	0.012659
114.5	0.012787
114.6	0.013392
114.7	0.013439
114.8	0.01352
114.9	0.013567
115.0	0.013567
115.1	0.013951
115.2	0.014521
115.3	0.013835
115.4	0.014463
115.5	0.014661
115.6	0.014789
115.7	0.014149
115.8	0.01423
115.9	0.013997
116.0	0.014149
116.1	0.013823
116.2	0.014125
116.3	0.014765
116.4	0.014626
116.5	0.01494
116.6	0.01508
116.7	0.014114
116.8	0.014626
116.9	0.014475
117.0	0.01494
117.1	0.014021
117.2	0.014405
117.3	0.013846
117.4	0.014137
117.5	0.014265
117.6	0.01444
117.7	0.014335
117.8	0.014498
117.9	0.014835
118.0	0.014591
118.1	0.014056
118.2	0.012229
118.3	0.011996
118.4	0.012171
118.5	0.012241
118.6	0.012555
118.7	0.012462
118.8	0.012566
118.9	0.012834
119.0	0.012357
119.1	0.01167
119.2	0.012043
119.3	0.012194
119.4	0.012217
119.5	0.012171
119.6	0.011857
119.7	0.011798
119.8	0.011566
119.9	0.011635
120.0	0.011903
120.1	0.011985
120.2	0.011833
120.3	0.010681
120.4	0.010868
120.5	0.010798
120.6	0.011054
120.7	0.011298
120.8	0.011659
120.9	0.011519
121.0	0.011391
121.1	0.011484
121.2	0.011217
121.3	0.011484
121.4	0.01195
121.5	0.011915
121.6	0.012124
121.7	0.012334
121.8	0.012159
121.9	0.011379
122.0	0.011601
122.1	0.011496
122.2	0.011775
122.3	0.011624
122.4	0.011414
122.5	0.011426
122.6	0.011554
122.7	0.011775
122.8	0.01188
122.9	0.012113
123.0	0.012543
123.1	0.012904
123.2	0.012892
123.3	0.012869
123.4	0.012822
123.5	0.012939
123.6	0.013253
123.7	0.01288
123.8	0.01309
123.9	0.013241
124.0	0.012334
124.1	0.011554
124.2	0.011601
124.3	0.011694
124.4	0.010902
124.5	0.011089
124.6	0.011263
124.7	0.011379
124.8	0.010646
124.9	0.011147
125.0	0.011054
125.1	0.010821
125.2	0.011007
125.3	0.011112
125.4	0.011438
125.5	0.010472
125.6	0.010332
125.7	0.010239
125.8	0.010484
125.9	0.011054
126.0	0.011077
126.1	0.011298
126.2	0.010996
126.3	0.011182
126.4	0.011345
126.5	0.011019
126.6	0.010996
126.7	0.011228
126.8	0.011379
126.9	0.011391
127.0	0.011519
127.1	0.011822
127.2	0.012485
127.3	0.012531
127.4	0.012438
127.5	0.01245
127.6	0.011612
127.7	0.011379
127.8	0.011868
127.9	0.011845
128.0	0.011926
128.1	0.011193
128.2	0.011065
128.3	0.011089
128.4	0.010937
128.5	0.011065
128.6	0.010821
128.7	0.010577
128.8	0.010902
128.9	0.010646
129.0	0.010891
129.1	0.010961
129.2	0.011705
129.3	0.010716
129.4	0.01046
129.5	0.010204
129.6	0.010076
129.7	0.010309
129.8	0.010658
129.9	0.011042
130.0	0.010321
130.1	0.010437
130.2	0.010542
130.3	0.009937
130.4	0.010251
130.5	0.009739
130.6	0.009634
130.7	0.009948
130.8	0.00932
130.9	0.009739
131.0	0.009785
131.1	0.009541
131.2	0.009983
131.3	0.009867
131.4	0.009972
131.5	0.010007
131.6	0.010193
131.7	0.010402
131.8	0.0106
131.9	0.010786
132.0	0.009448
132.1	0.009832
132.2	0.009576
132.3	0.009809
132.4	0.009518
132.5	0.009669
132.6	0.009739
132.7	0.009692
132.8	0.009727
132.9	0.009588
133.0	0.010018
133.1	0.009925
133.2	0.009844
133.3	0.009867
133.4	0.009797
133.5	0.00982
133.6	0.009937
133.7	0.010169
133.8	0.010216
133.9	0.009355
134.0	0.009588
134.1	0.009995
134.2	0.00982
134.3	0.009553
134.4	0.010076
134.5	0.00982
134.6	0.009692
134.7	0.009902
134.8	0.010088
134.9	0.009762
135.0	0.009669
135.1	0.00854
135.2	0.008436
135.3	0.008517
135.4	0.00875
135.5	0.008703
135.6	0.008738
135.7	0.008948
135.8	0.008901
135.9	0.008913
136.0	0.008866
136.1	0.009029
136.2	0.009239
136.3	0.009308
136.4	0.00946
136.5	0.009599
136.6	0.009867
136.7	0.009913
136.8	0.009844
136.9	0.009588
137.0	0.009611
137.1	0.009983
137.2	0.010181
137.3	0.009832
137.4	0.0101
137.5	0.010518
137.6	0.010518
137.7	0.010402
137.8	0.010472
137.9	0.010425
138.0	0.010612
138.1	0.010961
138.2	0.011228
138.3	0.011077
138.4	0.011217
138.5	0.010262
138.6	0.010565
138.7	0.010658
138.8	0.01131
138.9	0.011286
139.0	0.011182
139.1	0.011007
139.2	0.010937
139.3	0.010693
139.4	0.010379
139.5	0.010437
139.6	0.010565
139.7	0.010402
139.8	0.010309
139.9	0.010356
140.0	0.010402
140.1	0.01053
140.2	0.010332
140.3	0.010542
140.4	0.010484
140.5	0.010751
140.6	0.010065
140.7	0.00982
140.8	0.009948
140.9	0.009657
141.0	0.009541
141.1	0.009425
141.2	0.008354
141.3	0.008098
141.4	0.007982
141.5	0.008168
141.6	0.008238
141.7	0.008517
141.8	0.008843
141.9	0.008936
142.0	0.00882
142.1	0.008971
142.2	0.009285
142.3	0.009471
142.4	0.00925
142.5	0.009425
142.6	0.009378
142.7	0.009471
142.8	0.00932
142.9	0.009541
143.0	0.009879
143.1	0.009995
143.2	0.009681
143.3	0.009739
143.4	0.009785
143.5	0.009913
143.6	0.009762
143.7	0.00989
143.8	0.009797
143.9	0.009995
144.0	0.010553
144.1	0.010705
144.2	0.010786
144.3	0.010763
144.4	0.010902
144.5	0.01067
144.6	0.0106
144.7	0.01067
144.8	0.010879
144.9	0.011158
145.0	0.011601
145.1	0.011403
145.2	0.011089
145.3	0.011182
145.4	0.01131
145.5	0.010379
145.6	0.010821
145.7	0.010902
145.8	0.011193
145.9	0.01124
146.0	0.011403
146.1	0.010623
146.2	0.010774
146.3	0.010868
146.4	0.010914
146.5	0.011298
146.6	0.010053
146.7	0.008284
146.8	0.008657
146.9	0.008622
147.0	0.008552
147.1	0.008575
147.2	0.008983
147.3	0.009099
147.4	0.009483
147.5	0.009343
147.6	0.009017
147.7	0.009355
147.8	0.009413
147.9	0.008389
148.0	0.00861
148.1	0.00918
148.2	0.009204
148.3	0.009448
148.4	0.00946
148.5	0.009681
148.6	0.00982
148.7	0.00982
148.8	0.010169
148.9	0.010134
149.0	0.010577
149.1	0.010588
149.2	0.010507
149.3	0.010751
149.4	0.010809
149.5	0.011054
149.6	0.011286
149.7	0.010542
149.8	0.010763
149.9	0.010693
150.0	0.010891
150.1	0.011042
150.2	0.010809
150.3	0.010879
150.4	0.011158
150.5	0.011519
150.6	0.011717
150.7	0.012345
150.8	0.012345
150.9	0.012706
151.0	0.011961
151.1	0.01195
151.2	0.012601
151.3	0.012555
151.4	0.012659
151.5	0.010984
151.6	0.0111
151.7	0.010681
151.8	0.010297
151.9	0.009657
152.0	0.009564
152.1	0.009902
152.2	0.009937
152.3	0.010332
152.4	0.010553
152.5	0.0106
152.6	0.010484
152.7	0.010507
152.8	0.010693
152.9	0.010763
153.0	0.01067
153.1	0.010763
153.2	0.010763
153.3	0.011089
153.4	0.011112
153.5	0.011356
153.6	0.011624
153.7	0.011985
153.8	0.012182
153.9	0.012555
154.0	0.012869
154.1	0.011926
154.2	0.01074
154.3	0.01131
154.4	0.011752
154.5	0.011496
154.6	0.011938
154.7	0.012171
154.8	0.012043
154.9	0.012078
155.0	0.012496
155.1	0.012566
155.2	0.012392
155.3	0.012159
155.4	0.012264
155.5	0.012543
155.6	0.012415

&

