0.2	0.000243
0.4	0.001215
0.6	0.00559
0.8	-0.001458
1.0	-0.014584
1.2	-0.011424
1.4	-0.003646
1.6	-0.008021
1.8	-0.004375
2.0	-0.000486
2.2	0.008993
2.4	0.002917
2.6	-0.002431
2.8	0.002431
3.0	0.000243
3.2	-0.008264
3.4	-0.000972
3.6	-0.004132
3.8	-0.003403
4.0	-0.000243
4.2	-0.013368
4.4	-0.014584
4.6	-0.015313
4.8	-0.012153
5.0	-0.013368
5.2	-0.010695
5.4	-0.012396
5.6	-0.002917
5.8	-0.013612
6.0	-0.00559
6.2	-0.010452
6.4	-0.027223
6.6	-0.017501
6.8	-0.021147
7.0	-0.025279
7.2	0.008021
7.4	-0.002188
7.6	0.003646
7.8	0.007292
8.0	0.008264
8.2	0.022605
8.4	0.020174
8.6	0.013368
8.8	0.02698
9.0	0.031112
9.2	0.022848
9.4	0.023577
9.6	0.013855
9.8	0.015313
10.0	0.019202
10.2	0.014827
10.4	0.026494
10.6	0.012639
10.8	0.023577
11.0	0.020174
11.2	0.005347
11.4	-0.003889
11.6	0.015799
11.8	0.005104
12.0	0.013612
12.2	0.003646
12.4	0.001215
12.6	0.008993
12.8	0.008021
13.0	0.018959
13.2	-0.004618
13.4	-0.013612
13.6	-0.003646
13.8	-0.016042
14.0	-0.012153
14.2	-0.001701
14.4	0.007778
14.6	-0.014827
14.8	-0.013855
15.0	-0.012882
15.2	-0.012153
15.4	-0.01507
15.6	-0.002674
15.8	-0.012882
16.0	-0.004132
16.2	-0.012882
16.4	-0.005834
16.6	-0.010452
16.8	-0.007535
17.0	-0.000972
17.2	-0.008993
17.4	-0.010938
17.6	-0.00632
17.8	0.0
18.0	0.016042
18.2	0.005834
18.4	0.018716
18.6	0.00875
18.8	0.001945
19.0	0.008507
19.2	-0.000243
19.4	-0.00316
19.6	-0.001458
19.8	0.006563
20.0	0.016042
20.2	0.015556
20.4	0.011667
20.6	0.005347
20.8	0.005834
21.0	-0.007049
21.2	0.006563
21.4	-0.004618
21.6	0.008264
21.8	0.008264
22.0	0.028195
22.2	0.023577
22.4	0.007049
22.6	0.018959
22.8	0.017744
23.0	0.015799
23.2	-0.000729
23.4	-0.002917
23.6	-0.012639
23.8	0.004375
24.0	0.013368
24.2	0.007535
24.4	-0.012882
24.6	-0.007049
24.8	-0.008993
25.0	0.000972
25.2	0.02066
25.4	0.018959
25.6	0.004861
25.8	0.002188
26.0	0.00316
26.2	-0.012396
26.4	-0.012153
26.6	-0.012882
26.8	0.007049
27.0	-0.000729
27.2	0.018716
27.4	0.016771
27.6	0.011667
27.8	-0.011424
28.0	-0.011667
28.2	-0.007049
28.4	-0.014341
28.6	-0.011424
28.8	-0.005834
29.0	-0.003646
29.2	-0.014827
29.4	-0.010209
29.6	-0.015556
29.8	-0.008264
30.0	0.001701
30.2	-0.001701
30.4	-0.000729
30.6	-0.01191
30.8	-0.007778
31.0	-0.003889
31.2	-0.014827
31.4	-0.011667
31.6	-0.008993
31.8	0.007778
32.0	0.008993
32.2	0.005104
32.4	0.003889
32.6	0.00632
32.8	0.014341
33.0	0.007535
33.2	-0.000243
33.4	-0.000486
33.6	-0.010695
33.8	0.003889
34.0	-0.00316
34.2	-0.002188
34.4	0.010695
34.6	0.008021
34.8	-0.002674
35.0	0.004375
35.2	0.009723
35.4	0.008507
35.6	0.017257
35.8	-0.000243
36.0	-0.004861
36.2	-0.008507
36.4	-0.01191
36.6	-0.00559
36.8	-0.012396
37.0	-0.003403
37.2	-0.002431
37.4	-0.000729
37.6	-0.002188
37.8	-0.000972
38.0	0.004861
38.2	0.001215
38.4	0.009723
38.6	0.001215
38.8	-0.006806
39.0	-0.013855
39.2	0.00632
39.4	0.002431
39.6	-0.00875
39.8	0.00632
40.0	0.011181
40.2	0.001945
40.4	-0.003403
40.6	0.011424
40.8	-0.007778
41.0	-0.000486
41.2	-0.008993
41.4	-0.006806
41.6	-0.00875
41.8	-0.001215
42.0	0.001945
42.2	0.005834
42.4	0.015556
42.6	0.008507
42.8	0.0
43.0	-0.015556
43.2	-0.009236
43.4	0.002674
43.6	-0.006806
43.8	0.002674
44.0	0.004132
44.2	0.003889
44.4	0.004861
44.6	0.000729
44.8	0.019202
45.0	-0.001701
45.2	0.01191
45.4	0.022848
45.6	0.008993
45.8	0.004132
46.0	0.000972
46.2	0.01191
46.4	0.002188
46.6	-0.010452
46.8	-0.016285
47.0	-0.014584
47.2	-0.017501
47.4	-0.017014
47.6	-0.012639
47.8	-0.005347
48.0	-0.002188
48.2	-0.000729
48.4	0.000243
48.6	0.02066
48.8	0.022605
49.0	0.015799
49.2	0.002917
49.4	0.006077
49.6	0.002188
49.8	-0.000729
50.0	0.002674
50.2	0.006563
50.4	0.010209
50.6	0.009723
50.8	0.002431
51.0	-0.004618
51.2	-0.007049
51.4	-0.005347
51.6	0.004861
51.8	-0.008993
52.0	-0.001215
52.2	-0.001701
52.4	-0.001945
52.6	0.003646
52.8	0.008021
53.0	-0.003889
53.2	-0.008021
53.4	-0.01507
53.6	0.000486
53.8	0.00559
54.0	-0.001945
54.2	-0.004132
54.4	-0.003889
54.6	-0.003403
54.8	0.003646
55.0	0.012153
55.2	0.010209
55.4	0.006563
55.6	0.001458
55.8	-0.004375
56.0	0.013368
56.2	0.023091
56.4	0.023091
56.6	0.006806
56.8	-0.002188
57.0	-0.01507
57.2	-0.005347
57.4	-0.014827
57.6	0.006806
57.8	0.006806
58.0	-0.004132
58.2	-0.008993
58.4	-0.014827
58.6	-0.008507
58.8	0.008993
59.0	-0.003403
59.2	-0.014827
59.4	-0.019688
59.6	0.007049
59.8	0.0
60.0	0.004618
60.2	-0.001215
60.4	-0.007535
60.6	-0.010452
60.8	0.000486
61.0	0.013612
61.2	0.007535
61.4	0.008264
61.6	0.00316
61.8	0.001701
62.0	-0.001215
62.2	-0.002188
62.4	0.003889
62.6	0.013612
62.8	0.015799
63.0	-0.00632
63.2	-0.002431
63.4	-0.003403
63.6	-0.005104
63.8	-0.007292
64.0	0.0
64.2	0.001215
64.4	0.006806
64.6	0.016042
64.8	0.014584
65.0	0.018716
65.2	0.019202
65.4	0.02382
65.6	0.012153
65.8	0.013612
66.0	0.01191
66.2	0.017014
66.4	0.013125
66.6	0.017257
66.8	0.008993
67.0	0.019445
67.2	0.018473
67.4	0.012153
67.6	0.005834
67.8	-0.017014
68.0	-0.017014
68.2	-0.013612
68.4	-0.027709
68.6	-0.006806
68.8	0.001458
69.0	0.001701
69.2	0.010209
69.4	-0.002674
69.6	-0.003403
69.8	0.001458
70.0	-0.000729
70.2	-0.003889
70.4	0.006563
70.6	0.015556
70.8	0.02139
71.0	0.012396
71.2	0.002431
71.4	0.002917
71.6	-0.004618
71.8	-0.009966
72.0	-0.011181
72.2	0.015556
72.4	0.020417
72.6	0.020174
72.8	0.021147
73.0	0.013368
73.2	0.007778
73.4	0.008264
73.6	-0.006563
73.8	0.009479
74.0	0.009479
74.2	0.00875
74.4	0.009236
74.6	0.002188
74.8	0.004132
75.0	-0.000729
75.2	0.00316
75.4	-0.015799
75.6	-0.016528
75.8	-0.007292
76.0	-0.007292
76.2	-0.013125
76.4	-0.01823
76.6	-0.016042
76.8	-0.010452
77.0	-0.009479
77.2	-0.001701
77.4	0.002917
77.6	-0.005834
77.8	-0.003889
78.0	-0.015799
78.2	-0.015799
78.4	-0.009966
78.6	0.004375
78.8	0.003646
79.0	0.00559
79.2	0.023334
79.4	0.007049
79.6	0.00559
79.8	0.015313
80.0	0.018473
80.2	0.009236
80.4	0.00559
80.6	-0.000486
80.8	0.000243
81.0	0.012396
81.2	0.006806
81.4	0.00632
81.6	0.009966
81.8	0.01191
82.0	0.000972
82.2	-0.004132
82.4	-0.00632
82.6	0.001458
82.8	-0.008507
83.0	0.001215
83.2	0.000243
83.4	0.0
83.6	-0.008993
83.8	-0.007535
84.0	-0.012396
84.2	-0.007535
84.4	0.006077
84.6	0.001215
84.8	0.002431
85.0	-0.002917
85.2	-0.000729
85.4	-0.00632
85.6	0.000729
85.8	-0.009479
86.0	0.006806
86.2	0.008507
86.4	0.009236
86.6	-0.003403
86.8	0.004618
87.0	0.006806
87.2	0.017987
87.4	0.008021
87.6	-0.000243
87.8	-0.013368
88.0	-0.000729
88.2	0.004861
88.4	-0.013368
88.6	-0.009479
88.8	-0.000972
89.0	0.001458
89.2	0.012153
89.4	-0.000729
89.6	-0.001215
89.8	0.009966
90.0	0.002674
90.2	0.003403
90.4	-0.013368
90.6	-0.00632
90.8	-0.002917
91.0	-0.001945
91.2	0.007292
91.4	0.001701
91.6	0.005834
91.8	0.002431
92.0	0.002917
92.2	0.004375
92.4	0.006563
92.6	-0.00316
92.8	-0.007049
93.0	-0.012882
93.2	-0.008264
93.4	0.000243
93.6	0.005104
93.8	-0.016042
94.0	-0.012882
94.2	-0.00316
94.4	-0.000243
94.6	-0.005347
94.8	-0.003646
95.0	0.012639
95.2	-0.006077
95.4	-0.017014
95.6	-0.024306
95.8	-0.012882
96.0	0.006806
96.2	0.010209
96.4	0.001458
96.6	0.014341
96.8	0.010452
97.0	0.003889
97.2	0.000729
97.4	0.00875
97.6	0.008993
97.8	0.015556
98.0	0.014584
98.2	0.019931
98.4	0.023334
98.6	0.015313
98.8	0.003646
99.0	-0.01191
99.2	-0.011667
99.4	-0.017744
99.6	-0.02382
99.8	-0.022848
100.0	-0.022119
100.2	-0.014827
100.4	-0.025522
100.6	-0.034272
100.8	-0.027223
101.0	-0.016285
101.2	0.001945
101.4	0.000729
101.6	-0.00559
101.8	-0.017257
102.0	-0.02139
102.2	-0.014098
102.4	-0.007049
102.6	-0.007049
102.8	-0.00559
103.0	-0.002674
103.2	-0.002431
103.4	-0.014341
103.6	-0.010209
103.8	-0.027466
104.0	-0.008507
104.2	-0.008993
104.4	-0.012396
104.6	-0.007535
104.8	0.001701
105.0	0.007778
105.2	0.005834
105.4	-0.001215
105.6	0.001945
105.8	0.004861
106.0	0.000243
106.2	-0.010209
106.4	-0.004375
106.6	-0.010452
106.8	-0.014827
107.0	-0.007292
107.2	-0.005347
107.4	-0.007535
107.6	-0.007292
107.8	-0.006563
108.0	0.00559
108.2	-0.001701
108.4	0.002674
108.6	0.002917
108.8	-0.001945
109.0	-0.002188
109.2	-0.001701
109.4	0.003889
109.6	-0.003646
109.8	0.013612
110.0	0.000486
110.2	0.014098
110.4	0.008264
110.6	-0.004861
110.8	-0.00316
111.0	0.003889
111.2	0.006077
111.4	-0.001458
111.6	0.001458
111.8	0.008264
112.0	0.008264
112.2	-0.000972
112.4	0.005104
112.6	0.002431
112.8	-0.007778
113.0	-0.00316
113.2	0.003403
113.4	0.010452
113.6	0.017501
113.8	0.025522
114.0	0.001945
114.2	0.009966
114.4	0.02382
114.6	0.017744
114.8	0.008507
115.0	0.012882
115.2	0.012396
115.4	0.002431
115.6	-0.001458
115.8	-0.000243
116.0	0.011181
116.2	0.003646
116.4	0.003889
116.6	0.000486
116.8	0.006563
117.0	0.001945
117.2	-0.010209
117.4	-0.004375
117.6	0.002674
117.8	-0.003646
118.0	0.001945
118.2	0.008993
118.4	-0.000729
118.6	0.014341
118.8	0.008507
119.0	-0.004618
119.2	-0.007049
119.4	-0.002188
119.6	0.0
119.8	-0.008021
120.0	-0.001458
120.2	-0.009479
120.4	-0.004618
120.6	-0.000729
120.8	-0.006806
121.0	-0.00316
121.2	-0.001701
121.4	0.008264
121.6	0.010452
121.8	-0.001945
122.0	-0.000729
122.2	-0.011667
122.4	-0.007049
122.6	-0.010209
122.8	-0.010695
123.0	-0.007535
123.2	-0.009236
123.4	-0.00316
123.6	-0.011181
123.8	-0.002188
124.0	0.000972
124.2	-0.001215
124.4	0.005834
124.6	0.00316
124.8	-0.010209
125.0	-0.014341
125.2	-0.004375
125.4	-0.003889
125.6	-0.002188
125.8	-0.009723
126.0	-0.004132
126.2	-0.014098
126.4	-0.00875
126.6	0.000729
126.8	-0.005347
127.0	-0.009479
127.2	0.003889
127.4	0.016285
127.6	0.016285
127.8	0.008507
128.0	0.009236
128.2	0.001458
128.4	0.011181
128.6	0.007292
128.8	-0.000243
129.0	-0.017744
129.2	-0.014827
129.4	-0.00316
129.6	-0.001215
129.8	0.006077
130.0	0.017501
130.2	0.00632
130.4	-0.001458
130.6	-0.009236
130.8	-0.009236
131.0	0.005104
131.2	-0.003889
131.4	-0.001701
131.6	0.002674
131.8	0.001458
132.0	0.002674
132.2	0.004618
132.4	0.000729
132.6	0.018473
132.8	0.011181
133.0	0.011181
133.2	0.00559
133.4	-0.000243
133.6	-0.004132
133.8	-0.001458
134.0	0.001215
134.2	-0.014827
134.4	-0.006077
134.6	-0.007778
134.8	0.000486
135.0	-0.014584
135.2	-0.007049
135.4	-0.001458
135.6	0.009479
135.8	0.005347
136.0	0.006563
136.2	-0.01507
136.4	-0.006563
136.6	-0.000486
136.8	-0.008264
137.0	0.008507
137.2	0.005834
137.4	0.002917
137.6	-0.00316
137.8	0.01191
138.0	0.00632
138.2	0.012396
138.4	0.017501
138.6	0.003889
138.8	0.008264
139.0	0.001701
139.2	-0.009479
139.4	-0.007778
139.6	-0.009966
139.8	0.007778
140.0	0.007292
140.2	0.009236
140.4	0.012639
140.6	0.006077
140.8	0.009236
141.0	0.006563
141.2	-0.003646
141.4	-0.003403
141.6	-0.000972
141.8	0.011667
142.0	-0.000486
142.2	-0.017257
142.4	-0.006563
142.6	-0.000486
142.8	-0.001458
143.0	0.003403
143.2	0.007535
143.4	0.014827
143.6	0.014827
143.8	0.016285
144.0	0.019202
144.2	0.013125
144.4	0.018959
144.6	0.008021
144.8	0.001701
145.0	0.016042
145.2	0.018716
145.4	0.012882
145.6	0.00316
145.8	0.012882
146.0	0.010209
146.2	0.01507
146.4	0.000486
146.6	-0.00559
146.8	-0.007049
147.0	-0.008507
147.2	-0.004375
147.4	0.010209
147.6	0.007292
147.8	0.0
148.0	-0.003646
148.2	0.004861
148.4	0.008993
148.6	0.013368
148.8	0.014341
149.0	0.008507
149.2	0.008021
149.4	-0.002188
149.6	-0.009479
149.8	-0.007292
150.0	0.004618
150.2	0.017501
150.4	0.008507
150.6	0.007292
150.8	0.014341
151.0	0.014341
151.2	0.00632
151.4	0.004861
151.6	0.000972
151.8	0.005834
152.0	0.02698
152.2	0.017987
152.4	-0.001945
152.6	-0.00875
152.8	-0.00875
153.0	-0.00559
153.2	-0.007535
153.4	-0.006563
153.6	0.006077
153.8	0.007778
154.0	0.002917
154.2	-0.009236
154.4	-0.016528
154.6	-0.014341
154.8	-0.006563
155.0	-0.010452
155.2	-0.014341
155.4	-0.010695
155.6	-0.004132
155.8	-0.002917
156.0	0.004375
156.2	0.020417
156.4	0.013125
156.6	0.017014
156.8	0.011181
157.0	0.001701
157.2	-0.002917
157.4	0.005834
157.6	0.007292
157.8	0.004375
158.0	0.001215
158.2	0.013125
158.4	0.017501
158.6	0.014098
158.8	0.00632
159.0	0.0
159.2	-0.009723
159.4	-0.008993
159.6	-0.009966
159.8	0.002431
160.0	0.006077
160.2	0.017501
160.4	0.011181
160.6	0.006077
160.8	-0.002188
161.0	-0.007778
161.2	-0.007292
161.4	-0.010452
161.6	-0.017987
161.8	-0.023334
162.0	-0.00875
162.2	-0.003889
162.4	0.006563
162.6	-0.007535
162.8	-0.012639
163.0	-0.012639
163.2	-0.003646
163.4	-0.010695
163.6	-0.00632
163.8	-0.005834
164.0	-0.007535
164.2	-0.003646
164.4	-0.007292
164.6	-0.002917
164.8	-0.003889
165.0	0.000972
165.2	0.00316
165.4	0.008264
165.6	-0.000729
165.8	-0.000486
166.0	0.001215
166.2	0.005834
166.4	-0.013368
166.6	-0.010452
166.8	0.002431
167.0	0.002674
167.2	0.005347
167.4	0.001458
167.6	0.008507
167.8	0.013368
168.0	0.010452
168.2	0.007049
168.4	0.010209
168.6	0.017257
168.8	0.016285
169.0	0.012153
169.2	0.001945
169.4	-0.003646
169.6	-0.007535
169.8	-0.008021
170.0	0.004861
170.2	0.007292
170.4	0.003646
170.6	0.003889
170.8	0.000486
171.0	0.004132
171.2	0.014341
171.4	0.002188
171.6	0.008993
171.8	0.022119
172.0	0.017501
172.2	0.011181
172.4	0.007049
172.6	0.010938
172.8	0.002674
173.0	0.003646
173.2	0.016042
173.4	0.005834
173.6	0.016528
173.8	0.012639
174.0	0.003889
174.2	0.001945
174.4	0.01507
174.6	0.013612
174.8	0.001945
175.0	0.007535
175.2	0.008021
175.4	-0.000243
175.6	0.0
175.8	0.016042
176.0	0.004375
176.2	-0.012153
176.4	0.002674
176.6	0.000729
176.8	0.005347
177.0	-0.006806
177.2	-0.010452
177.4	0.005104
177.6	0.006077
177.8	0.001701
178.0	-0.000243
178.2	-0.004861
178.4	-0.001215
178.6	0.008993
178.8	0.012396
179.0	0.004132
179.2	0.001215
179.4	0.0
179.6	0.001945
179.8	0.013612
180.0	0.015556
180.2	0.004618
180.4	0.008993
180.6	0.002188
180.8	0.003889
181.0	-0.001458
181.2	-0.012639
181.4	-0.010695
181.6	-0.010209
181.8	-0.01823
182.0	-0.011424
182.2	-0.005347
182.4	0.004132
182.6	0.004618
182.8	0.012396
183.0	0.002917
183.2	-0.001701
183.4	0.004375
183.6	-0.009236
183.8	-0.005104
184.0	-0.006077
184.2	-0.011424
184.4	-0.028195
184.6	-0.030869
184.8	-0.029168
185.0	-0.015556
185.2	-0.008264
185.4	-0.007535
185.6	0.006563
185.8	-0.000972
186.0	-0.01507
186.2	0.003646
186.4	0.015556
186.6	0.0
186.8	-0.000972
187.0	0.007778
187.2	0.009479
187.4	0.028925
187.6	0.013612
187.8	0.012639
188.0	0.015313
188.2	0.010938
188.4	0.007049
188.6	0.015556
188.8	0.018716
189.0	0.019931
189.2	0.019931
189.4	0.017257
189.6	0.010695
189.8	0.008264
190.0	0.010209
190.2	0.01823
190.4	0.01507
190.6	-0.002674
190.8	0.010209
191.0	-0.001215
191.2	0.003889
191.4	0.000972
191.6	-0.006806
191.8	-0.004618
192.0	-0.01507
192.2	0.003646
192.4	0.006563
192.6	-0.000972
192.8	-0.000243
193.0	-0.010695
193.2	-0.014341
193.4	-0.004618
193.6	-0.010209
193.8	0.0
194.0	-0.002674
194.2	-0.009966
194.4	-0.00316
194.6	0.01191
194.8	0.014584
195.0	0.020174
195.2	0.013368
195.4	0.006077
195.6	0.00316
195.8	0.009723
196.0	0.012639
196.2	0.003646
196.4	0.010938
196.6	0.017014
196.8	0.022362
197.0	0.005834
197.2	0.000729
197.4	0.00559
197.6	0.005834
197.8	0.001945
198.0	-0.002431
198.2	-0.008021
198.4	0.002188
198.6	0.009479
198.8	0.023577
199.0	0.025522
199.2	0.008507
199.4	0.007049
199.6	-0.000243
199.8	-0.000243
200.0	-0.000243
200.2	-0.001945
200.4	-0.003889
200.6	0.00632
200.8	0.002188
201.0	0.005834
201.2	0.016285
201.4	0.004861
201.6	0.019931
201.8	0.011667
202.0	0.014827
202.2	0.007535
202.4	-0.010452
202.6	-0.017501
202.8	-0.003889
203.0	-0.007049
203.2	0.002917
203.4	0.007535
203.6	0.012396
203.8	0.012639
204.0	0.00632
204.2	0.011667
204.4	0.003889
204.6	-0.004375
204.8	0.001215
205.0	0.009479
205.2	0.003889
205.4	0.0
205.6	-0.012396
205.8	-0.007778
206.0	-0.009479
206.2	-0.00559
206.4	-0.005104
206.6	-0.017501
206.8	-0.016528
207.0	-0.004132
207.2	0.005347
207.4	0.011424
207.6	-0.001945
207.8	0.009479
208.0	-0.006077
208.2	-0.017987
208.4	-0.012639
208.6	-0.009479
208.8	-0.006563
209.0	-0.011424
209.2	0.009966
209.4	0.004132
209.6	-0.002431
209.8	-0.005104
210.0	-0.004132
210.2	-0.002674
210.4	0.002674
210.6	0.011424
210.8	0.028681
211.0	0.020417
211.2	0.005347
211.4	0.00875
211.6	-0.011181
211.8	-0.001945
212.0	-0.016771
212.2	-0.015556
212.4	-0.011181
212.6	-0.007049
212.8	-0.010209
213.0	-0.001701
213.2	0.000972
213.4	-0.008993
213.6	-0.000243
213.8	0.001945
214.0	0.017744
214.2	0.012882
214.4	0.012882
214.6	0.012639
214.8	0.011424
215.0	0.009479
215.2	0.004861
215.4	0.002188
215.6	-0.007049
215.8	-0.012396
216.0	-0.01823
216.2	-0.017987
216.4	-0.026008
216.6	-0.027952
216.8	-0.025765
217.0	-0.00875
217.2	-0.012639
217.4	-0.020417
217.6	-0.009236
217.8	-0.015313
218.0	-0.019688
218.2	-0.026494
218.4	-0.02698
218.6	-0.024063
218.8	-0.02139
219.0	-0.011667
219.2	-0.019202
219.4	-0.00316
219.6	0.003646
219.8	0.010938
220.0	0.00875
220.2	0.005834
220.4	0.017501
220.6	0.010938
220.8	0.020903
221.0	0.01507
221.2	0.007049
221.4	-0.006077
221.6	-0.009236
221.8	-0.003889
222.0	0.000729
222.2	-0.005347
222.4	-0.003889
222.6	-0.007049
222.8	-0.010452
223.0	-0.004618
223.2	-0.010452
223.4	-0.013368
223.6	-0.017014
223.8	-0.026737
224.0	-0.025765
224.2	-0.007778
224.4	-0.007535
224.6	-0.009966
224.8	0.021876
225.0	0.020417
225.2	0.030869
225.4	0.027952
225.6	0.021876
225.8	0.025279
226.0	0.008021
226.2	-0.009723
226.4	0.008993
226.6	0.020903
226.8	0.019688
227.0	0.015799
227.2	0.028438
227.4	0.021633
227.6	0.011667
227.8	0.003646
228.0	0.010695
228.2	-0.005104
228.4	0.002917
228.6	-0.019202
228.8	0.004375
229.0	-0.01507
229.2	0.007535
229.4	-0.007778
229.6	-0.011667
229.8	0.009966
230.0	0.005347
230.2	0.001701
230.4	0.003646
230.6	-0.003889
230.8	0.011424
231.0	0.000243
231.2	0.020174
231.4	0.009723
231.6	0.02066
231.8	0.017014
232.0	0.015313
232.2	0.00632
232.4	0.013855
232.6	0.009479
232.8	-0.019202
233.0	-0.019202
233.2	-0.000972
233.4	0.000486
233.6	-0.004861
233.8	-0.004618
234.0	0.013125
234.2	0.025036
234.4	0.013368
234.6	0.007049
234.8	0.003889
235.0	-0.002917
235.2	0.009479
235.4	0.00316
235.6	0.007778
235.8	0.003889
236.0	-0.000729
236.2	-0.003889
236.4	0.008021
236.6	0.006077
236.8	0.009966
237.0	-0.00559
237.2	0.001945
237.4	-0.007292
237.6	-0.01191
237.8	-0.011424
238.0	-0.015799
238.2	-0.009723
238.4	-0.000243
238.6	-0.013125
238.8	-0.015313
239.0	-0.009236
239.2	-0.004375
239.4	-0.000486
239.6	-0.020417
239.8	-0.017744
240.0	-0.012153
240.2	0.001701
240.4	0.000243
240.6	0.010452
240.8	0.013368
241.0	0.010938
241.2	0.008993
241.4	-0.004618
241.6	-0.007535
241.8	-0.001215
242.0	0.011181
242.2	0.010938
242.4	0.002917
242.6	0.001458
242.8	0.003646
243.0	0.009479
243.2	0.013125
243.4	0.014584
243.6	0.010452
243.8	-0.009966
244.0	-0.010695
244.2	-0.009479
244.4	-0.013125
244.6	-0.012396
244.8	0.000486
245.0	-0.003889
245.2	0.002917
245.4	-0.000972
245.6	0.010695
245.8	0.006077
246.0	0.000486
246.2	-0.012396
246.4	-0.01191
246.6	-0.00316
246.8	0.00559
247.0	0.013612
247.2	0.016285
247.4	0.01191
247.6	0.006563
247.8	0.002431
248.0	-0.001945
248.2	-0.014584
248.4	-0.001215
248.6	0.00316
248.8	0.008264
249.0	0.009479
249.2	0.01191
249.4	0.002431
249.6	-0.001945
249.8	0.017501
250.0	0.015313
250.2	0.009479
250.4	-0.000729
250.6	-0.004861
250.8	-0.01507
251.0	-0.008264
251.2	-0.027466
251.4	-0.012153
251.6	-0.003403
251.8	-0.00632
252.0	-0.017014
252.2	0.00559
252.4	0.021633
252.6	0.002917
252.8	-0.002674
253.0	-0.010695
253.2	-0.010938
253.4	0.010209
253.6	0.000486
253.8	0.002188
254.0	-0.001945
254.2	-0.006806
254.4	-0.014584
254.6	-0.021633
254.8	-0.021633
255.0	-0.019445
255.2	-0.016771
255.4	-0.006806
255.6	0.001458
255.8	0.013612
256.0	0.000486
256.2	-0.000972
256.4	-0.008993
256.6	-0.00875
256.8	-0.000243
257.0	-0.008993
257.2	-0.00632
257.4	0.003889
257.6	0.000729
257.8	-0.002188
258.0	-0.001215
258.2	-0.014584
258.4	-0.004375
258.6	-0.01507
258.8	-0.00875
259.0	0.002674
259.2	0.002674
259.4	0.003403
259.6	0.002431
259.8	-0.008264
260.0	0.023091
260.2	0.019931
260.4	0.014341
260.6	0.022605
260.8	0.021147
261.0	0.005104
261.2	0.013612
261.4	0.027223
261.6	0.004618
261.8	-0.003889
262.0	-0.001458
262.2	0.002188
262.4	-0.003889
262.6	-0.004618
262.8	0.004132
263.0	0.00316
263.2	0.001215
263.4	0.000486
263.6	-0.010209
263.8	-0.001458
264.0	0.010209
264.2	0.010209
264.4	0.004861
264.6	0.011181
264.8	-0.004375
265.0	-0.00316
265.2	-0.010209
265.4	-0.008507
265.6	-0.007535
265.8	-0.009966
266.0	0.008021
266.2	0.013855
266.4	0.007049
266.6	0.003646
266.8	-0.006563
267.0	-0.015556
267.2	-0.016771
267.4	-0.006806
267.6	0.003646
267.8	-0.007049
268.0	-0.006563
268.2	0.005104
268.4	-0.000243
268.6	0.007778
268.8	0.025765
269.0	0.024306
269.2	0.01507
269.4	0.00316
269.6	0.008993
269.8	0.0
270.0	0.008264
270.2	-0.00875
270.4	-0.009479
270.6	-0.007778
270.8	0.003646
271.0	-0.000729
271.2	0.013855
271.4	0.017987
271.6	-0.002431
271.8	-0.02698
272.0	-0.008021
272.2	0.010452
272.4	0.015313
272.6	0.005834
272.8	0.001701
273.0	-0.002917
273.2	-0.009966
273.4	-0.003889
273.6	-0.013125
273.8	-0.019445
274.0	-0.014827
274.2	-0.012882
274.4	-0.020417
274.6	-0.02139
274.8	0.010209
275.0	0.016285
275.2	0.004132
275.4	0.008993
275.6	0.007778
275.8	-0.004132
276.0	-0.015556
276.2	-0.004375
276.4	-0.012153
276.6	-0.019445
276.8	0.008993
277.0	0.014341
277.2	0.008993
277.4	0.009479
277.6	0.004132
277.8	0.00559
278.0	0.001945
278.2	0.001215
278.4	0.001701
278.6	0.005834
278.8	-0.002917
279.0	-0.008993
279.2	0.0
279.4	-0.002431
279.6	0.00632
279.8	0.022119
280.0	0.023091
280.2	0.023577
280.4	0.004618
280.6	-0.001215
280.8	0.002674
281.0	0.010209
281.2	0.002431
281.4	0.006563
281.6	0.007292
281.8	-0.013612
282.0	0.003403
282.2	0.015556
282.4	0.013855
282.6	-0.009479
282.8	-0.020417
283.0	-0.007535
283.2	-0.002188
283.4	-0.000729
283.6	0.002431
283.8	-0.00559
284.0	0.00632
284.2	0.003403
284.4	-0.002917
284.6	0.000729
284.8	0.002674
285.0	-0.005347
285.2	-0.007292
285.4	-0.006563
285.6	-0.024306
285.8	-0.002674
286.0	0.009966
286.2	0.003646
286.4	-0.000486
286.6	0.008264
286.8	0.006806
287.0	-0.014341
287.2	-0.017987
287.4	-0.005834
287.6	-0.001945
287.8	-0.00316
288.0	0.001215
288.2	-0.004618
288.4	-0.000243
288.6	0.002674
288.8	0.003646
289.0	0.011424
289.2	-0.007778
289.4	0.003889
289.6	-0.006563
289.8	-0.008264
290.0	0.017501
290.2	0.007535
290.4	0.020174
290.6	0.020903
290.8	0.021876
291.0	0.018959
291.2	0.00632
291.4	0.003403
291.6	-0.010452
291.8	-0.006806
292.0	-0.011181
292.2	0.005347
292.4	0.014584
292.6	0.017014
292.8	0.01507
293.0	0.00632
293.2	0.006077
293.4	0.00559
293.6	0.007292
293.8	0.002431
294.0	0.01191
294.2	0.007778
294.4	0.015313
294.6	0.016285
294.8	0.014827
295.0	0.013612
295.2	0.003889
295.4	0.008021
295.6	0.017014
295.8	0.017014
296.0	0.007049
296.2	0.01191
296.4	0.014827
296.6	0.006806
296.8	0.002431
297.0	0.002188
297.2	0.013368
297.4	0.009966
297.6	0.015313
297.8	0.017257
298.0	0.022119
298.2	0.016528
298.4	-0.004861
298.6	-0.006077
298.8	-0.001945
299.0	-0.002674
299.2	-0.016771
299.4	-0.006806
299.6	-0.000729
299.8	-0.007778
300.0	0.001458
300.2	0.009479
300.4	0.022119
300.6	0.016042
300.8	0.000972
301.0	0.004861
301.2	0.009236
301.4	-0.001458
301.6	-0.00559
301.8	-0.008264
302.0	-0.012639
302.2	-0.006077
302.4	0.000243
302.6	0.011424
302.8	0.015313
303.0	-0.005347
303.2	0.010695
303.4	0.02066
303.6	0.011667
303.8	0.009723
304.0	0.001945
304.2	0.007535
304.4	0.006563
304.6	-0.005104
304.8	-0.005834
305.0	0.004375
305.2	0.006077
305.4	0.006563
305.6	0.003403
305.8	-0.003403
306.0	0.010452
306.2	0.013125
306.4	0.010452
306.6	0.019445
306.8	0.014584
307.0	0.020903
307.2	0.024063
307.4	0.02066
307.6	0.022605
307.8	0.00559
308.0	0.012396
308.2	0.00875
308.4	0.006806
308.6	0.010209
308.8	0.008993
309.0	0.005347
309.2	-0.022119
309.4	-0.015556
309.6	-0.004132
309.8	0.016771
310.0	0.013612
310.2	0.003889
310.4	0.009479
310.6	0.013125
310.8	0.009723
311.0	0.008993
311.2	0.009966
311.4	0.00559
311.6	-0.001945
311.8	-0.011424
312.0	-0.014584
312.2	-0.007049
312.4	0.000729
312.6	-0.009966
312.8	-0.00632
313.0	0.004861
313.2	0.003889
313.4	0.001458
313.6	0.004861
313.8	0.004861
314.0	-0.012396
314.2	-0.001945
314.4	-0.003403
314.6	-0.003889
314.8	0.002674
315.0	0.016285
315.2	0.00559
315.4	0.009966
315.6	0.012153
315.8	0.02382
316.0	0.026008
316.2	0.02382
316.4	0.027466
316.6	0.005834
316.8	0.001945
317.0	0.006563
317.2	0.006077
317.4	-0.01191
317.6	-0.00632
317.8	0.002674
318.0	0.004618
318.2	0.012639
318.4	0.006806
318.6	-0.002431
318.8	0.004132
319.0	0.002188
319.2	-0.002188
319.4	-0.004132
319.6	-0.002188
319.8	-0.00316
320.0	-0.001701
320.2	-0.002917
320.4	-0.000972
320.6	-0.008507
320.8	-0.009966
321.0	-0.009479
321.2	-0.015799
321.4	-0.004618
321.6	-0.008993
321.8	-0.001215
322.0	-0.005834
322.2	-0.008264
322.4	0.000486
322.6	-0.008507
322.8	0.00316
323.0	-0.002431
323.2	0.006806
323.4	0.009723
323.6	-0.004861
323.8	0.001701
324.0	0.015556
324.2	0.002917
324.4	-0.000972
324.6	0.005347
324.8	0.01191
325.0	-0.009479
325.2	-0.001215
325.4	-0.000729
325.6	0.003646
325.8	0.008507
326.0	-0.000729

&

0.2	0.003889
0.4	0.00316
0.6	0.002188
0.8	-0.004861
1.0	-0.017257
1.2	-0.017014
1.4	-0.01191
1.6	-0.003646
1.8	0.003889
2.0	0.000729
2.2	0.001215
2.4	-0.002674
2.6	0.00559
2.8	0.00559
3.0	0.00316
3.2	-0.003403
3.4	0.02139
3.6	0.00875
3.8	0.008021
4.0	-0.02139
4.2	-0.000243
4.4	0.004375
4.6	-0.007292
4.8	-0.014341
5.0	-0.014098
5.2	-0.007292
5.4	-0.02066
5.6	-0.000486
5.8	-0.005104
6.0	-0.017014
6.2	-0.014098
6.4	-0.005347
6.6	-0.005104
6.8	0.010695
7.0	-0.008264
7.2	-0.009966
7.4	-0.014341
7.6	0.003403
7.8	-0.004861
8.0	-0.004618
8.2	0.00875
8.4	0.000486
8.6	-0.004861
8.8	0.010938
9.0	0.025522
9.2	0.020417
9.4	-0.005347
9.6	-0.012882
9.8	-0.004375
10.0	-0.005104
10.2	0.007292
10.4	0.006077
10.6	0.006563
10.8	0.01191
11.0	0.002188
11.2	0.012396
11.4	0.026737
11.6	0.017987
11.8	0.005834
12.0	0.006077
12.2	0.016771
12.4	0.010452
12.6	-0.006563
12.8	0.000243
13.0	-0.007292
13.2	-0.011667
13.4	-0.001458
13.6	-0.00316
13.8	-0.003889
14.0	0.001215
14.2	0.010452
14.4	-0.003646
14.6	0.006563
14.8	0.00875
15.0	0.025036
15.2	0.014341
15.4	0.011424
15.6	0.020417
15.8	0.010938
16.0	0.001945
16.2	-0.005104
16.4	-0.000729
16.6	-0.003403
16.8	0.009236
17.0	-0.00559
17.2	-0.008264
17.4	-0.016771
17.6	-0.010209
17.8	-0.00632
18.0	-0.02139
18.2	-0.008021
18.4	-0.00316
18.6	0.000729
18.8	0.021147
19.0	0.017501
19.2	0.014584
19.4	0.003889
19.6	0.009723
19.8	0.015556
20.0	-0.001945
20.2	-0.000972
20.4	-0.011181
20.6	-0.024549
20.8	-0.012882
21.0	-0.001458
21.2	-0.014827
21.4	0.007292
21.6	0.005347
21.8	0.01191
22.0	0.015556
22.2	-0.003889
22.4	-0.00559
22.6	0.004618
22.8	0.010452
23.0	-0.000729
23.2	0.000243
23.4	0.004861
23.6	-0.001701
23.8	0.00875
24.0	0.014341
24.2	0.017987
24.4	0.019445
24.6	0.01191
24.8	0.009723
25.0	0.010209
25.2	0.00632
25.4	0.000729
25.6	0.013368
25.8	0.022605
26.0	0.017501
26.2	0.009723
26.4	0.018716
26.6	0.00559
26.8	0.00632
27.0	0.002431
27.2	-0.014341
27.4	-0.006563
27.6	-0.001458
27.8	-0.003889
28.0	0.0
28.2	-0.004132
28.4	-0.008021
28.6	-0.017744
28.8	-0.012639
29.0	-0.012153
29.2	-0.006077
29.4	-0.011424
29.6	-0.009479
29.8	-0.009236
30.0	-0.011424
30.2	-0.014827
30.4	-0.015556
30.6	-0.013368
30.8	-0.002674
31.0	-0.004132
31.2	-0.000243
31.4	-0.005347
31.6	-0.011181
31.8	0.010938
32.0	0.012882
32.2	0.008264
32.4	-0.007292
32.6	-0.00316
32.8	0.010938
33.0	0.015799
33.2	0.00632
33.4	-0.007535
33.6	0.001945
33.8	-0.002188
34.0	0.002188
34.2	-0.000243
34.4	-0.001458
34.6	0.009236
34.8	0.002917
35.0	0.007778
35.2	0.001945
35.4	0.002674
35.6	-0.000486
35.8	-0.004375
36.0	0.010695
36.2	0.016042
36.4	0.010452
36.6	0.001215
36.8	0.012882
37.0	0.02066
37.2	0.011181
37.4	0.02066
37.6	0.001458
37.8	0.012396
38.0	0.008021
38.2	0.012153
38.4	0.001945
38.6	-0.005104
38.8	0.005347
39.0	-0.013855
39.2	-0.004375
39.4	-0.000729
39.6	-0.010695
39.8	0.006806
40.0	0.015556
40.2	0.018959
40.4	0.014341
40.6	0.023577
40.8	0.018959
41.0	0.023577
41.2	0.028195
41.4	0.017014
41.6	0.003889
41.8	-0.009479
42.0	-0.009479
42.2	-0.00875
42.4	0.013855
42.6	0.013612
42.8	0.010452
43.0	0.017501
43.2	0.012153
43.4	0.006563
43.6	0.010452
43.8	0.004375
44.0	0.005834
44.2	-0.003889
44.4	-0.005347
44.6	0.00559
44.8	0.002431
45.0	0.008993
45.2	-0.004618
45.4	-0.010938
45.6	-0.016771
45.8	-0.007535
46.0	-0.010209
46.2	-0.016771
46.4	-0.017987
46.6	-0.001701
46.8	-0.00316
47.0	0.001701
47.2	0.005834
47.4	0.008264
47.6	-0.000243
47.8	0.003889
48.0	-0.003403
48.2	-0.002431
48.4	-0.006806
48.6	0.01191
48.8	0.013368
49.0	0.007049
49.2	0.011181
49.4	0.001215
49.6	0.000243
49.8	0.003889
50.0	-0.004618
50.2	0.01191
50.4	0.013612
50.6	0.009966
50.8	0.005347
51.0	0.004618
51.2	0.008021
51.4	0.0
51.6	-0.000243
51.8	0.000243
52.0	0.012153
52.2	0.004861
52.4	0.0
52.6	0.002188
52.8	-0.004375
53.0	-0.002431
53.2	-0.00559
53.4	-0.018473
53.6	-0.019202
53.8	-0.002431
54.0	-0.007292
54.2	0.007292
54.4	0.000243
54.6	0.003889
54.8	0.000729
55.0	-0.004861
55.2	-0.001458
55.4	-0.001945
55.6	-0.000729
55.8	0.002674
56.0	0.002431
56.2	-0.00559
56.4	-0.004861
56.6	0.006077
56.8	0.008507
57.0	-0.010209
57.2	-0.007778
57.4	-0.007049
57.6	0.000486
57.8	0.003403
58.0	-0.012153
58.2	0.006806
58.4	-0.00559
58.6	-0.017014
58.8	0.002431
59.0	0.007535
59.2	0.005347
59.4	0.004618
59.6	-0.001458
59.8	-0.000729
60.0	-0.014098
60.2	-0.011181
60.4	0.000729
60.6	-0.019688
60.8	-0.005104
61.0	0.007049
61.2	0.008993
61.4	0.0
61.6	0.006806
61.8	0.012153
62.0	0.012153
62.2	-0.000243
62.4	-0.001215
62.6	-0.00632
62.8	-0.005104
63.0	-0.001215
63.2	0.008507
63.4	0.017257
63.6	0.004861
63.8	0.004375
64.0	0.011667
64.2	0.010695
64.4	0.018959
64.6	0.001458
64.8	0.007292
65.0	0.006563
65.2	-0.004861
65.4	-0.005104
65.6	0.012882
65.8	0.017501
66.0	0.007292
66.2	-0.001215
66.4	0.005347
66.6	0.012153
66.8	0.008264
67.0	0.01507
67.2	0.020903
67.4	0.009966
67.6	0.01507
67.8	0.024063
68.0	0.006077
68.2	0.004861
68.4	0.007778
68.6	0.00559
68.8	-0.000243
69.0	-0.001945
69.2	-0.010938
69.4	-0.024549
69.6	-0.012639
69.8	-0.003403
70.0	-0.009966
70.2	-0.010938
70.4	-0.009966
70.6	0.008264
70.8	0.00316
71.0	0.001215
71.2	0.003889
71.4	0.012882
71.6	0.011667
71.8	0.014098
72.0	0.01823
72.2	-0.000486
72.4	-0.003403
72.6	-0.01191
72.8	-0.019688
73.0	-0.007535
73.2	-0.014098
73.4	0.002188
73.6	-0.001945
73.8	-0.000486
74.0	-0.00316
74.2	-0.001215
74.4	-0.002674
74.6	0.008507
74.8	0.010452
75.0	0.000972
75.2	0.004618
75.4	0.001945
75.6	-0.00559
75.8	0.009966
76.0	0.006806
76.2	-0.007778
76.4	-0.010209
76.6	-0.010452
76.8	-0.003646
77.0	-0.003646
77.2	0.000486
77.4	0.016042
77.6	0.013368
77.8	0.005104
78.0	0.006563
78.2	0.013612
78.4	-0.001215
78.6	0.003646
78.8	-0.004618
79.0	-0.001215
79.2	0.000486
79.4	0.010452
79.6	0.013855
79.8	0.000729
80.0	0.004375
80.2	-0.008507
80.4	0.012639
80.6	-0.005347
80.8	-0.008264
81.0	-0.009236
81.2	-0.009966
81.4	-0.001215
81.6	-0.007049
81.8	0.005104
82.0	0.003403
82.2	0.000729
82.4	-0.00316
82.6	0.001215
82.8	0.001945
83.0	-0.005104
83.2	-0.01191
83.4	-0.007049
83.6	-0.001945
83.8	0.008507
84.0	-0.009236
84.2	-0.006806
84.4	-0.00875
84.6	-0.005834
84.8	-0.012153
85.0	-0.01507
85.2	-0.012153
85.4	-0.002917
85.6	0.000972
85.8	-0.002431
86.0	-0.006077
86.2	-0.003403
86.4	-0.001945
86.6	0.000729
86.8	0.007292
87.0	-0.006806
87.2	-0.007292
87.4	-0.009236
87.6	-0.005834
87.8	0.002431
88.0	-0.013612
88.2	-0.01191
88.4	0.005347
88.6	0.011667
88.8	0.014098
89.0	0.013125
89.2	0.015799
89.4	0.021633
89.6	0.008507
89.8	0.013368
90.0	0.025036
90.2	0.02382
90.4	-0.003889
90.6	-0.001945
90.8	0.004132
91.0	-0.001945
91.2	-0.014584
91.4	-0.020903
91.6	-0.025765
91.8	-0.020903
92.0	-0.012153
92.2	0.005104
92.4	0.009236
92.6	0.001215
92.8	0.001701
93.0	-0.009966
93.2	-0.000243
93.4	-0.00316
93.6	0.011667
93.8	-0.01507
94.0	-0.017987
94.2	0.002431
94.4	0.015556
94.6	0.001701
94.8	-0.010209
95.0	-0.001945
95.2	0.001945
95.4	0.0
95.6	0.003403
95.8	0.001215
96.0	0.002674
96.2	-0.001215
96.4	-0.001701
96.6	-0.000486
96.8	-0.001945
97.0	0.01191
97.2	0.015556
97.4	0.013612
97.6	-0.002674
97.8	-0.001458
98.0	-0.01191
98.2	0.001215
98.4	-0.003889
98.6	-0.002917
98.8	-0.003646
99.0	-0.004618
99.2	0.004375
99.4	0.016528
99.6	0.017014
99.8	0.003403
100.0	0.001458
100.2	0.011181
100.4	0.013855
100.6	0.007535
100.8	0.000729
101.0	-0.017987
101.2	-0.009236
101.4	-0.007778
101.6	-0.019688
101.8	-0.007778
102.0	-0.002188
102.2	-0.011181
102.4	-0.013368
102.6	-0.00875
102.8	0.008507
103.0	0.009723
103.2	0.014584
103.4	0.012153
103.6	0.010938
103.8	0.011424
104.0	-0.000729
104.2	-0.006563
104.4	0.00559
104.6	-0.003403
104.8	0.003646
105.0	-0.001458
105.2	-0.006806
105.4	-0.003403
105.6	-0.006077
105.8	0.004618
106.0	0.005347
106.2	0.004861
106.4	0.005347
106.6	-0.001215
106.8	-0.011667
107.0	-0.008021
107.2	0.000486
107.4	-0.009966
107.6	-0.014827
107.8	-0.007292
108.0	-0.005347
108.2	0.007049
108.4	0.000972
108.6	0.002188
108.8	0.0
109.0	0.004618
109.2	-0.012639
109.4	-0.024792
109.6	-0.013125
109.8	-0.012882
110.0	-0.001458
110.2	-0.006077
110.4	-0.017987
110.6	-0.013125
110.8	-0.001701
111.0	-0.003403
111.2	0.000243
111.4	-0.01507
111.6	-0.006563
111.8	-0.002674
112.0	-0.007535
112.2	-0.012153
112.4	0.003889
112.6	0.00559
112.8	0.007778
113.0	0.012639
113.2	0.010695
113.4	0.029168
113.6	0.033057
113.8	0.024306
114.0	-0.00316
114.2	-0.007535
114.4	-0.004861
114.6	-0.011424
114.8	-0.011181
115.0	-0.012639
115.2	-0.010938
115.4	-0.004132
115.6	-0.009723
115.8	0.003889
116.0	-0.002917
116.2	0.002188
116.4	0.009479
116.6	0.007778
116.8	0.010452
117.0	0.012396
117.2	0.013368
117.4	0.001945
117.6	0.002188
117.8	0.017744
118.0	0.015313
118.2	0.005347
118.4	0.006806
118.6	0.003646
118.8	-0.014341
119.0	-0.010938
119.2	-0.007049
119.4	0.000486
119.6	-0.012882
119.8	-0.015313
120.0	-0.00632
120.2	-0.013368
120.4	-0.012882
120.6	-0.010938
120.8	-0.007292
121.0	-0.011181
121.2	-0.017257
121.4	0.001945
121.6	-0.002188
121.8	0.012396
122.0	0.006563
122.2	-0.002431
122.4	0.001215
122.6	-0.004132
122.8	-0.002674
123.0	-0.002431
123.2	0.013612
123.4	-0.000729
123.6	-0.009236
123.8	-0.000486
124.0	-0.007778
124.2	-0.009723
124.4	0.003646
124.6	0.009479
124.8	0.006077
125.0	0.00316
125.2	-0.000729
125.4	0.01191
125.6	0.004618
125.8	0.003889
126.0	0.024306
126.2	0.022362
126.4	0.021876
126.6	0.009966
126.8	0.011667
127.0	0.00875
127.2	0.00316
127.4	-0.011667
127.6	-0.006077
127.8	0.002188
128.0	-0.000486
128.2	-0.002431
128.4	0.007292
128.6	0.011181
128.8	0.014584
129.0	0.00559
129.2	0.008264
129.4	-0.000729
129.6	-0.000972
129.8	-0.005104
130.0	-0.01191
130.2	-0.005347
130.4	-0.002674
130.6	0.014584
130.8	0.003646
131.0	-0.004861
131.2	-0.012639
131.4	-0.009479
131.6	0.002188
131.8	0.012396
132.0	0.009966
132.2	0.014584
132.4	0.004861
132.6	0.013125
132.8	0.010452
133.0	0.010452
133.2	0.019202
133.4	0.013368
133.6	0.007535
133.8	0.009723
134.0	0.012153
134.2	0.010938
134.4	0.004618
134.6	0.01823
134.8	0.014584
135.0	0.007535
135.2	0.003889
135.4	-0.003403
135.6	-0.029168
135.8	-0.018473
136.0	-0.017257
136.2	-0.006563
136.4	0.0
136.6	-0.000729
136.8	-0.004861
137.0	0.00632
137.2	0.010938
137.4	0.010938
137.6	0.009966
137.8	0.007292
138.0	0.006077
138.2	0.003646
138.4	0.002188
138.6	0.000972
138.8	0.011424
139.0	0.018716
139.2	0.02139
139.4	0.029411
139.6	0.00316
139.8	0.002917
140.0	-0.004132
140.2	0.003889
140.4	0.004618
140.6	0.001945
140.8	0.007049
141.0	0.001945
141.2	0.002917
141.4	-0.007049
141.6	0.002188
141.8	-0.011424
142.0	-0.009479
142.2	-0.014827
142.4	-0.01507
142.6	-0.001701
142.8	-0.007049
143.0	-0.023577
143.2	-0.024792
143.4	-0.017744
143.6	-0.012396
143.8	-0.003889
144.0	-0.009723
144.2	0.001458
144.4	0.00875
144.6	-0.001701
144.8	-0.004861
145.0	-0.006806
145.2	-0.005104
145.4	0.000729
145.6	0.011181
145.8	-0.006806
146.0	-0.004861
146.2	-0.001701
146.4	0.009236
146.6	0.014827
146.8	0.004132
147.0	0.005834
147.2	0.011181
147.4	0.014584
147.6	0.014098
147.8	0.000729
148.0	0.005834
148.2	0.007049
148.4	-0.004375
148.6	0.002917
148.8	-0.001945
149.0	-0.001701
149.2	-0.012153
149.4	-0.00875
149.6	-0.010695
149.8	-0.00559
150.0	0.006077
150.2	0.012153
150.4	0.005834
150.6	-0.004618
150.8	0.002917
151.0	0.008507
151.2	0.009236
151.4	0.014584
151.6	0.011424
151.8	0.009479
152.0	0.005347
152.2	0.001945
152.4	0.005104
152.6	0.012639
152.8	0.02139
153.0	0.022848
153.2	0.005347
153.4	0.004618
153.6	0.001701
153.8	0.012153
154.0	0.016771
154.2	0.024306
154.4	0.016771
154.6	0.022362
154.8	0.02066
155.0	0.012396
155.2	0.016771
155.4	0.015799
155.6	0.004861
155.8	0.009966
156.0	0.006077
156.2	-0.000972
156.4	0.017744
156.6	0.012639
156.8	0.013855
157.0	0.016771
157.2	0.009236
157.4	-0.000486
157.6	-0.004375
157.8	0.005104
158.0	0.001945
158.2	0.004861
158.4	-0.003403
158.6	-0.004861
158.8	-0.011181
159.0	-0.001215
159.2	0.007778
159.4	-0.008021
159.6	-0.012882
159.8	-0.012639
160.0	-0.007778
160.2	-0.000243
160.4	0.007778
160.6	0.00632
160.8	-0.005834
161.0	0.004861
161.2	-0.003646
161.4	-0.005834
161.6	-0.012639
161.8	-0.005104
162.0	0.000243
162.2	-0.005104
162.4	-0.001945
162.6	0.007535
162.8	0.008021
163.0	0.010695
163.2	0.017014
163.4	0.020903
163.6	0.012396
163.8	0.018473
164.0	0.016771
164.2	0.013855
164.4	0.013612
164.6	-0.008507
164.8	0.002674
165.0	-0.00316
165.2	0.003889
165.4	0.007778
165.6	0.012882
165.8	0.009236
166.0	0.000243
166.2	-0.011181
166.4	-0.016771
166.6	-0.018716
166.8	-0.001945
167.0	0.003646
167.2	0.009236
167.4	-0.000729
167.6	-0.001945
167.8	0.003403
168.0	0.017501
168.2	0.007535
168.4	-0.001945
168.6	-0.007292
168.8	0.000729
169.0	-0.000486
169.2	0.00559
169.4	0.008264
169.6	0.020417
169.8	0.006806
170.0	0.00316
170.2	0.005104
170.4	0.005834
170.6	0.015313
170.8	0.009723
171.0	0.004618
171.2	0.002674
171.4	0.00632
171.6	0.00632
171.8	-0.008507
172.0	-0.017744
172.2	-0.014098
172.4	-0.009479
172.6	-0.007535
172.8	-0.004375
173.0	0.00316
173.2	-0.005104
173.4	-0.002431
173.6	0.002674
173.8	0.012153
174.0	0.004861
174.2	-0.003889
174.4	0.009479
174.6	0.006077
174.8	0.00559
175.0	0.015313
175.2	0.017501
175.4	0.012882
175.6	0.004375
175.8	0.009723
176.0	0.002674
176.2	0.007535
176.4	0.001215
176.6	0.010695
176.8	-0.001945
177.0	-0.004375
177.2	0.010209
177.4	0.001458
177.6	0.002188
177.8	0.002188
178.0	-0.010695
178.2	-0.006563
178.4	-0.015799
178.6	-0.016042
178.8	-0.004618
179.0	-0.001945
179.2	-0.022119
179.4	-0.014584
179.6	-0.014341
179.8	-0.014584
180.0	-0.01507
180.2	-0.031598
180.4	-0.016285
180.6	-0.011424
180.8	-0.009723
181.0	-0.021633
181.2	-0.023334
181.4	0.005834
181.6	0.009236
181.8	0.020174
182.0	0.016771
182.2	0.013855
182.4	0.01823
182.6	0.019445
182.8	0.018473
183.0	0.014827
183.2	0.004132
183.4	-0.000486
183.6	0.001945
183.8	0.009723
184.0	0.001458
184.2	0.004618
184.4	-0.001458
184.6	-0.002188
184.8	-0.001701
185.0	-0.003403
185.2	-0.011667
185.4	-0.009479
185.6	-0.011181
185.8	-0.00559
186.0	-0.004861
186.2	-0.000486
186.4	-0.012396
186.6	0.007049
186.8	0.013125
187.0	0.016285
187.2	-0.008021
187.4	-0.006806
187.6	-0.013612
187.8	-0.004132
188.0	0.000729
188.2	0.008507
188.4	-0.000243
188.6	-0.007535
188.8	-0.004618
189.0	-0.006077
189.2	0.011424
189.4	0.003646
189.6	0.007049
189.8	0.004375
190.0	0.004618
190.2	-0.004375
190.4	0.000243
190.6	-0.002917
190.8	0.014341
191.0	-0.001215
191.2	-0.000729
191.4	-0.020174
191.6	0.001458
191.8	-0.002674
192.0	0.00875
192.2	0.021876
192.4	0.019445
192.6	0.023334
192.8	0.011667
193.0	0.008264
193.2	0.011667
193.4	0.002674
193.6	0.007049
193.8	-0.002917
194.0	-0.003646
194.2	0.003646
194.4	0.001701
194.6	0.006563
194.8	-0.000972
195.0	-0.004132
195.2	-0.000729
195.4	-0.004132
195.6	0.005834
195.8	0.003646
196.0	0.009236
196.2	0.007049
196.4	0.008264
196.6	-0.016528
196.8	-0.001215
197.0	0.002917
197.2	-0.017501
197.4	-0.018959
197.6	-0.018959
197.8	-0.021876
198.0	-0.022362
198.2	-0.005104
198.4	-0.006077
198.6	-0.006563
198.8	-0.009236
199.0	-0.002917
199.2	-0.015556
199.4	0.012396
199.6	0.000729
199.8	-0.000243
200.0	0.013125
200.2	0.010938
200.4	0.002431
200.6	0.005347
200.8	0.011181
201.0	0.005834
201.2	-0.003403
201.4	-0.009479
201.6	-0.004375
201.8	0.00632
202.0	0.00316
202.2	-0.004132
202.4	-0.004861
202.6	-0.00559
202.8	-0.001458
203.0	-0.003889
203.2	0.00316
203.4	-0.003403
203.6	-0.00316
203.8	-0.004861
204.0	-0.001945
204.2	-0.003646
204.4	0.004861
204.6	0.012396
204.8	0.002188
205.0	-0.009966
205.2	-0.005104
205.4	0.000729
205.6	-0.014584
205.8	-0.017257
206.0	-0.015313
206.2	-0.000729
206.4	0.009236
206.6	0.017014
206.8	0.023091
207.0	0.023091
207.2	0.008507
207.4	0.002431
207.6	0.001215
207.8	0.008507
208.0	0.018716
208.2	0.007292
208.4	-0.001215
208.6	0.001458
208.8	0.00559
209.0	0.010938
209.2	0.001215
209.4	-0.001701
209.6	0.009236
209.8	0.005834
210.0	0.002431
210.2	0.00316
210.4	0.013368
210.6	0.002674
210.8	0.004861
211.0	-0.018959
211.2	-0.017014
211.4	-0.013612
211.6	-0.002917
211.8	-0.012153
212.0	0.000729
212.2	0.009479
212.4	-0.006563
212.6	-0.012639
212.8	-0.005834
213.0	-0.001215
213.2	-0.018473
213.4	-0.003889
213.6	-0.005834
213.8	-0.014827
214.0	-0.004132
214.2	-0.013612
214.4	-0.013612
214.6	-0.011667
214.8	-0.01191
215.0	-0.006563
215.2	-0.01823
215.4	-0.006563
215.6	-0.001945
215.8	0.01191
216.0	0.012639
216.2	0.016042
216.4	0.016285
216.6	0.009966
216.8	0.004861
217.0	-0.004618
217.2	0.000243
217.4	-0.000486
217.6	0.012153
217.8	0.013125
218.0	0.006806
218.2	-0.000729
218.4	-0.003646
218.6	-0.006563
218.8	-0.002188
219.0	-0.002674
219.2	0.000729
219.4	-0.010695
219.6	0.003646
219.8	-0.00632
220.0	0.004861
220.2	-0.003403
220.4	-0.011424
220.6	-0.026494
220.8	-0.023334
221.0	-0.022605
221.2	-0.017014
221.4	-0.011424
221.6	-0.023577
221.8	-0.003403
222.0	0.010938
222.2	0.014098
222.4	-0.004132
222.6	0.00875
222.8	0.00559
223.0	0.013612
223.2	0.000486
223.4	0.011181
223.6	0.002674
223.8	-0.003403
224.0	0.002431
224.2	-0.002431
224.4	-0.004618
224.6	-0.002431
224.8	-0.01191
225.0	-0.000972
225.2	0.015313
225.4	0.002674
225.6	0.003889
225.8	0.004132
226.0	0.001215
226.2	-0.006806
226.4	0.000729
226.6	0.014584
226.8	0.003646
227.0	-0.010209
227.2	-0.004861
227.4	-0.003403
227.6	-0.009723
227.8	-0.010695
228.0	-0.012882
228.2	-0.020417
228.4	-0.004861
228.6	0.004618
228.8	0.007292
229.0	-0.010938
229.2	-0.010209
229.4	-0.001458
229.6	0.004132
229.8	0.001701
230.0	-0.002674
230.2	-0.004132
230.4	-0.001701
230.6	-0.00875
230.8	0.003646
231.0	-0.004861
231.2	0.017744
231.4	-0.003403
231.6	-0.005834
231.8	-0.003889
232.0	0.005347
232.2	0.004618
232.4	0.000486
232.6	-0.008507
232.8	0.0
233.0	0.001215
233.2	-0.000486
233.4	0.004861
233.6	-0.00316
233.8	0.00559
234.0	-0.002431
234.2	-0.014098
234.4	0.005347
234.6	0.009966
234.8	-0.006077
235.0	-0.014584
235.2	-0.010938
235.4	-0.010452
235.6	-0.009723
235.8	0.003646
236.0	-0.001701
236.2	-0.007535
236.4	-0.023334
236.6	-0.022119
236.8	-0.019445
237.0	-0.012153
237.2	-0.011424
237.4	-0.019931
237.6	-0.02139
237.8	-0.017014
238.0	-0.002188
238.2	-0.010938
238.4	-0.014827
238.6	-0.000729
238.8	0.013612
239.0	0.016771
239.2	0.013368
239.4	0.007049
239.6	0.008264
239.8	0.002188
240.0	0.010938
240.2	0.015556
240.4	0.016771
240.6	0.013368
240.8	0.010695
241.0	-0.00316
241.2	-0.001458
241.4	0.003403
241.6	0.0
241.8	-0.006077
242.0	-0.004132
242.2	-0.000972
242.4	-0.003889
242.6	-0.008507
242.8	-0.004132
243.0	-0.004375
243.2	0.000972
243.4	-0.000243
243.6	0.002674
243.8	0.001701
244.0	0.007292
244.2	0.000729
244.4	0.011667
244.6	-0.001458
244.8	-0.00559
245.0	0.001458
245.2	0.003403
245.4	0.012639
245.6	0.013125
245.8	0.014341
246.0	0.003889
246.2	0.009723
246.4	0.010695
246.6	0.006806
246.8	0.01507
247.0	0.011181
247.2	0.002188
247.4	0.007292
247.6	0.013125
247.8	0.016042
248.0	-0.00559
248.2	-0.005104
248.4	0.009479
248.6	0.009966
248.8	0.001701
249.0	-0.002917
249.2	0.00559
249.4	0.010938
249.6	-0.004375
249.8	-0.004861
250.0	-0.007535
250.2	-0.003403
250.4	-0.004132
250.6	0.001945
250.8	-0.000972
251.0	-0.006563
251.2	-0.012153
251.4	0.005347
251.6	-0.008993
251.8	-0.001701
252.0	-0.004132
252.2	-0.002431
252.4	-0.005347
252.6	0.010938
252.8	-0.004618
253.0	-0.002674
253.2	-0.007292
253.4	-0.00559
253.6	0.004132
253.8	0.01507
254.0	0.011424
254.2	0.002431
254.4	0.010695
254.6	0.012882
254.8	0.01823
255.0	0.021633
255.2	0.00559
255.4	0.004618
255.6	-0.000486
255.8	-0.003646
256.0	-0.007292
256.2	0.002431
256.4	-0.003889
256.6	-0.002674
256.8	0.000486
257.0	-0.002917
257.2	0.012639
257.4	0.006806
257.6	0.001215
257.8	-0.013855
258.0	-0.013855
258.2	-0.007292
258.4	0.001215
258.6	-0.007292
258.8	-0.007778
259.0	-0.004375
259.2	-0.00316
259.4	-0.004618
259.6	-0.012882
259.8	-0.009966
260.0	-0.005104
260.2	-0.01191
260.4	-0.007778
260.6	-0.00875
260.8	-0.001945
261.0	-0.001215
261.2	0.000972
261.4	-0.001458
261.6	-0.005104
261.8	-0.014341
262.0	-0.012882
262.2	-0.003889
262.4	-0.015556
262.6	-0.014584
262.8	-0.013125
263.0	-0.004375
263.2	0.004375
263.4	-0.011181
263.6	0.0
263.8	-0.014098
264.0	-0.018959
264.2	-0.011181
264.4	-0.012396
264.6	-0.002188
264.8	-0.002917
265.0	-0.00559
265.2	-0.007049
265.4	-0.006806
265.6	-0.008993
265.8	-0.009479
266.0	-0.012396
266.2	-0.01191
266.4	-0.009236
266.6	-0.007292
266.8	0.011424
267.0	0.008993
267.2	-0.005347
267.4	-0.014584
267.6	-0.017501
267.8	-0.00875
268.0	0.001215
268.2	-0.000486
268.4	-0.000972
268.6	0.002188
268.8	-0.007535
269.0	0.004132
269.2	-0.013855
269.4	-0.020417
269.6	-0.005347
269.8	-0.004861
270.0	-0.012639
270.2	0.002431
270.4	0.010209
270.6	-0.004375
270.8	-0.009236
271.0	-0.008264
271.2	0.009966
271.4	0.003889
271.6	0.015799
271.8	-0.00559
272.0	-0.005104
272.2	-0.000972
272.4	0.016042
272.6	-0.004618
272.8	-0.020417
273.0	-0.001701
273.2	0.007292
273.4	0.005104
273.6	0.004861
273.8	0.005347
274.0	-0.00559
274.2	-0.000243
274.4	0.010938
274.6	0.006077
274.8	0.002674
275.0	0.010209
275.2	-0.011181
275.4	0.006806
275.6	-0.002188
275.8	-0.012882
276.0	-0.00316
276.2	0.017014
276.4	-0.000972
276.6	0.000243
276.8	0.007535
277.0	0.026494
277.2	0.017744
277.4	-0.001945
277.6	-0.012639
277.8	-0.004375
278.0	-0.011424
278.2	0.002188
278.4	0.004375
278.6	0.0
278.8	0.002188
279.0	-0.003403
279.2	-0.007292
279.4	0.001945
279.6	0.013855
279.8	0.016042
280.0	0.013612
280.2	0.007292
280.4	0.005347
280.6	0.00559
280.8	-0.001215
281.0	0.0
281.2	0.002674
281.4	-0.001701
281.6	0.002431
281.8	0.002188
282.0	0.000729
282.2	0.000972
282.4	-0.006077
282.6	-0.021876
282.8	-0.014341
283.0	-0.000972
283.2	-0.015799
283.4	-0.008264
283.6	-0.008507
283.8	-0.009479
284.0	-0.002917
284.2	0.00875
284.4	0.009966
284.6	0.001458
284.8	0.000243
285.0	-0.001945
285.2	-0.004132
285.4	-0.012882
285.6	-0.005834
285.8	-0.01191
286.0	-0.015313
286.2	-0.022848
286.4	-0.013368
286.6	-0.020903
286.8	-0.016771
287.0	-0.019445
287.2	-0.00875
287.4	-0.022848
287.6	-0.01507
287.8	-0.014341
288.0	-0.008264
288.2	-0.00632
288.4	-0.012639
288.6	-0.003403
288.8	-0.000972
289.0	0.005347
289.2	0.004132
289.4	0.006077
289.6	-0.003403
289.8	0.007778
290.0	0.008021
290.2	-0.008264
290.4	-0.00316
290.6	0.007049
290.8	0.009479
291.0	0.002188
291.2	0.001215
291.4	0.011181
291.6	0.005104
291.8	-0.01191
292.0	-0.005834
292.2	0.006077
292.4	0.001701
292.6	-0.001701
292.8	0.022362
293.0	0.022362
293.2	0.022119
293.4	0.001945
293.6	0.008021
293.8	0.025279
294.0	0.013125
294.2	0.017257
294.4	0.01191
294.6	0.005834
294.8	0.007292
295.0	0.006806
295.2	0.000243
295.4	-0.005347
295.6	-0.020174
295.8	-0.004132
296.0	-0.000486
296.2	-0.009723
296.4	-0.010938
296.6	-0.009966
296.8	-0.007778
297.0	-0.006563
297.2	0.014827
297.4	0.017257
297.6	0.009723
297.8	0.004132
298.0	-0.001701
298.2	0.012396
298.4	0.011181
298.6	0.004618
298.8	0.010209
299.0	0.012882
299.2	0.009479
299.4	0.013612
299.6	0.020903
299.8	0.027709
300.0	0.026494
300.2	0.016285
300.4	0.007535
300.6	0.009236
300.8	0.008264
301.0	0.00559
301.2	0.016285
301.4	0.015556
301.6	0.015799
301.8	0.010452
302.0	0.001458
302.2	0.005104
302.4	-0.002674
302.6	-0.002188
302.8	-0.014827
303.0	0.000243
303.2	-0.004375
303.4	0.001945
303.6	-0.005104
303.8	-0.002917
304.0	-0.013368
304.2	-0.002917
304.4	0.010452
304.6	0.016042
304.8	0.016771
305.0	0.004618
305.2	-0.004132
305.4	0.000972
305.6	0.003889
305.8	-0.002917
306.0	-0.000972
306.2	0.001458
306.4	0.002917
306.6	0.001458
306.8	-0.006077
307.0	-0.009723
307.2	-0.008993
307.4	-0.00632
307.6	-0.00632
307.8	-0.004618
308.0	-0.011424
308.2	-0.012882
308.4	-0.00632
308.6	0.006077
308.8	0.012153
309.0	-0.000729
309.2	-0.006563
309.4	0.004132
309.6	0.005834
309.8	-0.001701
310.0	-0.00316
310.2	0.000729
310.4	0.003646
310.6	-0.005347
310.8	-0.003646
311.0	0.003889
311.2	-0.010452
311.4	-0.01191
311.6	-0.004375
311.8	-0.003403
312.0	0.00316
312.2	0.010938
312.4	0.007292
312.6	0.005104
312.8	0.005347
313.0	0.002917
313.2	0.008507
313.4	0.008021
313.6	0.009236
313.8	-0.000729
314.0	0.007049
314.2	0.007292
314.4	0.000972
314.6	-0.008264
314.8	-0.002674
315.0	-0.010938
315.2	-0.009966
315.4	-0.002917
315.6	0.003889
315.8	0.002431
316.0	-0.001215
316.2	0.002917
316.4	0.006806
316.6	0.014098
316.8	0.011667
317.0	0.018473
317.2	0.01507
317.4	0.017257
317.6	0.00632
317.8	0.010209
318.0	-0.016771
318.2	-0.004132
318.4	-0.003403
318.6	-0.00559
318.8	-0.002188
319.0	-0.006563
319.2	-0.010209
319.4	-0.017744
319.6	-0.018473
319.8	-0.007292
320.0	-0.006563
320.2	-0.009479
320.4	-0.00559
320.6	-0.012396
320.8	-0.006806
321.0	0.0
321.2	-0.001215
321.4	0.001945
321.6	0.000243
321.8	0.002431
322.0	0.023334
322.2	0.025279
322.4	0.006077
322.6	0.014341
322.8	0.0
323.0	0.009479
323.2	0.007535
323.4	-0.010695
323.6	-0.013368
323.8	-0.001458
324.0	-0.002674
324.2	-0.009723
324.4	-0.00316
324.6	0.016771
324.8	0.017014
325.0	0.011424
325.2	-0.003403
325.4	-0.024306
325.6	-0.019688
325.8	-0.025765
326.0	-0.010938

&

0.2	0.000617
0.4	0.000791
0.6	0.001001
0.8	0.001164
1.0	0.001012
1.2	0.001501
1.4	0.001582
1.6	0.001769
1.8	0.001978
2.0	0.002129
2.2	0.002025
2.4	0.002478
2.6	0.002292
2.8	0.002781
3.0	0.00256
3.2	0.002955
3.4	0.00263
3.6	0.002758
3.8	0.00299
4.0	0.002851
4.2	0.002653
4.4	0.002699
4.6	0.002315
4.8	0.002455
5.0	0.002432
5.2	0.00242
5.4	0.002304
5.6	0.002001
5.8	0.002409
6.0	0.002781
6.2	0.003176
6.4	0.003886
6.6	0.004154
6.8	0.004014
7.0	0.004375
7.2	0.004235
7.4	0.004771
7.6	0.004363
7.8	0.0037
8.0	0.003386
8.2	0.003479
8.4	0.003502
8.6	0.003316
8.8	0.003584
9.0	0.003316
9.2	0.003491
9.4	0.003479
9.6	0.003048
9.8	0.002967
10.0	0.002793
10.2	0.002571
10.4	0.002537
10.6	0.002409
10.8	0.002001
11.0	0.001862
11.2	0.002362
11.4	0.002793
11.6	0.002874
11.8	0.002874
12.0	0.002897
12.2	0.002862
12.4	0.002816
12.6	0.002793
12.8	0.002932
13.0	0.002932
13.2	0.003526
13.4	0.003281
13.6	0.003048
13.8	0.002932
14.0	0.002874
14.2	0.002793
14.4	0.002595
14.6	0.002769
14.8	0.002292
15.0	0.00249
15.2	0.002362
15.4	0.002409
15.6	0.002083
15.8	0.002025
16.0	0.001873
16.2	0.001885
16.4	0.002013
16.6	0.002478
16.8	0.002665
17.0	0.002548
17.2	0.002804
17.4	0.003095
17.6	0.002955
17.8	0.003398
18.0	0.003886
18.2	0.003456
18.4	0.003304
18.6	0.003828
18.8	0.003572
19.0	0.002967
19.2	0.003176
19.4	0.002967
19.6	0.003095
19.8	0.003246
20.0	0.002746
20.2	0.002816
20.4	0.002816
20.6	0.00306
20.8	0.002944
21.0	0.00313
21.2	0.003188
21.4	0.003409
21.6	0.003351
21.8	0.002525
22.0	0.002839
22.2	0.002851
22.4	0.003258
22.6	0.00299
22.8	0.003072
23.0	0.002653
23.2	0.002606
23.4	0.003095
23.6	0.003595
23.8	0.003491
24.0	0.003816
24.2	0.003805
24.4	0.003386
24.6	0.003886
24.8	0.004293
25.0	0.004421
25.2	0.004293
25.4	0.003782
25.6	0.0042
25.8	0.004352
26.0	0.004433
26.2	0.004712
26.4	0.004247
26.6	0.004096
26.8	0.003758
27.0	0.0032
27.2	0.003048
27.4	0.003118
27.6	0.003281
27.8	0.003502
28.0	0.002467
28.2	0.002606
28.4	0.002723
28.6	0.002257
28.8	0.001978
29.0	0.00192
29.2	0.001745
29.4	0.001594
29.6	0.001617
29.8	0.001652
30.0	0.001745
30.2	0.001769
30.4	0.002036
30.6	0.002141
30.8	0.002385
31.0	0.002758
31.2	0.002723
31.4	0.002746
31.6	0.002897
31.8	0.002734
32.0	0.003211
32.2	0.00306
32.4	0.00363
32.6	0.00313
32.8	0.003258
33.0	0.003072
33.2	0.003432
33.4	0.003735
33.6	0.003537
33.8	0.003223
34.0	0.002653
34.2	0.002583
34.4	0.002537
34.6	0.002874
34.8	0.003037
35.0	0.002769
35.2	0.002606
35.4	0.002397
35.6	0.002478
35.8	0.00199
36.0	0.002304
36.2	0.002106
36.4	0.002281
36.6	0.002327
36.8	0.002397
37.0	0.002758
37.2	0.00263
37.4	0.002653
37.6	0.002734
37.8	0.002851
38.0	0.002758
38.2	0.002827
38.4	0.002723
38.6	0.003328
38.8	0.003165
39.0	0.003025
39.2	0.003584
39.4	0.002804
39.6	0.00249
39.8	0.002862
40.0	0.002793
40.2	0.002862
40.4	0.003153
40.6	0.003072
40.8	0.003235
41.0	0.002641
41.2	0.00299
41.4	0.00263
41.6	0.002653
41.8	0.002676
42.0	0.002571
42.2	0.00263
42.4	0.002618
42.6	0.002897
42.8	0.002827
43.0	0.002769
43.2	0.00256
43.4	0.002443
43.6	0.002827
43.8	0.002618
44.0	0.002292
44.2	0.002327
44.4	0.002513
44.6	0.002467
44.8	0.002571
45.0	0.002653
45.2	0.002374
45.4	0.002129
45.6	0.002257
45.8	0.002583
46.0	0.002606
46.2	0.002606
46.4	0.002432
46.6	0.00256
46.8	0.002746
47.0	0.002385
47.2	0.002304
47.4	0.002211
47.6	0.002455
47.8	0.002257
48.0	0.002339
48.2	0.002432
48.4	0.002595
48.6	0.002816
48.8	0.002839
49.0	0.00263
49.2	0.002839
49.4	0.00242
49.6	0.002281
49.8	0.002734
50.0	0.002583
50.2	0.002862
50.4	0.002979
50.6	0.003014
50.8	0.002839
51.0	0.003048
51.2	0.002979
51.4	0.002746
51.6	0.00299
51.8	0.002676
52.0	0.002571
52.2	0.002525
52.4	0.002443
52.6	0.002955
52.8	0.002502
53.0	0.00263
53.2	0.00249
53.4	0.002397
53.6	0.002292
53.8	0.002176
54.0	0.002443
54.2	0.002641
54.4	0.002339
54.6	0.00256
54.8	0.002094
55.0	0.002141
55.2	0.001769
55.4	0.001827
55.6	0.002036
55.8	0.002525
56.0	0.002804
56.2	0.003072
56.4	0.003246
56.6	0.002967
56.8	0.00242
57.0	0.002839
57.2	0.002955
57.4	0.003514
57.6	0.003793
57.8	0.003491
58.0	0.003339
58.2	0.003502
58.4	0.003584
58.6	0.003665
58.8	0.003293
59.0	0.003153
59.2	0.002874
59.4	0.003211
59.6	0.003153
59.8	0.002851
60.0	0.002944
60.2	0.002874
60.4	0.002699
60.6	0.002374
60.8	0.002734
61.0	0.002781
61.2	0.002862
61.4	0.003304
61.6	0.003293
61.8	0.002804
62.0	0.003037
62.2	0.003374
62.4	0.003014
62.6	0.003654
62.8	0.003654
63.0	0.003642
63.2	0.003409
63.4	0.003991
63.6	0.003758
63.8	0.00391
64.0	0.004305
64.2	0.003549
64.4	0.004003
64.6	0.003886
64.8	0.003444
65.0	0.003956
65.2	0.003479
65.4	0.003456
65.6	0.003176
65.8	0.003374
66.0	0.00327
66.2	0.003479
66.4	0.003374
66.6	0.003479
66.8	0.00299
67.0	0.002909
67.2	0.003421
67.4	0.002921
67.6	0.003048
67.8	0.00306
68.0	0.002432
68.2	0.002816
68.4	0.003025
68.6	0.003107
68.8	0.003153
69.0	0.003386
69.2	0.003432
69.4	0.003211
69.6	0.003328
69.8	0.003258
70.0	0.003118
70.2	0.003107
70.4	0.002746
70.6	0.002955
70.8	0.003153
71.0	0.003118
71.2	0.003444
71.4	0.003386
71.6	0.002804
71.8	0.002781
72.0	0.002292
72.2	0.002025
72.4	0.002141
72.6	0.002513
72.8	0.002467
73.0	0.003072
73.2	0.002862
73.4	0.002362
73.6	0.002525
73.8	0.003014
74.0	0.002955
74.2	0.002734
74.4	0.002851
74.6	0.002723
74.8	0.002862
75.0	0.00306
75.2	0.003095
75.4	0.003037
75.6	0.003293
75.8	0.002781
76.0	0.002513
76.2	0.002537
76.4	0.002339
76.6	0.002036
76.8	0.002234
77.0	0.001838
77.2	0.002083
77.4	0.002071
77.6	0.002432
77.8	0.002548
78.0	0.001582
78.2	0.00171
78.4	0.002583
78.6	0.002711
78.8	0.002304
79.0	0.00235
79.2	0.002304
79.4	0.002583
79.6	0.002676
79.8	0.002513
80.0	0.002537
80.2	0.002641
80.4	0.003083
80.6	0.003188
80.8	0.002618
81.0	0.002502
81.2	0.002595
81.4	0.002711
81.6	0.002723
81.8	0.002513
82.0	0.002583
82.2	0.00249
82.4	0.002409
82.6	0.002176
82.8	0.002385
83.0	0.002723
83.2	0.002839
83.4	0.002804
83.6	0.003153
83.8	0.003118
84.0	0.002222
84.2	0.002525
84.4	0.002734
84.6	0.002409
84.8	0.002676
85.0	0.002443
85.2	0.002106
85.4	0.002141
85.6	0.002176
85.8	0.002036
86.0	0.002129
86.2	0.002362
86.4	0.002583
86.6	0.002921
86.8	0.002897
87.0	0.002397
87.2	0.002187
87.4	0.002525
87.6	0.002548
87.8	0.002455
88.0	0.002315
88.2	0.002315
88.4	0.002804
88.6	0.002711
88.8	0.002886
89.0	0.002769
89.2	0.00313
89.4	0.003118
89.6	0.00235
89.8	0.00263
90.0	0.002606
90.2	0.002537
90.4	0.002967
90.6	0.003374
90.8	0.003432
91.0	0.003281
91.2	0.003048
91.4	0.003549
91.6	0.003793
91.8	0.003723
92.0	0.003956
92.2	0.003386
92.4	0.003363
92.6	0.003979
92.8	0.004142
93.0	0.003584
93.2	0.003246
93.4	0.003095
93.6	0.003432
93.8	0.00391
94.0	0.003828
94.2	0.003921
94.4	0.003991
94.6	0.003479
94.8	0.003316
95.0	0.003444
95.2	0.002921
95.4	0.002397
95.6	0.002676
95.8	0.002816
96.0	0.002711
96.2	0.002758
96.4	0.002571
96.6	0.002129
96.8	0.002129
97.0	0.00199
97.2	0.001734
97.4	0.001908
97.6	0.002281
97.8	0.002653
98.0	0.002385
98.2	0.002502
98.4	0.002513
98.6	0.002292
98.8	0.00256
99.0	0.003072
99.2	0.002909
99.4	0.00299
99.6	0.002909
99.8	0.002839
100.0	0.002921
100.2	0.003246
100.4	0.003304
100.6	0.003235
100.8	0.003293
101.0	0.002758
101.2	0.002537
101.4	0.002315
101.6	0.002327
101.8	0.002315
102.0	0.002595
102.2	0.002281
102.4	0.002886
102.6	0.002851
102.8	0.003235
103.0	0.003432
103.2	0.003398
103.4	0.003014
103.6	0.00299
103.8	0.003188
104.0	0.003025
104.2	0.002816
104.4	0.003211
104.6	0.003037
104.8	0.002886
105.0	0.002955
105.2	0.003095
105.4	0.003246
105.6	0.003107
105.8	0.003153
106.0	0.003037
106.2	0.002955
106.4	0.003118
106.6	0.002676
106.8	0.003223
107.0	0.003572
107.2	0.004119
107.4	0.004375
107.6	0.004131
107.8	0.003875
108.0	0.003805
108.2	0.003723
108.4	0.002804
108.6	0.002758
108.8	0.002583
109.0	0.002653
109.2	0.002804
109.4	0.002583
109.6	0.003083
109.8	0.002455
110.0	0.002327
110.2	0.002525
110.4	0.002676
110.6	0.002839
110.8	0.002932
111.0	0.002769
111.2	0.002746
111.4	0.002955
111.6	0.003153
111.8	0.002804
112.0	0.003153
112.2	0.002793
112.4	0.002339
112.6	0.002478
112.8	0.002304
113.0	0.002502
113.2	0.002374
113.4	0.002222
113.6	0.002304
113.8	0.002362
114.0	0.003037
114.2	0.002955
114.4	0.003002
114.6	0.002932
114.8	0.003386
115.0	0.003339
115.2	0.002932
115.4	0.003293
115.6	0.003281
115.8	0.003037
116.0	0.002955
116.2	0.002909
116.4	0.00299
116.6	0.003118
116.8	0.003048
117.0	0.00306
117.2	0.003456
117.4	0.00356
117.6	0.003025
117.8	0.003025
118.0	0.003409
118.2	0.003083
118.4	0.003083
118.6	0.003142
118.8	0.002909
119.0	0.002932
119.2	0.003072
119.4	0.003432
119.6	0.003176
119.8	0.002909
120.0	0.002513
120.2	0.00242
120.4	0.00249
120.6	0.002537
120.8	0.002606
121.0	0.002711
121.2	0.003118
121.4	0.003328
121.6	0.003398
121.8	0.003805
122.0	0.003444
122.2	0.003304
122.4	0.003654
122.6	0.002944
122.8	0.002665
123.0	0.002944
123.2	0.00249
123.4	0.002769
123.6	0.002839
123.8	0.002292
124.0	0.002467
124.2	0.002269
124.4	0.002711
124.6	0.002862
124.8	0.002851
125.0	0.00242
125.2	0.002665
125.4	0.002851
125.6	0.003118
125.8	0.003142
126.0	0.003386
126.2	0.003281
126.4	0.003491
126.6	0.003258
126.8	0.003258
127.0	0.003316
127.2	0.002967
127.4	0.002734
127.6	0.002443
127.8	0.002699
128.0	0.003072
128.2	0.003095
128.4	0.002746
128.6	0.002187
128.8	0.002385
129.0	0.002979
129.2	0.002944
129.4	0.002769
129.6	0.002967
129.8	0.002909
130.0	0.002688
130.2	0.002699
130.4	0.002315
130.6	0.002141
130.8	0.002292
131.0	0.001943
131.2	0.00235
131.4	0.00249
131.6	0.002327
131.8	0.002781
132.0	0.002513
132.2	0.002548
132.4	0.002409
132.6	0.002374
132.8	0.002432
133.0	0.002432
133.2	0.002513
133.4	0.00249
133.6	0.002699
133.8	0.00235
134.0	0.002292
134.2	0.002793
134.4	0.003072
134.6	0.003456
134.8	0.003677
135.0	0.003712
135.2	0.003805
135.4	0.00363
135.6	0.003921
135.8	0.003607
136.0	0.00363
136.2	0.003642
136.4	0.003432
136.6	0.003479
136.8	0.002281
137.0	0.001617
137.2	0.001571
137.4	0.001803
137.6	0.001862
137.8	0.002432
138.0	0.00192
138.2	0.001699
138.4	0.001687
138.6	0.001513
138.8	0.001687
139.0	0.002257
139.2	0.001827
139.4	0.001617
139.6	0.002001
139.8	0.002211
140.0	0.002269
140.2	0.001978
140.4	0.001501
140.6	0.001594
140.8	0.001757
141.0	0.001827
141.2	0.002153
141.4	0.002246
141.6	0.002385
141.8	0.002176
142.0	0.002036
142.2	0.002281
142.4	0.002851
142.6	0.002874
142.8	0.002665
143.0	0.002711
143.2	0.001943
143.4	0.001885
143.6	0.001536
143.8	0.001408
144.0	0.001594
144.2	0.001838
144.4	0.001955
144.6	0.00249
144.8	0.003014
145.0	0.003095
145.2	0.002653
145.4	0.002676
145.6	0.002897
145.8	0.002385
146.0	0.00235
146.2	0.002874
146.4	0.002281
146.6	0.002606
146.8	0.002513
147.0	0.002385
147.2	0.002211
147.4	0.002513
147.6	0.002699
147.8	0.003014
148.0	0.00299
148.2	0.002944
148.4	0.002921
148.6	0.002641
148.8	0.002781
149.0	0.00263
149.2	0.002478
149.4	0.002548
149.6	0.002315
149.8	0.002571
150.0	0.002071
150.2	0.001931
150.4	0.002176
150.6	0.002478
150.8	0.002432
151.0	0.00249
151.2	0.002397
151.4	0.002467
151.6	0.002222
151.8	0.002269
152.0	0.002502
152.2	0.002537
152.4	0.002525
152.6	0.002793
152.8	0.003095
153.0	0.002874
153.2	0.002874
153.4	0.003095
153.6	0.002769
153.8	0.003281
154.0	0.003409
154.2	0.002862
154.4	0.002665
154.6	0.00299
154.8	0.003142
155.0	0.003165
155.2	0.002653
155.4	0.002711
155.6	0.002641
155.8	0.002385
156.0	0.002362
156.2	0.001652
156.4	0.00171
156.6	0.001955
156.8	0.002176
157.0	0.001862
157.2	0.001838
157.4	0.002118
157.6	0.00235
157.8	0.002339
158.0	0.002292
158.2	0.002094
158.4	0.002141
158.6	0.002327
158.8	0.002281
159.0	0.002059
159.2	0.002071
159.4	0.002048
159.6	0.002141
159.8	0.00256
160.0	0.002967
160.2	0.003014
160.4	0.002979
160.6	0.002921
160.8	0.002734
161.0	0.002467
161.2	0.002851
161.4	0.002944
161.6	0.003281
161.8	0.003339
162.0	0.003456
162.2	0.003479
162.4	0.003316
162.6	0.002886
162.8	0.002525
163.0	0.003002
163.2	0.003037
163.4	0.003048
163.6	0.002711
163.8	0.002955
164.0	0.002932
164.2	0.002723
164.4	0.002769
164.6	0.002734
164.8	0.002571
165.0	0.002874
165.2	0.002851
165.4	0.002723
165.6	0.002932
165.8	0.002723
166.0	0.002979
166.2	0.002793
166.4	0.002723
166.6	0.003118
166.8	0.002955
167.0	0.002653
167.2	0.002653
167.4	0.00299
167.6	0.003246
167.8	0.003479
168.0	0.002827
168.2	0.002699
168.4	0.002793
168.6	0.002851
168.8	0.003165
169.0	0.003048
169.2	0.003293
169.4	0.002711
169.6	0.002362
169.8	0.002106
170.0	0.002571
170.2	0.002548
170.4	0.002246
170.6	0.002106
170.8	0.002211
171.0	0.002513
171.2	0.002699
171.4	0.002641
171.6	0.002734
171.8	0.002886
172.0	0.002967
172.2	0.003072
172.4	0.00242
172.6	0.002281
172.8	0.002315
173.0	0.001931
173.2	0.002036
173.4	0.002025
173.6	0.002315
173.8	0.002327
174.0	0.002118
174.2	0.002094
174.4	0.00199
174.6	0.00185
174.8	0.002269
175.0	0.00249
175.2	0.002222
175.4	0.002374
175.6	0.002211
175.8	0.002094
176.0	0.00192
176.2	0.002176
176.4	0.002187
176.6	0.002083
176.8	0.00249
177.0	0.002862
177.2	0.003293
177.4	0.003456
177.6	0.003095
177.8	0.003025
178.0	0.003176
178.2	0.0032
178.4	0.002793
178.6	0.002921
178.8	0.002979
179.0	0.002781
179.2	0.002606
179.4	0.002513
179.6	0.003083
179.8	0.003258
180.0	0.003793
180.2	0.003782
180.4	0.00391
180.6	0.003886
180.8	0.003654
181.0	0.003316
181.2	0.003351
181.4	0.002839
181.6	0.002932
181.8	0.002979
182.0	0.002676
182.2	0.002548
182.4	0.002676
182.6	0.002432
182.8	0.002618
183.0	0.002548
183.2	0.001769
183.4	0.002281
183.6	0.002187
183.8	0.002641
184.0	0.002711
184.2	0.00249
184.4	0.002257
184.6	0.002793
184.8	0.00313
185.0	0.003398
185.2	0.003654
185.4	0.003747
185.6	0.004061
185.8	0.003828
186.0	0.004282
186.2	0.00434
186.4	0.004293
186.6	0.003991
186.8	0.00384
187.0	0.003456
187.2	0.00356
187.4	0.003479
187.6	0.003444
187.8	0.003176
188.0	0.003398
188.2	0.002932
188.4	0.002979
188.6	0.002851
188.8	0.002909
189.0	0.002734
189.2	0.003014
189.4	0.003374
189.6	0.003409
189.8	0.003747
190.0	0.003526
190.2	0.003805
190.4	0.003944
190.6	0.003572
190.8	0.003828
191.0	0.003677
191.2	0.003083
191.4	0.003339
191.6	0.003444
191.8	0.003188
192.0	0.003374
192.2	0.002897
192.4	0.002967
192.6	0.002955
192.8	0.003083
193.0	0.003095
193.2	0.003223
193.4	0.003281
193.6	0.00327
193.8	0.003235
194.0	0.003304
194.2	0.002955
194.4	0.002979
194.6	0.002653
194.8	0.00256
195.0	0.002676
195.2	0.003374
195.4	0.003118
195.6	0.003223
195.8	0.003526
196.0	0.003304
196.2	0.003654
196.4	0.003595
196.6	0.003328
196.8	0.003223
197.0	0.003165
197.2	0.002781
197.4	0.002548
197.6	0.002955
197.8	0.00263
198.0	0.002606
198.2	0.00263
198.4	0.002234
198.6	0.002257
198.8	0.002967
199.0	0.002478
199.2	0.002478
199.4	0.002653
199.6	0.002746
199.8	0.002746
200.0	0.002851
200.2	0.0032
200.4	0.003351
200.6	0.003607
200.8	0.003549
201.0	0.003328
201.2	0.003037
201.4	0.002781
201.6	0.002793
201.8	0.002909
202.0	0.003188
202.2	0.003258
202.4	0.003339
202.6	0.003432
202.8	0.003048
203.0	0.003409
203.2	0.003246
203.4	0.002874
203.6	0.002583
203.8	0.00235
204.0	0.002281
204.2	0.001943
204.4	0.001838
204.6	0.002106
204.8	0.00263
205.0	0.002606
205.2	0.002199
205.4	0.002339
205.6	0.002525
205.8	0.002502
206.0	0.002443
206.2	0.002304
206.4	0.002246
206.6	0.002025
206.8	0.002129
207.0	0.002141
207.2	0.002176
207.4	0.00199
207.6	0.002129
207.8	0.00235
208.0	0.002955
208.2	0.002932
208.4	0.003037
208.6	0.002571
208.8	0.002769
209.0	0.002676
209.2	0.002723
209.4	0.002443
209.6	0.00242
209.8	0.002385
210.0	0.002618
210.2	0.00263
210.4	0.002467
210.6	0.00263
210.8	0.002653
211.0	0.002327
211.2	0.001838
211.4	0.001164
211.6	0.001699
211.8	0.001629
212.0	0.001978
212.2	0.00185
212.4	0.00185
212.6	0.001897
212.8	0.001722
213.0	0.001955
213.2	0.001931
213.4	0.002059
213.6	0.002129
213.8	0.002315
214.0	0.00256
214.2	0.002269
214.4	0.002269
214.6	0.001955
214.8	0.002071
215.0	0.002048
215.2	0.002083
215.4	0.002071
215.6	0.00185
215.8	0.001769
216.0	0.00192
216.2	0.001652
216.4	0.001815
216.6	0.001745
216.8	0.002187
217.0	0.001873
217.2	0.00199
217.4	0.001792
217.6	0.002001
217.8	0.00178
218.0	0.00185
218.2	0.002164
218.4	0.002304
218.6	0.002327
218.8	0.002432
219.0	0.002525
219.2	0.002537
219.4	0.002153
219.6	0.001722
219.8	0.00192
220.0	0.002048
220.2	0.002048
220.4	0.002176
220.6	0.002699
220.8	0.002583
221.0	0.002967
221.2	0.002921
221.4	0.002257
221.6	0.002362
221.8	0.002583
222.0	0.00256
222.2	0.002513
222.4	0.002595
222.6	0.002897
222.8	0.003118
223.0	0.003107
223.2	0.003293
223.4	0.003223
223.6	0.002641
223.8	0.002979
224.0	0.002699
224.2	0.002769
224.4	0.003491
224.6	0.003642
224.8	0.003782
225.0	0.003747
225.2	0.00377
225.4	0.003886
225.6	0.00384
225.8	0.004014
226.0	0.003793
226.2	0.003886
226.4	0.00391
226.6	0.004328
226.8	0.004864
227.0	0.004782
227.2	0.004387
227.4	0.00427
227.6	0.004724
227.8	0.004666
228.0	0.004061
228.2	0.003944
228.4	0.004189
228.6	0.003863
228.8	0.003816
229.0	0.003502
229.2	0.003409
229.4	0.003165
229.6	0.002734
229.8	0.00263
230.0	0.003223
230.2	0.003258
230.4	0.003165
230.6	0.003025
230.8	0.003444
231.0	0.003665
231.2	0.003723
231.4	0.003793
231.6	0.003944
231.8	0.003793
232.0	0.003526
232.2	0.003619
232.4	0.003316
232.6	0.003235
232.8	0.002874
233.0	0.002862
233.2	0.002909
233.4	0.002537
233.6	0.002153
233.8	0.002886
234.0	0.003142
234.2	0.0032
234.4	0.003037
234.6	0.002862
234.8	0.002967
235.0	0.002886
235.2	0.003002
235.4	0.002886
235.6	0.003165
235.8	0.003642
236.0	0.003747
236.2	0.003595
236.4	0.003828
236.6	0.00391
236.8	0.003782
237.0	0.003782
237.2	0.003456
237.4	0.003537
237.6	0.003223
237.8	0.003083
238.0	0.003374
238.2	0.003432
238.4	0.003584
238.6	0.002827
238.8	0.002804
239.0	0.002967
239.2	0.002874
239.4	0.002967
239.6	0.002909
239.8	0.00235
240.0	0.002036
240.2	0.00185
240.4	0.001862
240.6	0.001745
240.8	0.001617
241.0	0.001745
241.2	0.001803
241.4	0.00171
241.6	0.002106
241.8	0.002187
242.0	0.002199
242.2	0.001827
242.4	0.001606
242.6	0.001571
242.8	0.001257
243.0	0.001338
243.2	0.001629
243.4	0.001897
243.6	0.002071
243.8	0.001955
244.0	0.001862
244.2	0.002071
244.4	0.002048
244.6	0.002106
244.8	0.001873
245.0	0.001955
245.2	0.002118
245.4	0.002467
245.6	0.002443
245.8	0.002234
246.0	0.002118
246.2	0.002525
246.4	0.002222
246.6	0.002734
246.8	0.002595
247.0	0.002862
247.2	0.002723
247.4	0.002641
247.6	0.002571
247.8	0.002676
248.0	0.002525
248.2	0.002199
248.4	0.001978
248.6	0.002118
248.8	0.002455
249.0	0.002315
249.2	0.002583
249.4	0.002921
249.6	0.003002
249.8	0.00263
250.0	0.002513
250.2	0.002292
250.4	0.002769
250.6	0.002537
250.8	0.002839
251.0	0.00306
251.2	0.003595
251.4	0.003048
251.6	0.003223
251.8	0.003572
252.0	0.003037
252.2	0.003153
252.4	0.003293
252.6	0.00299
252.8	0.003165
253.0	0.003037
253.2	0.003386
253.4	0.00299
253.6	0.002804
253.8	0.002059
254.0	0.001897
254.2	0.002118
254.4	0.002001
254.6	0.001862
254.8	0.002048
255.0	0.002269
255.2	0.002443
255.4	0.002641
255.6	0.003002
255.8	0.002688
256.0	0.002862
256.2	0.003281
256.4	0.003107
256.6	0.003549
256.8	0.003921
257.0	0.003316
257.2	0.003304
257.4	0.003677
257.6	0.003467
257.8	0.004072
258.0	0.003863
258.2	0.004259
258.4	0.004433
258.6	0.004328
258.8	0.004445
259.0	0.004526
259.2	0.004049
259.4	0.003758
259.6	0.003595
259.8	0.003712
260.0	0.003351
260.2	0.003083
260.4	0.003153
260.6	0.003363
260.8	0.003339
261.0	0.003374
261.2	0.00356
261.4	0.003235
261.6	0.002513
261.8	0.002315
262.0	0.002129
262.2	0.002176
262.4	0.002118
262.6	0.002176
262.8	0.002129
263.0	0.002315
263.2	0.002804
263.4	0.002513
263.6	0.002606
263.8	0.003072
264.0	0.003118
264.2	0.002862
264.4	0.003014
264.6	0.003037
264.8	0.002769
265.0	0.002862
265.2	0.003176
265.4	0.003153
265.6	0.002746
265.8	0.003095
266.0	0.003095
266.2	0.002955
266.4	0.002921
266.6	0.002525
266.8	0.002769
267.0	0.002618
267.2	0.002641
267.4	0.002257
267.6	0.002385
267.8	0.002362
268.0	0.002699
268.2	0.002851
268.4	0.002897
268.6	0.003037
268.8	0.003014
269.0	0.00327
269.2	0.003246
269.4	0.003153
269.6	0.003805
269.8	0.004142
270.0	0.004259
270.2	0.004817
270.4	0.004992
270.6	0.005073
270.8	0.004945
271.0	0.0042
271.2	0.004003
271.4	0.003537
271.6	0.004177
271.8	0.003793
272.0	0.004235
272.2	0.004317
272.4	0.00441
272.6	0.0042
272.8	0.004014
273.0	0.004061
273.2	0.003805
273.4	0.004247
273.6	0.003584
273.8	0.003351
274.0	0.003747
274.2	0.00384
274.4	0.003968
274.6	0.00427
274.8	0.004177
275.0	0.004293
275.2	0.004014
275.4	0.003944
275.6	0.003851
275.8	0.0037
276.0	0.003991
276.2	0.004142
276.4	0.004259
276.6	0.003851
276.8	0.004096
277.0	0.003933
277.2	0.004468
277.4	0.003712
277.6	0.003409
277.8	0.00306
278.0	0.003293
278.2	0.003491
278.4	0.003502
278.6	0.003235
278.8	0.002944
279.0	0.002944
279.2	0.003607
279.4	0.003514
279.6	0.00306
279.8	0.003037
280.0	0.002921
280.2	0.003083
280.4	0.003083
280.6	0.003095
280.8	0.003258
281.0	0.003095
281.2	0.003107
281.4	0.002699
281.6	0.002932
281.8	0.00306
282.0	0.002758
282.2	0.002839
282.4	0.002932
282.6	0.003107
282.8	0.00306
283.0	0.003688
283.2	0.003654
283.4	0.003456
283.6	0.003479
283.8	0.003979
284.0	0.004003
284.2	0.0037
284.4	0.003363
284.6	0.003339
284.8	0.003211
285.0	0.003607
285.2	0.003526
285.4	0.003584
285.6	0.003304
285.8	0.002862
286.0	0.002793
286.2	0.003176
286.4	0.003479
286.6	0.003793
286.8	0.003991
287.0	0.003898
287.2	0.003304
287.4	0.003281
287.6	0.003537
287.8	0.003514
288.0	0.003502
288.2	0.003595
288.4	0.003479
288.6	0.003176
288.8	0.002944
289.0	0.003363
289.2	0.003386
289.4	0.003339
289.6	0.003944
289.8	0.003863
290.0	0.003875
290.2	0.003572
290.4	0.003072
290.6	0.002665
290.8	0.002827
291.0	0.002641
291.2	0.002665
291.4	0.002746
291.6	0.003258
291.8	0.003153
292.0	0.004049
292.2	0.003642
292.4	0.003502
292.6	0.003363
292.8	0.003072
293.0	0.002443
293.2	0.002816
293.4	0.002618
293.6	0.002781
293.8	0.002886
294.0	0.002734
294.2	0.002781
294.4	0.002583
294.6	0.002571
294.8	0.002665
295.0	0.002374
295.2	0.002874
295.4	0.002781
295.6	0.002874
295.8	0.002851
296.0	0.002897
296.2	0.002804
296.4	0.002653
296.6	0.002711
296.8	0.002839
297.0	0.002746
297.2	0.002606
297.4	0.002839
297.6	0.002874
297.8	0.002304
298.0	0.002118
298.2	0.002595
298.4	0.002793
298.6	0.002653
298.8	0.002537
299.0	0.00242
299.2	0.002606
299.4	0.00263
299.6	0.002921
299.8	0.002397
300.0	0.002292
300.2	0.00242
300.4	0.002676
300.6	0.003095
300.8	0.002909
301.0	0.002711
301.2	0.002967
301.4	0.002979
301.6	0.003002
301.8	0.003549
302.0	0.003048
302.2	0.003025
302.4	0.002467
302.6	0.002281
302.8	0.002606
303.0	0.002525
303.2	0.002676
303.4	0.002804
303.6	0.003223
303.8	0.003235
304.0	0.003782
304.2	0.003456
304.4	0.003118
304.6	0.003223
304.8	0.003549
305.0	0.003479
305.2	0.003537
305.4	0.003665
305.6	0.003398
305.8	0.003351
306.0	0.002874
306.2	0.003142
306.4	0.003432
306.6	0.003258
306.8	0.003107
307.0	0.003095
307.2	0.002886
307.4	0.002921
307.6	0.002944
307.8	0.003188
308.0	0.003118
308.2	0.002897
308.4	0.003072
308.6	0.003293
308.8	0.002944
309.0	0.002222
309.2	0.002769
309.4	0.002618
309.6	0.00306
309.8	0.003235
310.0	0.002921
310.2	0.002827
310.4	0.003072
310.6	0.002723
310.8	0.002804
311.0	0.0032
311.2	0.003281
311.4	0.003002
311.6	0.00263
311.8	0.002409
312.0	0.002478
312.2	0.001582
312.4	0.002036
312.6	0.002164
312.8	0.00263
313.0	0.00263
313.2	0.002758
313.4	0.002921
313.6	0.003072
313.8	0.003456
314.0	0.003304
314.2	0.002909
314.4	0.00256
314.6	0.002537
314.8	0.00263
315.0	0.002839
315.2	0.003002
315.4	0.003083
315.6	0.003258
315.8	0.003281
316.0	0.003281
316.2	0.002839
316.4	0.002851
316.6	0.002816
316.8	0.003072
317.0	0.002595
317.2	0.002362
317.4	0.002443
317.6	0.001955
317.8	0.002153
318.0	0.002327
318.2	0.002176
318.4	0.001722
318.6	0.00171
318.8	0.002001
319.0	0.002281
319.2	0.002315
319.4	0.002211
319.6	0.002548
319.8	0.002665
320.0	0.00256
320.2	0.002851
320.4	0.002874
320.6	0.003118
320.8	0.002665
321.0	0.002758
321.2	0.002397
321.4	0.002571
321.6	0.002839
321.8	0.003316
322.0	0.003444
322.2	0.003444
322.4	0.003572
322.6	0.003816
322.8	0.003944
323.0	0.004061
323.2	0.003688
323.4	0.003328
323.6	0.003316
323.8	0.003223
324.0	0.00313
324.2	0.003398
324.4	0.00313
324.6	0.002921
324.8	0.003014
325.0	0.003072
325.2	0.003176
325.4	0.003386
325.6	0.003467
325.8	0.003456
326.0	0.003235

&

