0.2	-0.001215
0.4	0.000972
0.6	-0.003889
0.8	-0.002674
1.0	-0.007535
1.2	-0.008993
1.4	-0.010695
1.6	-0.017744
1.8	-0.012882
2.0	-0.008993
2.2	-0.001701
2.4	-0.001215
2.6	0.004132
2.8	-0.00632
3.0	-0.006806
3.2	-0.008021
3.4	-0.006077
3.6	-0.007292
3.8	-0.004132
4.0	0.003889
4.2	0.0
4.4	-0.007049
4.6	-0.01507
4.8	-0.023091
5.0	-0.018959
5.2	-0.012882
5.4	-0.025765
5.6	-0.020174
5.8	-0.019688
6.0	-0.019202
6.2	-0.010209
6.4	-0.012882
6.6	-0.003889
6.8	0.001701
7.0	0.000486
7.2	-0.002917
7.4	-0.014341
7.6	-0.002188
7.8	0.002674
8.0	0.011181
8.2	0.010452
8.4	0.013125
8.6	0.010938
8.8	0.016528
9.0	0.009236
9.2	0.009966
9.4	0.013125
9.6	0.008264
9.8	-0.000972
10.0	0.001215
10.2	-0.022362
10.4	-0.024549
10.6	-0.012639
10.8	-0.015313
11.0	-0.010209
11.2	-0.005104
11.4	-0.009479
11.6	-0.000972
11.8	-0.001458
12.0	-0.007292
12.2	-0.008021
12.4	-0.001458
12.6	-0.002674
12.8	0.004375
13.0	0.005347
13.2	-0.007049
13.4	0.001701
13.6	0.012639
13.8	0.008264
14.0	0.005834
14.2	0.005347
14.4	0.011424
14.6	0.012639
14.8	0.019931
15.0	0.020903
15.2	0.015799
15.4	0.013368
15.6	0.010938
15.8	0.005834
16.0	0.018473
16.2	0.024549
16.4	0.011424
16.6	0.014341
16.8	0.004132
17.0	0.00559
17.2	0.001215
17.4	-0.00559
17.6	0.002917
17.8	0.001701
18.0	-0.000243
18.2	-0.002431
18.4	0.013125
18.6	0.000729
18.8	0.006077
19.0	0.0
19.2	-0.004618
19.4	-0.00559
19.6	-0.004375
19.8	-0.006563
20.0	-0.008993
20.2	-0.001215
20.4	-0.016771
20.6	-0.016042
20.8	-0.012639
21.0	-0.009723
21.2	-0.014341
21.4	-0.011667
21.6	-0.00559
21.8	-0.003403
22.0	-0.004861
22.2	-0.002674
22.4	-0.013855
22.6	-0.007535
22.8	-0.004375
23.0	-0.009723
23.2	-0.009236
23.4	-0.002674
23.6	0.005104
23.8	0.003403
24.0	-0.003646
24.2	0.001458
24.4	0.002431
24.6	-0.011181
24.8	-0.004375
25.0	-0.003889
25.2	0.000486
25.4	-0.008993
25.6	-0.014098
25.8	-0.010452
26.0	-0.003646
26.2	-0.009723
26.4	-0.007049
26.6	-0.007049
26.8	-0.004861
27.0	-0.010695
27.2	-0.006077
27.4	-0.004861
27.6	-0.000486
27.8	-0.005834
28.0	-0.003646
28.2	-0.012882
28.4	-0.007292
28.6	-0.010452
28.8	0.000486
29.0	-0.012396
29.2	-0.007535
29.4	-0.001458
29.6	0.002431
29.8	-0.011181
30.0	-0.00632
30.2	-0.013125
30.4	-0.011181
30.6	-0.001945
30.8	-0.00559
31.0	0.001945
31.2	0.001458
31.4	-0.003889
31.6	-0.003403
31.8	-0.000729
32.0	-0.007049
32.2	0.001701
32.4	0.001945
32.6	0.008264
32.8	-0.000243
33.0	-0.002431
33.2	-0.001945
33.4	-0.001945
33.6	0.007292
33.8	0.004618
34.0	0.004618
34.2	-0.009723
34.4	-0.008993
34.6	-0.000972
34.8	-0.002674
35.0	-0.00316
35.2	0.011181
35.4	0.008993
35.6	0.001458
35.8	0.012153
36.0	0.007535
36.2	-0.002188
36.4	-0.006077
36.6	-0.013125
36.8	0.000486
37.0	-0.005347
37.2	-0.00316
37.4	-0.004861
37.6	-0.00559
37.8	-0.003403
38.0	-0.003403
38.2	-0.001458
38.4	-0.000729
38.6	0.008264
38.8	0.0
39.0	0.002917
39.2	0.01507
39.4	0.010452
39.6	-0.00316
39.8	-0.014098
40.0	-0.005347
40.2	-0.001215
40.4	-0.005104
40.6	-0.000243
40.8	0.001945
41.0	0.009966
41.2	0.012396
41.4	0.002431
41.6	-0.005104
41.8	0.001701
42.0	-0.000972
42.2	0.008993
42.4	0.013855
42.6	0.015556
42.8	0.035001
43.0	0.035487
43.2	0.020417
43.4	0.016285
43.6	0.029168
43.8	0.018473
44.0	0.024792
44.2	0.017014
44.4	0.012396
44.6	0.007535
44.8	0.011667
45.0	0.01191
45.2	0.011424
45.4	-0.000729
45.6	0.002431
45.8	0.011181
46.0	-0.003403
46.2	0.001215
46.4	0.001701
46.6	0.013855
46.8	0.020174
47.0	0.023577
47.2	0.012639
47.4	0.003646
47.6	0.012396
47.8	0.018959
48.0	0.027709
48.2	0.022848
48.4	0.008021
48.6	0.012153
48.8	0.017501
49.0	0.019688
49.2	0.020174
49.4	0.02066
49.6	0.015799
49.8	0.015799
50.0	0.021147
50.2	0.011181
50.4	0.002674
50.6	0.006563
50.8	0.002188
51.0	0.008021
51.2	0.006563
51.4	0.010452
51.6	0.011667
51.8	0.016285
52.0	0.008021
52.2	0.00316
52.4	0.001215
52.6	0.001458
52.8	0.009966
53.0	0.011667
53.2	0.032814
53.4	0.028438
53.6	0.017257
53.8	0.000972
54.0	-0.001701
54.2	-0.008021
54.4	-0.012639
54.6	-0.019445
54.8	0.000729
55.0	0.000729
55.2	0.00316
55.4	-0.000729
55.6	-0.010938
55.8	-0.012153
56.0	-0.014827
56.2	-0.018959
56.4	-0.013368
56.6	-0.012153
56.8	-0.009966
57.0	0.010209
57.2	0.013612
57.4	0.003646
57.6	0.004375
57.8	0.006077
58.0	-0.000729
58.2	-0.005104
58.4	0.000972
58.6	-0.00632
58.8	-0.007778
59.0	0.000972
59.2	0.004375
59.4	-0.001215
59.6	0.005104
59.8	0.012639
60.0	0.004375
60.2	0.007292
60.4	-0.007292
60.6	-0.005347
60.8	-0.010452
61.0	0.008507
61.2	0.013125
61.4	0.012153
61.6	0.003403
61.8	-0.001458
62.0	0.003889
62.2	0.000243
62.4	-0.001215
62.6	-0.00559
62.8	-0.000243
63.0	0.018959
63.2	0.013368
63.4	0.010452
63.6	0.013125
63.8	0.017501
64.0	0.007292
64.2	0.009723
64.4	0.004618
64.6	-0.000972
64.8	0.002917
65.0	0.000729
65.2	0.008507
65.4	-0.002188
65.6	-0.000972
65.8	-0.001458
66.0	-0.006563
66.2	-0.00316
66.4	-0.007778
66.6	-0.000243
66.8	0.004861
67.0	-0.003889
67.2	-0.017744
67.4	-0.013125
67.6	-0.004861
67.8	-0.006077
68.0	-0.005834
68.2	-0.000243
68.4	0.00875
68.6	0.016285
68.8	0.002431
69.0	-0.00559
69.2	-0.000729
69.4	0.003889
69.6	0.002917
69.8	0.003646
70.0	0.000486
70.2	-0.004618
70.4	-0.004132
70.6	-0.000243
70.8	-0.006077
71.0	-0.016528
71.2	-0.008264
71.4	-0.003889
71.6	0.003889
71.8	0.001215
72.0	0.003889
72.2	0.002917
72.4	-0.013125
72.6	-0.00559
72.8	-0.013125
73.0	-0.004861
73.2	-0.011424
73.4	0.002917
73.6	0.002674
73.8	-0.003646
74.0	-0.012153
74.2	-0.004375
74.4	0.002917
74.6	0.009966
74.8	-0.006563
75.0	0.000972
75.2	-0.012153
75.4	-0.010452
75.6	-0.006806
75.8	-0.00316
76.0	0.002917
76.2	0.006077
76.4	0.013125
76.6	0.016285
76.8	0.013612
77.0	0.003889
77.2	-0.001215
77.4	-0.002431
77.6	-0.001945
77.8	0.002917
78.0	0.001458
78.2	0.010938
78.4	0.004618
78.6	0.012639
78.8	0.003889
79.0	0.001701
79.2	0.000729
79.4	-0.003889
79.6	-0.00632
79.8	-0.012396
80.0	-0.025522
80.2	-0.014098
80.4	-0.00875
80.6	-0.010938
80.8	-0.017987
81.0	-0.013368
81.2	-0.009236
81.4	-0.008993
81.6	-0.004618
81.8	0.007535
82.0	0.005347
82.2	0.007535
82.4	-0.001458
82.6	-0.003403
82.8	-0.008264
83.0	-0.008507
83.2	-0.004375
83.4	-0.009479
83.6	-0.008264
83.8	0.002917
84.0	-0.000243
84.2	-0.004618
84.4	-0.003889
84.6	-0.01191
84.8	-0.013125
85.0	-0.013612
85.2	-0.009723
85.4	-0.006563
85.6	-0.010938
85.8	-0.008993
86.0	-0.004132
86.2	0.003646
86.4	-0.004618
86.6	-0.00559
86.8	0.000243
87.0	-0.009966
87.2	-0.007535
87.4	-0.011424
87.6	-0.004861
87.8	-0.011424
88.0	-0.001701
88.2	0.010452
88.4	0.007049
88.6	0.009236
88.8	0.016771
89.0	-0.000729
89.2	-0.012639
89.4	-0.004861
89.6	-0.008993
89.8	-0.010452
90.0	-0.003889
90.2	-0.014341
90.4	-0.01191
90.6	-0.008021
90.8	-0.007049
91.0	0.0
91.2	0.00875
91.4	0.011424
91.6	0.012396
91.8	0.007292
92.0	0.010209
92.2	-0.005347
92.4	-0.00559
92.6	0.005347
92.8	0.009966
93.0	0.015556
93.2	0.00632
93.4	-0.007778
93.6	-0.005104
93.8	0.00632
94.0	0.00559
94.2	-0.000243
94.4	-0.011181
94.6	-0.008021
94.8	-0.010209
95.0	-0.012396
95.2	-0.001458
95.4	0.008993
95.6	0.01823
95.8	0.008264
96.0	0.009479
96.2	0.013368
96.4	0.000243
96.6	-0.006077
96.8	-0.010452
97.0	-0.010938
97.2	-0.007049
97.4	-0.000486
97.6	0.014827
97.8	0.008264
98.0	0.004375
98.2	-0.005347
98.4	-0.001458
98.6	-0.008507
98.8	-0.00632
99.0	-0.003403
99.2	-0.012396
99.4	-0.014341
99.6	-0.005104
99.8	-0.007535
100.0	-0.001701
100.2	0.00559
100.4	0.008021
100.6	0.004132
100.8	0.019445
101.0	0.019931
101.2	0.01191
101.4	0.01507
101.6	0.002917
101.8	0.012882
102.0	0.00875
102.2	0.008507
102.4	0.011181
102.6	-0.002188
102.8	-0.013125
103.0	-0.009723
103.2	-0.00632
103.4	-0.013125
103.6	0.002674
103.8	0.006563
104.0	0.005347
104.2	-0.00316
104.4	-0.003403
104.6	0.004375
104.8	0.004132
105.0	0.002917
105.2	0.009236
105.4	0.004861
105.6	0.006077
105.8	0.02139
106.0	0.01823
106.2	0.01823
106.4	0.022848
106.6	0.030869
106.8	0.036216
107.0	0.028925
107.2	0.022605
107.4	0.01191
107.6	0.000486
107.8	-0.001945
108.0	-0.001945
108.2	-0.006077
108.4	-0.008021
108.6	-0.004861
108.8	-0.012639
109.0	-0.011424
109.2	-0.00632
109.4	0.001458
109.6	0.007292
109.8	-0.002917
110.0	-0.008021
110.2	-0.00316
110.4	-0.004618
110.6	-0.003403
110.8	0.001215
111.0	-0.008264
111.2	-0.009236
111.4	0.002917
111.6	0.001945
111.8	-0.002917
112.0	0.006077
112.2	0.00632
112.4	0.000729
112.6	0.010209
112.8	0.006077
113.0	-0.001215
113.2	0.006077
113.4	0.010695
113.6	0.005834
113.8	0.016528
114.0	0.014341
114.2	0.011424
114.4	0.010209
114.6	0.024063
114.8	0.018716
115.0	0.022848
115.2	0.023577
115.4	0.021633
115.6	0.024306
115.8	0.017744
116.0	0.004618
116.2	0.005834
116.4	0.009723
116.6	0.010452
116.8	0.012882
117.0	0.005104
117.2	0.00559
117.4	0.000729
117.6	0.0
117.8	0.000729
118.0	-0.006077
118.2	-0.004618
118.4	-0.013125
118.6	-0.014098
118.8	-0.000972
119.0	0.00559
119.2	-0.00559
119.4	-0.00316
119.6	-0.009479
119.8	-0.00875
120.0	0.002431
120.2	-0.002917
120.4	0.002917
120.6	0.007778
120.8	0.012396
121.0	0.005347
121.2	0.004132
121.4	0.006077
121.6	-0.001215
121.8	-0.000486
122.0	0.007292
122.2	-0.008507
122.4	-0.008507
122.6	-0.00559
122.8	-0.004861
123.0	-0.004132
123.2	-0.02139
123.4	-0.000729
123.6	-0.002674
123.8	-0.008507
124.0	-0.012153
124.2	-0.008993
124.4	0.001701
124.6	0.011424
124.8	0.003403
125.0	0.0
125.2	0.004375
125.4	0.010938
125.6	0.006563
125.8	0.010452
126.0	0.010938
126.2	0.012153
126.4	0.014827
126.6	-0.000243
126.8	-0.000729
127.0	0.00316
127.2	-0.000972
127.4	-0.007049
127.6	0.00632
127.8	0.000243
128.0	0.000972
128.2	-0.004375
128.4	-0.007535
128.6	-0.007049
128.8	-0.011424
129.0	0.003889
129.2	0.00875
129.4	-0.000729
129.6	-0.007049
129.8	-0.003646
130.0	-0.000972
130.2	-0.005104
130.4	-0.004375
130.6	-0.005104
130.8	-0.007778
131.0	-0.018959
131.2	-0.009479
131.4	-0.014584
131.6	-0.00875
131.8	-0.00316
132.0	-0.005104
132.2	-0.007049
132.4	-0.006806
132.6	0.008021
132.8	-0.002188
133.0	-0.003889
133.2	-0.001701
133.4	0.001945
133.6	0.00559
133.8	0.009966
134.0	0.006806
134.2	0.011424
134.4	0.004132
134.6	-0.000729
134.8	-0.006806
135.0	-0.011424
135.2	-0.019931
135.4	-0.014341
135.6	-0.014584
135.8	-0.007292
136.0	-0.007292
136.2	-0.010209
136.4	-0.007292
136.6	-0.003646
136.8	0.003403
137.0	0.001945
137.2	0.005104
137.4	0.003889
137.6	-0.006806
137.8	-0.00559
138.0	-0.010452
138.2	-0.004618
138.4	-0.018716
138.6	-0.020417
138.8	-0.008264
139.0	-0.002431
139.2	0.00559
139.4	0.007535
139.6	0.010452
139.8	0.010209
140.0	0.005834
140.2	0.006806
140.4	0.005104
140.6	0.012396
140.8	0.011424
141.0	0.001945
141.2	0.005104
141.4	0.010452
141.6	0.008021
141.8	0.012396
142.0	0.002188
142.2	0.00316
142.4	-0.000486
142.6	0.000486
142.8	0.007778
143.0	0.006077
143.2	0.007778
143.4	0.004861
143.6	0.011667
143.8	0.0
144.0	0.002188
144.2	0.002674
144.4	0.006563
144.6	0.012882
144.8	0.008507
145.0	0.008993
145.2	0.011424
145.4	0.011424
145.6	0.008021
145.8	0.005347
146.0	0.01507
146.2	0.007049
146.4	0.006077
146.6	0.001945
146.8	0.005104
147.0	0.011424
147.2	0.025279
147.4	0.024063
147.6	0.021876
147.8	0.025522
148.0	0.021147
148.2	0.02066
148.4	0.019931
148.6	0.020417
148.8	0.018473
149.0	0.017744
149.2	0.007292
149.4	0.002917
149.6	0.001701
149.8	0.001458
150.0	0.008507
150.2	0.017014
150.4	0.007292
150.6	0.001701
150.8	-0.004132
151.0	-0.011424
151.2	-0.003889
151.4	0.002188
151.6	0.000972
151.8	-0.007778
152.0	0.003403
152.2	0.007535
152.4	-0.001701
152.6	-0.001215
152.8	-0.007292
153.0	-0.011424
153.2	-0.003646
153.4	0.000972
153.6	-0.007778
153.8	0.000486
154.0	0.007778
154.2	0.000729
154.4	-0.002188
154.6	-0.006563
154.8	0.001215
155.0	-0.002674
155.2	-0.002188
155.4	-0.009236
155.6	-0.002674
155.8	-0.012639
156.0	-0.023334
156.2	-0.009966
156.4	-0.008993
156.6	-0.015313
156.8	-0.008264
157.0	-0.008993
157.2	-0.009723
157.4	-0.002917
157.6	-0.00316
157.8	0.000729
158.0	-0.001215
158.2	-0.005104
158.4	-0.005347
158.6	-0.009236
158.8	0.005834
159.0	0.004618
159.2	0.006563
159.4	0.01191
159.6	0.014341
159.8	0.014827
160.0	0.001945
160.2	-0.000972
160.4	-0.004375
160.6	0.006563
160.8	-0.011424
161.0	-0.001215
161.2	-0.00316
161.4	-0.002674
161.6	-0.018716
161.8	-0.008993
162.0	-0.004132
162.2	0.007778
162.4	0.016771
162.6	0.019688
162.8	0.016528
163.0	0.016285
163.2	0.003403
163.4	-0.009236
163.6	-0.008021
163.8	-0.007535
164.0	-0.002188
164.2	-0.000243
164.4	0.007778
164.6	0.01507
164.8	0.021147
165.0	0.019931
165.2	0.007535
165.4	0.007778
165.6	-0.001701
165.8	0.00632
166.0	0.010938
166.2	0.009479
166.4	0.00559
166.6	-0.000729
166.8	0.006563
167.0	0.018716
167.2	0.010695
167.4	0.015313
167.6	0.013612
167.8	0.019202
168.0	0.02382
168.2	0.010695
168.4	0.005834
168.6	0.006563
168.8	0.012153
169.0	0.01191
169.2	0.01191
169.4	0.001458
169.6	0.008264
169.8	0.012396
170.0	0.005347
170.2	0.000729
170.4	0.000243
170.6	-0.007292
170.8	-0.000243
171.0	-0.007049
171.2	-0.012396
171.4	0.002674
171.6	0.002431
171.8	-0.005104
172.0	-0.000243
172.2	-0.002674
172.4	-0.00875
172.6	0.00632
172.8	0.001701
173.0	-0.002674
173.2	-0.005104
173.4	-0.000243
173.6	0.0
173.8	0.008507
174.0	0.009723
174.2	0.002188
174.4	0.000729
174.6	0.00875
174.8	-0.008507
175.0	-0.007535
175.2	-0.018716
175.4	-0.00632
175.6	0.001945
175.8	0.002188
176.0	0.007778
176.2	0.012396
176.4	0.012882
176.6	0.013125
176.8	-0.004375
177.0	0.003646
177.2	0.007535
177.4	-0.003646
177.6	-0.002917
177.8	-0.004375
178.0	0.00632
178.2	0.006077
178.4	0.012153
178.6	0.005347
178.8	0.004375
179.0	-0.000486
179.2	-0.001701
179.4	-0.002188
179.6	-0.013612
179.8	-0.009479
180.0	-0.014098
180.2	-0.006077
180.4	0.001215
180.6	0.001701
180.8	0.002188
181.0	-0.003646
181.2	-0.004132
181.4	-0.007778
181.6	0.006806
181.8	0.0
182.0	0.002674
182.2	-0.013368
182.4	-0.006806
182.6	-0.002674
182.8	0.007292
183.0	0.010452
183.2	0.008264
183.4	0.00316
183.6	-0.009966
183.8	-0.008507
184.0	-0.003403
184.2	-0.006806
184.4	-0.008264
184.6	-0.000243
184.8	0.011181
185.0	0.014827
185.2	0.004375
185.4	0.00316
185.6	-0.004618
185.8	-0.010695
186.0	-0.00632
186.2	-0.013612
186.4	-0.016771
186.6	-0.016528
186.8	-0.014584
187.0	-0.011667
187.2	-0.017744
187.4	-0.010938
187.6	-0.013612
187.8	-0.012153
188.0	-0.003646
188.2	-0.00875
188.4	-0.013368
188.6	-0.002917
188.8	0.000486
189.0	-0.001215
189.2	-0.002431
189.4	-0.000243
189.6	-0.003889
189.8	-0.000243
190.0	-0.004861
190.2	-0.004132
190.4	-0.00559
190.6	-0.003889
190.8	0.001458
191.0	0.002431
191.2	-0.003403
191.4	-0.00316
191.6	0.000243
191.8	-0.009966
192.0	-0.013368
192.2	-0.010695
192.4	-0.009723
192.6	-0.009966
192.8	-0.002431
193.0	0.002188
193.2	-0.01191
193.4	-0.006077
193.6	-0.002917
193.8	-0.002917
194.0	-0.002188
194.2	-0.010452
194.4	0.004375
194.6	0.006806
194.8	0.010938
195.0	0.004132
195.2	-0.008507
195.4	-0.003403
195.6	0.001215
195.8	0.001458
196.0	0.008021
196.2	-0.005104
196.4	-0.003889
196.6	-0.004132
196.8	0.010209
197.0	0.003403
197.2	0.010695
197.4	0.012639
197.6	0.010695
197.8	0.009723
198.0	-0.002431
198.2	-0.00875
198.4	-0.003403
198.6	-0.006806
198.8	0.002674
199.0	-0.014341
199.2	-0.005834
199.4	0.012396
199.6	0.011424
199.8	-0.002431
200.0	-0.009236
200.2	0.003646
200.4	0.011424
200.6	0.019445
200.8	0.016042
201.0	0.004132
201.2	0.01191
201.4	0.017501
201.6	0.024549
201.8	0.027223
202.0	0.032084
202.2	0.040592
202.4	0.03014
202.6	0.014098
202.8	0.013125
203.0	-0.004618
203.2	-0.001701
203.4	-0.005834
203.6	0.000243
203.8	-0.005834
204.0	0.00875
204.2	0.004618
204.4	-0.001945
204.6	-0.001701
204.8	0.007778
205.0	0.007778
205.2	0.000729
205.4	0.001458
205.6	-0.002431
205.8	0.001215
206.0	0.000972
206.2	0.002188
206.4	-0.008507
206.6	0.005834
206.8	0.002674
207.0	0.005347
207.2	0.002917
207.4	-0.00559
207.6	-0.010452
207.8	0.0
208.0	-0.00632
208.2	-0.018959
208.4	-0.014098
208.6	-0.002674
208.8	-0.001945
209.0	-0.000972
209.2	0.002188
209.4	0.008264
209.6	0.009236
209.8	0.00632
210.0	0.003403
210.2	0.006077
210.4	0.000729
210.6	-0.001945
210.8	-0.003646
211.0	-0.000972
211.2	-0.003889
211.4	-0.007778
211.6	-0.006563
211.8	-0.010695
212.0	-0.000486
212.2	-0.007292
212.4	-0.006077
212.6	-0.024549
212.8	-0.004375
213.0	0.000972
213.2	0.001458
213.4	0.0
213.6	0.003403
213.8	-0.006077
214.0	-0.001945
214.2	0.001945
214.4	0.005347
214.6	0.008507
214.8	0.002188
215.0	0.000729
215.2	0.012639
215.4	0.001945
215.6	0.012639
215.8	0.001701
216.0	-0.008993
216.2	-0.017014
216.4	-0.010452
216.6	-0.017501
216.8	-0.00875
217.0	-0.00875
217.2	-0.004375
217.4	-0.002674
217.6	0.005104
217.8	0.013368
218.0	0.009236
218.2	0.006077
218.4	-0.002431
218.6	0.00316
218.8	-0.00632
219.0	-0.009723
219.2	-0.012396
219.4	-0.01507
219.6	-0.012153
219.8	-0.014341
220.0	-0.014341
220.2	-0.009236
220.4	-0.015556
220.6	-0.012396
220.8	-0.016285
221.0	-0.018473
221.2	-0.030869
221.4	-0.025522
221.6	-0.019202
221.8	-0.020174
222.0	-0.01507
222.2	-0.007778
222.4	0.001458
222.6	-0.000486
222.8	0.00875
223.0	0.002917
223.2	-0.005834
223.4	0.003889
223.6	0.013855
223.8	0.017987
224.0	0.004618
224.2	0.0
224.4	0.001701
224.6	-0.000729
224.8	-0.009723
225.0	-0.008021
225.2	-0.01191
225.4	-0.014098
225.6	-0.002431
225.8	-0.003889
226.0	0.000729
226.2	0.001945
226.4	-0.011667
226.6	-0.016042
226.8	-0.03257
227.0	-0.029897
227.2	-0.012882
227.4	-0.006077
227.6	-0.012639
227.8	-0.01823
228.0	-0.017014
228.2	-0.013368
228.4	-0.014584
228.6	-0.006563
228.8	-0.007292
229.0	-0.003889
229.2	0.002188
229.4	0.00632
229.6	0.005834
229.8	0.001458
230.0	0.001701
230.2	0.003403
230.4	-0.005104
230.6	0.003889
230.8	-0.008021
231.0	-0.009723
231.2	-0.013612
231.4	-0.010695
231.6	-0.012396
231.8	-0.006806
232.0	-0.003646
232.2	0.006563
232.4	0.006563
232.6	0.006563
232.8	0.00316
233.0	0.009479
233.2	0.008507
233.4	0.007535
233.6	0.011667
233.8	0.017014
234.0	0.00632
234.2	0.00875
234.4	0.012396
234.6	0.012882
234.8	0.002917
235.0	0.010938
235.2	-0.007535
235.4	-0.017744
235.6	-0.017257
235.8	-0.022362
236.0	-0.021147
236.2	-0.01507
236.4	-0.022848
236.6	-0.013125
236.8	-0.008021
237.0	-0.006806
237.2	-0.004618
237.4	-0.002431
237.6	-0.002674
237.8	-0.004132
238.0	-0.002431
238.2	-0.000729
238.4	0.003403
238.6	0.005834
238.8	0.008264
239.0	-0.001945
239.2	0.001701
239.4	0.001458
239.6	0.0
239.8	0.003889
240.0	0.000972
240.2	0.011424
240.4	0.007049
240.6	0.001215
240.8	0.008021
241.0	0.009479
241.2	0.010452
241.4	0.001701
241.6	-0.004375
241.8	-0.005834
242.0	-0.006806
242.2	-0.006077
242.4	-0.001945
242.6	0.002674
242.8	0.007292
243.0	0.002188
243.2	0.00875
243.4	0.008021
243.6	0.001945
243.8	0.00316
244.0	-0.000972
244.2	-0.008507
244.4	0.0
244.6	0.001215
244.8	0.007535
245.0	0.003646
245.2	0.007292
245.4	-0.005834
245.6	-0.008507
245.8	-0.002674
246.0	0.001458
246.2	0.007535
246.4	-0.00875
246.6	-0.009966
246.8	-0.023577
247.0	-0.025765
247.2	-0.020903
247.4	-0.014827
247.6	-0.010452
247.8	-0.006563
248.0	-0.019931
248.2	-0.012882
248.4	-0.006563
248.6	0.000972
248.8	-0.00559
249.0	-0.001458
249.2	0.005347
249.4	-0.000729
249.6	0.005104
249.8	0.00875
250.0	0.013855
250.2	0.012396
250.4	0.019445
250.6	0.010695
250.8	0.000243
251.0	0.001945
251.2	-0.005347
251.4	0.00316
251.6	0.003403
251.8	0.005104
252.0	-0.004861
252.2	-0.002674
252.4	0.003646
252.6	0.008264
252.8	0.011424
253.0	0.018716
253.2	0.019445
253.4	0.008993
253.6	-0.000729
253.8	-0.00559
254.0	0.001701
254.2	0.003889
254.4	0.002188
254.6	0.005347
254.8	-0.000972
255.0	0.016771
255.2	0.014341
255.4	0.016528
255.6	0.010938
255.8	0.016528
256.0	0.015313
256.2	0.013612
256.4	0.010938
256.6	0.008507
256.8	0.014584
257.0	0.008021
257.2	0.008264
257.4	0.005104
257.6	0.002917
257.8	0.004375
258.0	-0.00559
258.2	-0.008021
258.4	-0.004861
258.6	0.008507
258.8	0.002431
259.0	0.008993
259.2	0.007292
259.4	0.008507
259.6	0.018473
259.8	0.005104
260.0	0.00875
260.2	0.0
260.4	-0.004618
260.6	-0.014827
260.8	-0.012882
261.0	-0.003646
261.2	-0.000243
261.4	-0.004375
261.6	0.001945
261.8	0.010938
262.0	0.001701
262.2	0.006563
262.4	0.009723
262.6	0.017744
262.8	0.012396
263.0	0.010695
263.2	0.004375
263.4	0.002917
263.6	-0.001701
263.8	-0.015799
264.0	-0.000972
264.2	-0.005834
264.4	-0.016042
264.6	-0.028925
264.8	-0.023091
265.0	-0.021876
265.2	-0.014584
265.4	-0.000243
265.6	0.010452
265.8	-0.002188
266.0	0.016285
266.2	0.011667
266.4	0.004375
266.6	-0.004375
266.8	0.00632
267.0	0.00875
267.2	-0.002917
267.4	-0.005104
267.6	-0.014827
267.8	-0.015313
268.0	-0.002188
268.2	0.002674
268.4	0.002431
268.6	-0.005834
268.8	-0.001701
269.0	0.002188
269.2	0.004861
269.4	0.005347
269.6	0.016528
269.8	0.014584
270.0	0.007292
270.2	0.00632
270.4	0.016042
270.6	0.01507
270.8	0.007049
271.0	0.008993
271.2	0.007778
271.4	-0.000243
271.6	-0.005834
271.8	0.004132
272.0	0.00316
272.2	-0.000972
272.4	0.00559
272.6	0.006077
272.8	0.008021
273.0	0.002917
273.2	0.002431
273.4	-0.014584
273.6	-0.026737
273.8	-0.010938
274.0	-0.018959
274.2	-0.017257
274.4	-0.000729
274.6	-0.012153
274.8	-0.016042
275.0	-0.014584
275.2	-0.005834
275.4	0.000729
275.6	0.013125
275.8	0.005347
276.0	-0.004132
276.2	-0.008993
276.4	-0.013612
276.6	-0.010695
276.8	-0.006077
277.0	-0.009966
277.2	-0.020417
277.4	-0.014584
277.6	0.00316
277.8	0.003889
278.0	-0.008507
278.2	-0.017987
278.4	-0.028681
278.6	-0.016042
278.8	-0.012153
279.0	-0.007778
279.2	-0.013855
279.4	-0.01191
279.6	-0.025765
279.8	-0.03014
280.0	-0.028925
280.2	-0.02382
280.4	-0.008021
280.6	-0.007292
280.8	-0.009966
281.0	-0.008507
281.2	-0.006806
281.4	-0.014098
281.6	0.002188
281.8	-0.007292
282.0	-0.008021
282.2	-0.016042
282.4	0.002917
282.6	-0.00316
282.8	-0.001458
283.0	-0.010209
283.2	0.004132
283.4	0.007778
283.6	0.006806
283.8	-0.00559
284.0	-0.001701
284.2	0.007778
284.4	-0.001701
284.6	-0.003646
284.8	-0.004132
285.0	-0.014341
285.2	-0.017501
285.4	-0.002188
285.6	-0.007535
285.8	-0.006806
286.0	-0.006077
286.2	-0.002674
286.4	0.000243
286.6	-0.005834
286.8	-0.017014
287.0	-0.027223
287.2	-0.028438
287.4	-0.025036
287.6	-0.026494
287.8	-0.018716
288.0	-0.016771
288.2	-0.015313
288.4	-0.00875
288.6	-0.018716
288.8	-0.014098
289.0	-0.017987
289.2	-0.010695
289.4	-0.01507
289.6	-0.008021
289.8	-0.015799
290.0	-0.010938
290.2	-0.010695
290.4	-0.007049
290.6	0.00632
290.8	0.00632
291.0	0.00632
291.2	0.006806
291.4	0.012882
291.6	0.019931
291.8	0.018959
292.0	0.021147
292.2	0.020903
292.4	0.018716
292.6	0.014827
292.8	0.016771
293.0	0.008507
293.2	-0.003889
293.4	-0.001701
293.6	0.002917
293.8	0.006806
294.0	0.003889
294.2	-0.000243
294.4	0.005834
294.6	0.01191
294.8	0.010452
295.0	0.009236
295.2	0.012882
295.4	0.026737
295.6	0.030383
295.8	0.021876
296.0	0.012639
296.2	0.009966
296.4	0.007292
296.6	0.01191
296.8	0.001945
297.0	-0.000243
297.2	0.00875
297.4	0.016285
297.6	0.002674
297.8	0.004618
298.0	0.005104
298.2	0.006806
298.4	0.004861
298.6	0.001215
298.8	-0.001458
299.0	0.002917
299.2	-0.002431
299.4	-0.013125
299.6	-0.012153
299.8	0.005347
300.0	0.001458
300.2	0.00559
300.4	0.001945
300.6	0.002674
300.8	-0.002674
301.0	0.003403
301.2	-0.004618
301.4	-0.019202
301.6	-0.024063
301.8	-0.009723
302.0	-0.00632
302.2	-0.004375
302.4	0.007535
302.6	0.007535
302.8	0.009723
303.0	0.012639
303.2	0.007049
303.4	0.009966
303.6	-0.004618
303.8	-0.016285
304.0	-0.010452
304.2	-0.010695
304.4	-0.004132
304.6	-0.002431
304.8	0.004861
305.0	0.001458
305.2	0.013368
305.4	-0.004375
305.6	-0.007778
305.8	-0.00632
306.0	-0.008993
306.2	-0.014827
306.4	-0.005834
306.6	-0.017987
306.8	-0.012153
307.0	-0.02066
307.2	-0.015799
307.4	-0.024306
307.6	-0.011424
307.8	-0.009966
308.0	-0.008507
308.2	-0.023091
308.4	-0.012882
308.6	-0.017744
308.8	-0.015799
309.0	-0.004618
309.2	0.018716
309.4	-0.00316
309.6	-0.006806
309.8	-0.001701
310.0	-0.003403
310.2	-0.014584
310.4	-0.010209
310.6	-0.002188
310.8	0.004132
311.0	0.00559
311.2	-0.002188
311.4	-0.009236
311.6	-0.014341
311.8	-0.010209
312.0	-0.014584
312.2	-0.025765
312.4	-0.008021
312.6	-0.009966
312.8	0.001701
313.0	0.000972
313.2	-0.001945
313.4	0.0
313.6	0.014098
313.8	0.020903
314.0	0.008021
314.2	0.001945
314.4	0.013125
314.6	0.005347
314.8	-0.001215
315.0	-0.004861
315.2	-0.007292
315.4	-0.006563
315.6	0.000972
315.8	0.001945
316.0	0.002674
316.2	-0.000486
316.4	-0.000972
316.6	-0.002674
316.8	-0.000486
317.0	0.002674
317.2	0.005104
317.4	0.000972
317.6	-0.003646
317.8	0.0
318.0	-0.007049
318.2	0.009723
318.4	-0.003403
318.6	-0.005347
318.8	-0.005834
319.0	-0.008507
319.2	0.000243
319.4	-0.004132
319.6	-0.008993
319.8	-0.004861
320.0	-0.000486
320.2	0.002431
320.4	-0.000972
320.6	0.000243
320.8	-0.002431
321.0	-0.004861
321.2	-0.004132
321.4	-0.000972
321.6	-0.00559
321.8	0.002917
322.0	0.005834
322.2	0.01191
322.4	0.012882
322.6	0.012882
322.8	0.011181
323.0	0.001701
323.2	-0.00632
323.4	-0.006563
323.6	-0.010695
323.8	-0.007778
324.0	-0.008507
324.2	0.001458
324.4	-0.00316
324.6	0.009479
324.8	0.002431
325.0	-0.005834
325.2	-0.001458
325.4	0.001701
325.6	0.0
325.8	0.002431
326.0	-0.011181
326.2	0.004132
326.4	0.000729
326.6	-0.005347
326.8	0.000486
327.0	-0.015799
327.2	-0.012153
327.4	-0.004132
327.6	0.00559
327.8	0.011181
328.0	0.002431
328.2	0.007778
328.4	0.010938
328.6	0.005104
328.8	0.009236
329.0	0.006077
329.2	0.012153
329.4	0.016528
329.6	0.013125
329.8	0.012153
330.0	0.001458
330.2	0.009479
330.4	0.013125
330.6	0.006077
330.8	0.012639
331.0	-0.001701
331.2	0.002188
331.4	0.011424
331.6	0.017257
331.8	0.019202
332.0	0.021633
332.2	0.017014
332.4	0.020903
332.6	0.002917
332.8	-0.000729
333.0	0.0
333.2	0.001701
333.4	-0.005104
333.6	-0.000243
333.8	0.004132
334.0	0.004132
334.2	-0.004132
334.4	0.009723
334.6	0.011667
334.8	-0.000729
335.0	-0.004861
335.2	-0.011181
335.4	-0.00316
335.6	0.003889
335.8	-0.007535
336.0	-0.001701
336.2	-0.000729
336.4	-0.005834
336.6	0.000972
336.8	0.004375
337.0	-0.000972
337.2	0.009236
337.4	0.007049
337.6	-0.004132
337.8	-0.011424
338.0	-0.01191
338.2	-0.01191
338.4	-0.008264
338.6	-0.004132
338.8	0.003646
339.0	-0.006077
339.2	-0.005104
339.4	-0.005104
339.6	-0.006563
339.8	0.007292
340.0	0.012396
340.2	0.012639
340.4	0.003646
340.6	0.003646
340.8	0.007778
341.0	0.020417
341.2	0.024306
341.4	0.010695
341.6	0.012396
341.8	0.010452
342.0	0.002917
342.2	0.001458
342.4	0.01191
342.6	0.024792
342.8	0.020903
343.0	0.017987
343.2	0.010452
343.4	0.007535
343.6	0.000972
343.8	-0.008993
344.0	-0.010452
344.2	-0.005834
344.4	-0.004132
344.6	-0.00559
344.8	-0.001215
345.0	-0.005104
345.2	0.001945
345.4	0.002188
345.6	0.0
345.8	0.006563
346.0	-0.005347
346.2	0.014827
346.4	0.008507
346.6	-0.000972
346.8	-0.002188
347.0	-0.006563
347.2	0.000243
347.4	-0.007292
347.6	-0.005834
347.8	-0.00316
348.0	-0.008507
348.2	-0.006077
348.4	-0.013125
348.6	-0.015556
348.8	-0.011667
349.0	0.010209
349.2	0.002188
349.4	0.005834
349.6	0.007292
349.8	0.000486
350.0	0.004618
350.2	0.010938
350.4	0.01507
350.6	0.008507
350.8	0.005347
351.0	0.008021
351.2	-0.007049
351.4	-0.012882
351.6	-0.019688
351.8	-0.009966
352.0	-0.019931
352.2	-0.020174
352.4	-0.002674
352.6	-0.00559
352.8	0.003646
353.0	0.004375
353.2	-0.001945
353.4	-0.008507
353.6	-0.003646
353.8	0.005347
354.0	-0.001701
354.2	-0.007535
354.4	-0.008507
354.6	-0.008264
354.8	-0.001701
355.0	-0.005834
355.2	0.003889
355.4	0.010938
355.6	0.005834
355.8	0.004861
356.0	-0.001215
356.2	-0.000486
356.4	0.005104
356.6	0.017744
356.8	0.017744
357.0	0.017257
357.2	0.003646
357.4	0.003646
357.6	0.004132
357.8	0.007778
358.0	0.0
358.2	0.008264
358.4	0.011424
358.6	-0.012639
358.8	-0.019202
359.0	-0.013855
359.2	-0.009236
359.4	-0.005834
359.6	0.001945
359.8	0.011667
360.0	0.004861
360.2	-0.008021
360.4	-0.005347
360.6	-0.001945
360.8	0.002431
361.0	0.017501
361.2	0.005347
361.4	0.010209
361.6	0.018473
361.8	0.012882
362.0	0.016528
362.2	0.015313
362.4	0.027223
362.6	0.026494
362.8	0.021633
363.0	0.016042
363.2	0.01507
363.4	0.010209
363.6	0.008264
363.8	0.016528
364.0	0.004375
364.2	0.006563
364.4	0.009236
364.6	0.013125
364.8	0.005347
365.0	0.006806
365.2	0.005834
365.4	0.016528
365.6	0.018716
365.8	0.009236
366.0	0.009236
366.2	0.000972
366.4	0.009966
366.6	0.015313
366.8	-0.00316
367.0	-0.005104
367.2	-0.000243
367.4	0.004375
367.6	0.008264
367.8	0.004861
368.0	-0.00632
368.2	-0.017744
368.4	0.0
368.6	-0.010209
368.8	-0.004375
369.0	-0.002188
369.2	-0.009723
369.4	-0.002431
369.6	-0.003889
369.8	0.001458
370.0	0.009479
370.2	0.005347
370.4	-0.003889
370.6	0.005104
370.8	0.016771
371.0	0.010938
371.2	0.003889
371.4	-0.008021
371.6	-0.001215
371.8	-0.009723
372.0	-0.009966
372.2	0.000972
372.4	-0.011424
372.6	-0.018716
372.8	-0.012396
373.0	-0.012396
373.2	-0.006806
373.4	-0.004132
373.6	-0.010938
373.8	-0.010938
374.0	-0.010209
374.2	-0.009479
374.4	-0.009236
374.6	-0.006563
374.8	-0.012639
375.0	-0.023334
375.2	-0.016528
375.4	-0.014341
375.6	-0.013125
375.8	-0.01507
376.0	-0.009723
376.2	-0.004861
376.4	-0.005104
376.6	-0.002917
376.8	-0.015313
377.0	-0.012882
377.2	-0.004132
377.4	-0.012639
377.6	-0.002188
377.8	-0.001458
378.0	0.003646
378.2	0.015556
378.4	0.016285
378.6	0.02066
378.8	-0.002917
379.0	0.001458
379.2	-0.000729
379.4	-0.00875
379.6	-0.014098
379.8	-0.011181
380.0	-0.004375
380.2	-0.000486
380.4	-0.004375
380.6	0.008507
380.8	0.006077
381.0	0.007535
381.2	-0.003646
381.4	0.006563
381.6	0.00875
381.8	0.006563
382.0	0.013612
382.2	0.000972
382.4	0.0
382.6	0.014341
382.8	0.002188
383.0	0.013612
383.2	0.006806
383.4	0.007049
383.6	-0.001945
383.8	-0.004618
384.0	0.002917
384.2	-0.004618
384.4	-0.004861
384.6	0.001215
384.8	-0.005834
385.0	-0.019202
385.2	-0.016285
385.4	-0.007535
385.6	0.0
385.8	-0.002431
386.0	0.000486
386.2	0.003403
386.4	0.000729
386.6	0.000972
386.8	-0.001215
387.0	0.014098
387.2	0.018716
387.4	0.012396
387.6	0.014098
387.8	0.009479
388.0	0.01507
388.2	0.01507
388.4	0.019445
388.6	0.022848
388.8	0.010209
389.0	0.007292
389.2	0.005104
389.4	0.000243
389.6	-0.000486
389.8	-0.004861
390.0	-0.004132
390.2	-0.005834
390.4	0.0
390.6	-0.016771
390.8	-0.014827
391.0	-0.010695
391.2	0.002431
391.4	0.004375
391.6	-0.00559
391.8	-0.003403
392.0	-0.000243
392.2	0.004375
392.4	0.004375
392.6	0.015313
392.8	0.006077
393.0	0.00316
393.2	0.005347
393.4	0.010695
393.6	0.010452
393.8	-0.006806
394.0	0.008021
394.2	-0.001945
394.4	0.004375
394.6	-0.006077
394.8	-0.013125
395.0	-0.010938
395.2	-0.001945
395.4	0.000243
395.6	-0.000972
395.8	-0.006077
396.0	0.000486
396.2	-0.013612
396.4	-0.009966
396.6	-0.004375
396.8	-0.008021
397.0	-0.009966
397.2	-0.014341
397.4	0.003889
397.6	-0.008507
397.8	-0.009479
398.0	-0.00632
398.2	-0.004618
398.4	-0.000972
398.6	0.00316
398.8	0.009236
399.0	0.00875
399.2	0.012882
399.4	0.012153
399.6	0.0
399.8	0.004861
400.0	0.012639
400.2	0.010209
400.4	0.00875
400.6	0.002917
400.8	-0.002188
401.0	0.007535
401.2	0.003646
401.4	0.00559
401.6	-0.001458
401.8	0.009479
402.0	0.007778
402.2	-0.001945
402.4	-0.005834
402.6	0.001458
402.8	-0.001945
403.0	0.004861
403.2	-0.004861
403.4	-0.004132
403.6	-0.007292
403.8	-0.013855
404.0	-0.007778
404.2	-0.009723
404.4	-0.002917
404.6	-0.016285
404.8	-0.015799
405.0	-0.002917
405.2	-0.000486
405.4	0.0
405.6	0.007049
405.8	0.007778
406.0	0.001215
406.2	0.005347
406.4	0.009723
406.6	0.005104
406.8	-0.00316
407.0	-0.005834
407.2	-0.008021
407.4	-0.004618
407.6	-0.008507
407.8	-0.012396
408.0	-0.008993
408.2	-0.000972
408.4	0.004375
408.6	0.00316
408.8	0.007535
409.0	0.001215
409.2	-0.007292
409.4	-0.011181
409.6	-0.023334
409.8	-0.012396
410.0	-0.004861
410.2	-0.00559
410.4	-0.006806
410.6	-0.017744
410.8	-0.008264
411.0	0.002917
411.2	0.003403
411.4	0.001701
411.6	0.019931
411.8	0.005104

&

0.2	-0.000972
0.4	-0.006806
0.6	0.00316
0.8	0.00316
1.0	0.013612
1.2	0.001945
1.4	-0.004375
1.6	0.00316
1.8	-0.007535
2.0	-0.008264
2.2	-0.015556
2.4	-0.009966
2.6	-0.01191
2.8	-0.012639
3.0	-0.013368
3.2	-0.023091
3.4	0.00875
3.6	0.012396
3.8	0.010209
4.0	0.023334
4.2	0.01191
4.4	0.0
4.6	0.001701
4.8	0.00632
5.0	0.004618
5.2	0.008507
5.4	-0.001215
5.6	-0.008993
5.8	0.007049
6.0	0.006077
6.2	0.004618
6.4	-0.002674
6.6	0.001458
6.8	0.000243
7.0	-0.009236
7.2	-0.007778
7.4	-0.010695
7.6	-0.013368
7.8	-0.013612
8.0	-0.00559
8.2	-0.00632
8.4	-0.011667
8.6	0.00316
8.8	0.006563
9.0	0.014827
9.2	0.02066
9.4	0.022362
9.6	0.014584
9.8	0.015799
10.0	0.010938
10.2	0.014827
10.4	0.006563
10.6	-0.002917
10.8	-0.005347
11.0	-0.002431
11.2	0.002917
11.4	0.004618
11.6	0.001701
11.8	-0.000729
12.0	-0.002431
12.2	0.008993
12.4	0.014098
12.6	0.009479
12.8	0.008021
13.0	0.001215
13.2	-0.000972
13.4	0.007292
13.6	-0.000486
13.8	0.006806
14.0	0.016528
14.2	0.010938
14.4	0.000243
14.6	-0.00559
14.8	-0.001215
15.0	-0.000243
15.2	-0.012639
15.4	-0.017987
15.6	-0.007535
15.8	-0.017257
16.0	-0.021147
16.2	-0.017987
16.4	0.003646
16.6	0.003889
16.8	0.00316
17.0	0.009236
17.2	0.004132
17.4	-0.006806
17.6	0.0
17.8	0.002188
18.0	0.007778
18.2	0.00875
18.4	0.005347
18.6	-0.013855
18.8	-0.022848
19.0	-0.020417
19.2	-0.012639
19.4	-0.015313
19.6	-0.009723
19.8	-0.016771
20.0	-0.011424
20.2	0.008993
20.4	0.003646
20.6	0.000243
20.8	0.005347
21.0	0.004132
21.2	-0.005347
21.4	-0.00632
21.6	-0.008264
21.8	-0.020903
22.0	-0.016285
22.2	-0.015556
22.4	-0.009723
22.6	0.0
22.8	0.007049
23.0	0.005104
23.2	-0.009236
23.4	0.000243
23.6	-0.005104
23.8	-0.001215
24.0	0.003646
24.2	0.008993
24.4	0.00632
24.6	-0.000972
24.8	-0.002917
25.0	0.00316
25.2	0.003403
25.4	0.00559
25.6	0.01191
25.8	0.013855
26.0	0.002431
26.2	-0.00316
26.4	0.005834
26.6	0.008993
26.8	-0.000972
27.0	0.00559
27.2	0.017501
27.4	0.024549
27.6	0.018716
27.8	0.012396
28.0	0.011424
28.2	0.01191
28.4	0.001945
28.6	0.001458
28.8	0.007778
29.0	0.002431
29.2	-0.002917
29.4	0.00632
29.6	-0.000729
29.8	0.010695
30.0	0.013368
30.2	0.008264
30.4	0.00632
30.6	0.008264
30.8	0.004375
31.0	0.000972
31.2	0.005104
31.4	0.016042
31.6	0.006563
31.8	0.017257
32.0	0.021876
32.2	0.022605
32.4	0.018716
32.6	0.002431
32.8	0.005104
33.0	-0.002917
33.2	-0.007778
33.4	-0.017501
33.6	-0.019688
33.8	-0.016771
34.0	-0.009723
34.2	-0.011181
34.4	-0.01823
34.6	-0.010452
34.8	-0.000972
35.0	0.001215
35.2	-0.006563
35.4	-0.009966
35.6	-0.016528
35.8	-0.007049
36.0	-0.001701
36.2	-0.002674
36.4	0.012153
36.6	0.010938
36.8	0.007535
37.0	0.007049
37.2	0.001701
37.4	0.00316
37.6	0.001701
37.8	0.00559
38.0	0.011181
38.2	0.011424
38.4	0.013855
38.6	0.008021
38.8	0.005104
39.0	-0.001945
39.2	0.005104
39.4	0.014584
39.6	0.004861
39.8	-0.004375
40.0	-0.00559
40.2	0.003403
40.4	-0.009236
40.6	-0.010695
40.8	-0.006806
41.0	-0.003889
41.2	0.003889
41.4	0.003403
41.6	-0.000729
41.8	-0.003889
42.0	-0.003403
42.2	-0.000972
42.4	0.004861
42.6	-0.012639
42.8	-0.012882
43.0	-0.021633
43.2	-0.020174
43.4	-0.024549
43.6	-0.013125
43.8	-0.023091
44.0	-0.027223
44.2	-0.015313
44.4	-0.011667
44.6	-0.01823
44.8	-0.011667
45.0	-0.012639
45.2	-0.001945
45.4	-0.004132
45.6	0.003403
45.8	0.002917
46.0	0.011667
46.2	0.010695
46.4	0.013368
46.6	-0.000972
46.8	-0.002674
47.0	-0.005347
47.2	0.007292
47.4	0.001945
47.6	0.001945
47.8	0.000972
48.0	0.001701
48.2	0.005834
48.4	0.006563
48.6	0.011181
48.8	0.019202
49.0	0.001701
49.2	-0.002917
49.4	-0.004618
49.6	0.007778
49.8	0.011667
50.0	0.004375
50.2	0.000972
50.4	0.005104
50.6	-0.001945
50.8	0.00316
51.0	0.000486
51.2	-0.003646
51.4	-0.008021
51.6	-0.009236
51.8	-0.006563
52.0	0.008507
52.2	0.004375
52.4	0.001945
52.6	0.017257
52.8	0.023577
53.0	0.008021
53.2	0.008264
53.4	-0.000972
53.6	0.007049
53.8	0.001701
54.0	0.003889
54.2	-0.000729
54.4	0.00316
54.6	0.004861
54.8	0.00559
55.0	0.013368
55.2	0.011667
55.4	0.017014
55.6	0.018959
55.8	0.018473
56.0	0.008021
56.2	0.017014
56.4	0.002917
56.6	0.01191
56.8	0.013855
57.0	0.009236
57.2	0.00559
57.4	0.005834
57.6	0.003403
57.8	0.004618
58.0	0.007049
58.2	-0.002188
58.4	0.003889
58.6	0.006077
58.8	0.002431
59.0	0.002188
59.2	-0.006806
59.4	-0.014098
59.6	-0.017987
59.8	-0.022362
60.0	-0.007535
60.2	-0.007778
60.4	-0.004861
60.6	-0.004861
60.8	-0.010452
61.0	-0.010209
61.2	-0.012396
61.4	-0.022362
61.6	-0.014098
61.8	-0.014341
62.0	-0.010452
62.2	-0.00632
62.4	-0.002917
62.6	-0.00559
62.8	-0.008264
63.0	0.000486
63.2	-0.001701
63.4	-0.00559
63.6	0.000486
63.8	0.001701
64.0	-0.013368
64.2	-0.017987
64.4	-0.016285
64.6	-0.014827
64.8	-0.009966
65.0	0.004132
65.2	0.016042
65.4	0.009236
65.6	0.019445
65.8	0.010695
66.0	0.001215
66.2	-0.003889
66.4	0.007292
66.6	0.00559
66.8	-0.008021
67.0	0.005347
67.2	-0.002674
67.4	0.002674
67.6	0.002674
67.8	0.004618
68.0	0.004861
68.2	0.008021
68.4	-0.000972
68.6	0.005834
68.8	-0.006077
69.0	-0.001458
69.2	-0.006077
69.4	-0.00316
69.6	-0.001945
69.8	0.000972
70.0	-0.002674
70.2	-0.000729
70.4	-0.013125
70.6	-0.009723
70.8	-0.006563
71.0	-0.005104
71.2	-0.007535
71.4	-0.007292
71.6	-0.019688
71.8	-0.01507
72.0	-0.006563
72.2	-0.002917
72.4	0.000243
72.6	0.004132
72.8	0.00559
73.0	0.000972
73.2	0.002188
73.4	-0.004375
73.6	-0.009236
73.8	-0.000729
74.0	0.001458
74.2	-0.000486
74.4	0.01191
74.6	0.006806
74.8	0.017257
75.0	0.022848
75.2	0.023334
75.4	0.013855
75.6	0.012396
75.8	0.005347
76.0	0.006077
76.2	0.005104
76.4	0.00632
76.6	-0.003889
76.8	-0.001458
77.0	0.001458
77.2	-0.007292
77.4	-0.01191
77.6	-0.011667
77.8	0.000729
78.0	-0.001701
78.2	-0.009479
78.4	-0.009966
78.6	0.00632
78.8	0.00559
79.0	-0.002431
79.2	-0.002431
79.4	0.001945
79.6	0.0
79.8	0.010209
80.0	0.023577
80.2	0.014098
80.4	0.005104
80.6	0.005834
80.8	0.002188
81.0	0.002674
81.2	0.002674
81.4	-0.010695
81.6	-0.008993
81.8	-0.004375
82.0	-0.003889
82.2	0.002917
82.4	-0.006806
82.6	-0.007535
82.8	-0.004618
83.0	0.007292
83.2	-0.001215
83.4	0.002188
83.6	0.001458
83.8	-0.003889
84.0	-0.003889
84.2	0.000243
84.4	0.002188
84.6	0.00632
84.8	-0.000486
85.0	-0.006563
85.2	0.007049
85.4	0.010695
85.6	0.012396
85.8	0.003403
86.0	0.006806
86.2	0.006563
86.4	0.007292
86.6	0.004375
86.8	0.005834
87.0	-0.000729
87.2	-0.009966
87.4	-0.007535
87.6	-0.007292
87.8	-0.001945
88.0	-0.000729
88.2	-0.01823
88.4	-0.019688
88.6	-0.00632
88.8	-0.010938
89.0	-0.003403
89.2	-0.006077
89.4	0.0
89.6	-0.009236
89.8	-0.004618
90.0	-0.010452
90.2	-0.021147
90.4	-0.002674
90.6	-0.010695
90.8	0.012882
91.0	0.011424
91.2	0.01507
91.4	0.007049
91.6	0.003889
91.8	-0.002188
92.0	0.006077
92.2	0.007535
92.4	0.01191
92.6	0.01507
92.8	0.012396
93.0	0.012639
93.2	0.014584
93.4	0.01507
93.6	0.009479
93.8	0.003403
94.0	0.01823
94.2	0.008507
94.4	0.009479
94.6	0.010695
94.8	0.010695
95.0	-0.001945
95.2	-0.007292
95.4	-0.014341
95.6	-0.00559
95.8	-0.000243
96.0	-0.007778
96.2	-0.020174
96.4	-0.007292
96.6	0.002917
96.8	0.006806
97.0	0.000729
97.2	0.00875
97.4	-0.002431
97.6	-0.000243
97.8	-0.004132
98.0	-0.00632
98.2	-0.005104
98.4	-0.011181
98.6	-0.012396
98.8	0.005347
99.0	0.001945
99.2	-0.000486
99.4	-0.004618
99.6	-0.012882
99.8	-0.013855
100.0	-0.009236
100.2	-0.011667
100.4	-0.010209
100.6	-0.00559
100.8	-0.003403
101.0	0.002917
101.2	0.007049
101.4	0.009236
101.6	0.010938
101.8	0.00875
102.0	0.010695
102.2	0.017744
102.4	0.007292
102.6	-0.005104
102.8	-0.001701
103.0	0.000972
103.2	0.000243
103.4	-0.001215
103.6	-0.005104
103.8	0.002188
104.0	0.017501
104.2	0.009236
104.4	0.003646
104.6	0.011667
104.8	0.000729
105.0	-0.004375
105.2	0.008021
105.4	-0.004618
105.6	-0.004132
105.8	0.0
106.0	0.007535
106.2	0.007535
106.4	0.016042
106.6	0.019202
106.8	0.000729
107.0	-0.00875
107.2	-0.005104
107.4	-0.002674
107.6	-0.006563
107.8	-0.003646
108.0	0.000486
108.2	0.001945
108.4	-0.001215
108.6	-0.010209
108.8	-0.00632
109.0	-0.004132
109.2	-0.000972
109.4	-0.010695
109.6	-0.005347
109.8	-0.013612
110.0	-0.001458
110.2	-0.001458
110.4	0.002917
110.6	0.012396
110.8	0.004132
111.0	0.007292
111.2	0.0
111.4	-0.004618
111.6	-0.00559
111.8	-0.00632
112.0	0.003889
112.2	0.000972
112.4	-0.001945
112.6	0.00632
112.8	0.004375
113.0	0.013855
113.2	0.008507
113.4	0.001701
113.6	0.002917
113.8	-0.008507
114.0	-0.002917
114.2	-0.000729
114.4	0.016042
114.6	0.00632
114.8	0.011667
115.0	0.014584
115.2	0.012396
115.4	0.003889
115.6	0.014341
115.8	0.010452
116.0	0.005347
116.2	0.010938
116.4	0.012396
116.6	0.022605
116.8	0.013855
117.0	0.005834
117.2	0.012153
117.4	0.005104
117.6	0.007778
117.8	0.017014
118.0	0.017501
118.2	0.01823
118.4	0.024063
118.6	0.029168
118.8	0.012153
119.0	0.005834
119.2	0.009966
119.4	0.009479
119.6	0.001458
119.8	0.000486
120.0	-0.009479
120.2	-0.010209
120.4	-0.010209
120.6	-0.017987
120.8	-0.014584
121.0	-0.015799
121.2	-0.023577
121.4	-0.016771
121.6	-0.012153
121.8	-0.004375
122.0	-0.007535
122.2	0.002431
122.4	0.002431
122.6	0.000486
122.8	0.006077
123.0	0.011424
123.2	0.016771
123.4	-0.003889
123.6	0.009723
123.8	0.011667
124.0	0.011424
124.2	0.011424
124.4	0.008507
124.6	0.010452
124.8	0.010209
125.0	0.011424
125.2	0.003889
125.4	0.000486
125.6	0.000972
125.8	-0.002674
126.0	-0.017014
126.2	-0.017987
126.4	-0.013612
126.6	-0.01191
126.8	-0.009236
127.0	0.003646
127.2	0.004375
127.4	-0.008264
127.6	-0.016285
127.8	-0.007049
128.0	0.006563
128.2	0.014098
128.4	0.012882
128.6	0.010452
128.8	0.01507
129.0	0.009966
129.2	-0.001945
129.4	-0.005834
129.6	-0.008993
129.8	-0.015799
130.0	-0.014341
130.2	-0.01823
130.4	-0.012639
130.6	-0.012153
130.8	-0.008021
131.0	-0.00559
131.2	0.008021
131.4	0.003889
131.6	0.000729
131.8	0.004861
132.0	0.015556
132.2	0.009236
132.4	0.010938
132.6	0.013855
132.8	0.014341
133.0	0.013368
133.2	0.017257
133.4	0.01823
133.6	0.009966
133.8	0.005104
134.0	0.00559
134.2	0.005834
134.4	0.002917
134.6	-0.008993
134.8	-0.008507
135.0	0.00559
135.2	0.007535
135.4	0.004375
135.6	0.00316
135.8	-0.001215
136.0	-0.013368
136.2	-0.010209
136.4	-0.003889
136.6	-0.008507
136.8	-0.012396
137.0	-0.008993
137.2	-0.012882
137.4	-0.007049
137.6	-0.010695
137.8	-0.008021
138.0	-0.010695
138.2	-0.002674
138.4	-0.003646
138.6	-0.007049
138.8	-0.009479
139.0	-0.00632
139.2	0.00559
139.4	-0.002917
139.6	-0.006563
139.8	0.002188
140.0	0.003646
140.2	0.002431
140.4	-0.005834
140.6	-0.003403
140.8	-0.000486
141.0	-0.005834
141.2	0.005104
141.4	0.00316
141.6	0.004861
141.8	0.001945
142.0	0.012153
142.2	0.01191
142.4	0.008264
142.6	0.002188
142.8	0.004861
143.0	0.000486
143.2	-0.000486
143.4	-0.007778
143.6	-0.010209
143.8	-0.010209
144.0	-0.013125
144.2	-0.00632
144.4	-0.009479
144.6	-0.010938
144.8	-0.01823
145.0	-0.01191
145.2	0.000243
145.4	-0.004375
145.6	-0.000729
145.8	-0.003646
146.0	-0.001701
146.2	0.000486
146.4	0.007778
146.6	0.020417
146.8	0.026251
147.0	0.027466
147.2	0.024549
147.4	0.029411
147.6	0.024549
147.8	0.018959
148.0	0.011667
148.2	0.007049
148.4	-0.001215
148.6	0.005347
148.8	0.000486
149.0	-0.015556
149.2	-0.006077
149.4	-0.012153
149.6	-0.012882
149.8	-0.008507
150.0	-0.010938
150.2	-0.002917
150.4	-0.007049
150.6	0.003646
150.8	0.018716
151.0	0.017257
151.2	0.014341
151.4	0.018473
151.6	0.02066
151.8	0.016771
152.0	0.015556
152.2	0.020903
152.4	0.005104
152.6	0.009723
152.8	-0.000486
153.0	0.003889
153.2	0.016528
153.4	0.008993
153.6	0.007049
153.8	0.007049
154.0	0.016042
154.2	0.000729
154.4	-0.000729
154.6	-0.000243
154.8	-0.001215
155.0	0.004375
155.2	0.000243
155.4	0.002431
155.6	0.000486
155.8	-0.001458
156.0	0.00559
156.2	0.004132
156.4	-0.002674
156.6	-0.003889
156.8	-0.011424
157.0	-0.007535
157.2	-0.007292
157.4	-0.005347
157.6	0.004375
157.8	0.004618
158.0	0.010209
158.2	0.005834
158.4	0.009966
158.6	0.014341
158.8	0.012153
159.0	0.009236
159.2	0.007292
159.4	0.000243
159.6	-0.003646
159.8	0.010938
160.0	0.004618
160.2	0.001945
160.4	0.003646
160.6	0.005834
160.8	0.009723
161.0	0.006563
161.2	0.000486
161.4	0.000486
161.6	-0.000243
161.8	0.004618
162.0	0.008021
162.2	-0.006806
162.4	-0.008264
162.6	0.004618
162.8	-0.007778
163.0	-0.002674
163.2	0.004861
163.4	0.016042
163.6	0.01823
163.8	0.017014
164.0	0.030626
164.2	0.009479
164.4	-0.004375
164.6	-0.001945
164.8	-0.005104
165.0	-0.00316
165.2	-0.002188
165.4	0.000729
165.6	0.001215
165.8	0.003889
166.0	0.008021
166.2	0.009479
166.4	0.003889
166.6	0.010452
166.8	0.009236
167.0	0.008993
167.2	0.006563
167.4	0.017987
167.6	0.01823
167.8	0.014098
168.0	0.001945
168.2	0.000729
168.4	0.003403
168.6	0.004861
168.8	0.00316
169.0	-0.003403
169.2	-0.015313
169.4	-0.00559
169.6	-0.000729
169.8	-0.004132
170.0	-0.003646
170.2	-0.008507
170.4	0.007778
170.6	0.002674
170.8	0.000243
171.0	0.001215
171.2	-0.012396
171.4	-0.015556
171.6	-0.007535
171.8	-0.012153
172.0	-0.016771
172.2	-0.003646
172.4	-0.007049
172.6	-0.003646
172.8	0.014341
173.0	0.015313
173.2	0.019202
173.4	0.014827
173.6	-0.00559
173.8	-0.008507
174.0	-0.012639
174.2	-0.010452
174.4	-0.015799
174.6	-0.017014
174.8	-0.009236
175.0	-0.017744
175.2	-0.01507
175.4	-0.012639
175.6	-0.02066
175.8	-0.012153
176.0	-0.008021
176.2	-0.004861
176.4	0.001215
176.6	-0.01191
176.8	0.0
177.0	0.003646
177.2	0.003889
177.4	0.0
177.6	-0.008021
177.8	-0.006806
178.0	-0.009479
178.2	-0.000972
178.4	0.009236
178.6	0.007049
178.8	0.01191
179.0	0.013612
179.2	0.010209
179.4	0.015313
179.6	0.025279
179.8	0.012639
180.0	0.010695
180.2	0.01507
180.4	0.011424
180.6	0.003646
180.8	-0.010695
181.0	-0.015799
181.2	-0.015313
181.4	-0.013855
181.6	-0.017257
181.8	-0.00875
182.0	-0.002188
182.2	-0.000729
182.4	-0.012639
182.6	-0.022119
182.8	-0.019688
183.0	-0.014827
183.2	-0.020174
183.4	-0.021876
183.6	-0.011424
183.8	-0.001945
184.0	0.01191
184.2	0.016042
184.4	0.014584
184.6	0.005834
184.8	0.009966
185.0	0.013855
185.2	0.015313
185.4	0.006806
185.6	0.011181
185.8	0.009236
186.0	0.00559
186.2	0.007049
186.4	0.019445
186.6	0.016528
186.8	0.010209
187.0	0.001945
187.2	-0.007535
187.4	-0.010938
187.6	-0.006077
187.8	-0.000486
188.0	0.002431
188.2	0.001945
188.4	0.008507
188.6	0.010938
188.8	0.013125
189.0	0.008507
189.2	0.01823
189.4	0.017744
189.6	0.010452
189.8	0.008993
190.0	-0.010452
190.2	-0.012882
190.4	-0.006806
190.6	0.004861
190.8	-0.001701
191.0	0.001215
191.2	-0.000486
191.4	-0.008264
191.6	-0.002674
191.8	-0.002674
192.0	0.001458
192.2	-0.012882
192.4	-0.005104
192.6	-0.008993
192.8	-0.00559
193.0	-0.014584
193.2	-0.009236
193.4	-0.00632
193.6	0.0
193.8	-0.007535
194.0	-0.013612
194.2	-0.007049
194.4	-0.002917
194.6	0.006563
194.8	0.009966
195.0	0.004861
195.2	-0.002674
195.4	0.0
195.6	-0.004618
195.8	-0.002674
196.0	-0.001701
196.2	-0.017257
196.4	-0.008264
196.6	-0.002188
196.8	0.007292
197.0	-0.004618
197.2	-0.000729
197.4	-0.001458
197.6	-0.004132
197.8	-0.00875
198.0	-0.006563
198.2	0.000972
198.4	-0.007535
198.6	-0.00875
198.8	-0.009479
199.0	-0.007292
199.2	-0.01823
199.4	-0.023091
199.6	-0.025765
199.8	-0.025522
200.0	-0.023334
200.2	-0.033057
200.4	-0.023334
200.6	-0.010695
200.8	-0.001215
201.0	-0.001945
201.2	0.012153
201.4	0.008021
201.6	0.010695
201.8	0.004618
202.0	0.004618
202.2	-0.012639
202.4	-0.007535
202.6	-0.006077
202.8	0.000729
203.0	0.003646
203.2	0.004618
203.4	0.004375
203.6	-0.005104
203.8	-0.011424
204.0	-0.008021
204.2	0.004375
204.4	0.003889
204.6	0.0
204.8	-0.012639
205.0	-0.012639
205.2	-0.000486
205.4	-0.011181
205.6	-0.00632
205.8	-0.002188
206.0	0.000972
206.2	0.007535
206.4	0.000243
206.6	0.000486
206.8	0.007778
207.0	0.008507
207.2	0.004861
207.4	0.010452
207.6	0.002674
207.8	0.007535
208.0	0.010209
208.2	-0.006563
208.4	-0.017014
208.6	-0.00875
208.8	-0.012396
209.0	-0.007778
209.2	-0.019931
209.4	-0.013368
209.6	-0.012639
209.8	-0.013125
210.0	-0.020417
210.2	-0.010695
210.4	-0.010695
210.6	-0.009966
210.8	-0.008507
211.0	0.000486
211.2	-0.003889
211.4	-0.005104
211.6	-0.00559
211.8	-0.001701
212.0	-0.009723
212.2	-0.014584
212.4	-0.009236
212.6	-0.01191
212.8	-0.010695
213.0	-0.005347
213.2	-0.008993
213.4	-0.011667
213.6	-0.018716
213.8	-0.019202
214.0	-0.016528
214.2	-0.013612
214.4	-0.014098
214.6	-0.019931
214.8	-0.016285
215.0	-0.010938
215.2	-0.007535
215.4	0.004375
215.6	0.001458
215.8	0.009723
216.0	0.004861
216.2	0.000972
216.4	0.001458
216.6	0.000243
216.8	-0.002917
217.0	-0.002188
217.2	-0.002917
217.4	0.000486
217.6	-0.002674
217.8	-0.005104
218.0	-0.007049
218.2	-0.007049
218.4	-0.003403
218.6	-0.004861
218.8	-0.000729
219.0	-0.000972
219.2	0.001945
219.4	-0.00316
219.6	-0.002674
219.8	-0.002188
220.0	-0.002188
220.2	-0.002917
220.4	-0.01191
220.6	-0.00632
220.8	-0.007292
221.0	0.006806
221.2	0.008021
221.4	0.002917
221.6	0.005834
221.8	0.003889
222.0	0.011424
222.2	0.0
222.4	0.015799
222.6	0.009723
222.8	0.006806
223.0	0.008993
223.2	0.006563
223.4	0.008507
223.6	0.009966
223.8	-0.004861
224.0	0.003403
224.2	0.020174
224.4	0.011181
224.6	0.012396
224.8	0.026251
225.0	0.008021
225.2	0.000243
225.4	0.005834
225.6	-0.006563
225.8	-0.000729
226.0	-0.01507
226.2	0.005834
226.4	-0.004132
226.6	-0.010209
226.8	0.005104
227.0	-0.000243
227.2	-0.000243
227.4	-0.003889
227.6	-0.000729
227.8	0.007535
228.0	0.014584
228.2	0.025036
228.4	0.02066
228.6	0.008021
228.8	0.001701
229.0	-0.004618
229.2	-0.001945
229.4	0.000486
229.6	0.00632
229.8	0.000972
230.0	0.00316
230.2	-0.001215
230.4	-0.000243
230.6	0.0
230.8	0.000243
231.0	0.005347
231.2	0.014341
231.4	0.015799
231.6	0.021633
231.8	0.015313
232.0	0.001945
232.2	0.003889
232.4	0.004375
232.6	0.002674
232.8	0.007535
233.0	0.005347
233.2	0.00875
233.4	0.007049
233.6	0.010209
233.8	0.008264
234.0	0.001215
234.2	-0.000729
234.4	0.002917
234.6	0.003889
234.8	0.001215
235.0	0.001458
235.2	0.002188
235.4	-0.010452
235.6	-0.007778
235.8	-0.010695
236.0	-0.004861
236.2	-0.008507
236.4	-0.012396
236.6	-0.009236
236.8	0.000486
237.0	-0.007535
237.2	-0.006077
237.4	-0.007049
237.6	0.004375
237.8	0.015313
238.0	0.012396
238.2	0.004132
238.4	0.013612
238.6	0.008993
238.8	0.005834
239.0	0.00316
239.2	0.003403
239.4	-0.001458
239.6	-0.003403
239.8	-0.00632
240.0	-0.009236
240.2	-0.010452
240.4	-0.00875
240.6	-0.001701
240.8	0.004861
241.0	0.008507
241.2	0.018473
241.4	0.013125
241.6	0.004861
241.8	-0.000243
242.0	-0.004861
242.2	-0.008993
242.4	-0.001945
242.6	0.00559
242.8	0.00632
243.0	0.002917
243.2	0.011424
243.4	0.000972
243.6	-0.003646
243.8	-0.007778
244.0	0.000486
244.2	0.000729
244.4	-0.005347
244.6	-0.000729
244.8	-0.000729
245.0	0.004375
245.2	0.008507
245.4	0.000729
245.6	0.004375
245.8	0.002431
246.0	0.006806
246.2	0.016285
246.4	0.009479
246.6	0.014098
246.8	0.014341
247.0	0.016771
247.2	0.006806
247.4	0.011424
247.6	0.013125
247.8	0.012882
248.0	0.012396
248.2	0.017744
248.4	0.013612
248.6	0.008507
248.8	-0.007535
249.0	-0.003889
249.2	-0.007778
249.4	0.004618
249.6	0.012396
249.8	0.005104
250.0	0.013855
250.2	0.018959
250.4	0.010938
250.6	0.008507
250.8	-0.013855
251.0	-0.009479
251.2	-0.005347
251.4	0.003889
251.6	0.005104
251.8	0.002188
252.0	0.001215
252.2	0.006077
252.4	-0.002917
252.6	-0.001945
252.8	0.002431
253.0	0.009723
253.2	0.006077
253.4	0.001458
253.6	0.00875
253.8	0.010452
254.0	0.015556
254.2	0.009723
254.4	-0.007049
254.6	-0.004132
254.8	0.009966
255.0	-0.00632
255.2	-0.014827
255.4	-0.021147
255.6	-0.015556
255.8	-0.017014
256.0	-0.013368
256.2	-0.011181
256.4	-0.009479
256.6	-0.010938
256.8	-0.016042
257.0	-0.020903
257.2	-0.022848
257.4	-0.014827
257.6	-0.007778
257.8	-0.004132
258.0	-0.005834
258.2	-0.004618
258.4	-0.00632
258.6	0.00316
258.8	0.002917
259.0	0.003889
259.2	0.009236
259.4	0.00875
259.6	0.003403
259.8	-0.009723
260.0	0.000486
260.2	0.004375
260.4	0.001701
260.6	0.005834
260.8	0.004375
261.0	0.00875
261.2	0.016285
261.4	0.028438
261.6	0.030626
261.8	0.01823
262.0	0.012882
262.2	0.005104
262.4	-0.010938
262.6	-0.008993
262.8	-0.009723
263.0	-0.017744
263.2	-0.013855
263.4	-0.006563
263.6	0.007535
263.8	0.006077
264.0	-0.004132
264.2	-0.003889
264.4	0.00632
264.6	0.012882
264.8	0.019931
265.0	0.01507
265.2	0.022848
265.4	0.006563
265.6	0.005347
265.8	0.006563
266.0	0.013855
266.2	0.009479
266.4	0.020417
266.6	0.009966
266.8	-0.002431
267.0	-0.001458
267.2	-0.000729
267.4	0.000972
267.6	0.00632
267.8	-0.001701
268.0	-0.015799
268.2	-0.015556
268.4	-0.013855
268.6	-0.017744
268.8	-0.003889
269.0	0.004618
269.2	0.00632
269.4	-0.000972
269.6	0.009723
269.8	0.019688
270.0	0.021876
270.2	0.01191
270.4	0.005347
270.6	0.00316
270.8	0.002431
271.0	0.006563
271.2	0.005347
271.4	-0.000486
271.6	-0.004861
271.8	-0.001458
272.0	0.000243
272.2	0.011424
272.4	-0.006077
272.6	-0.010938
272.8	-0.014827
273.0	-0.017257
273.2	-0.003646
273.4	-0.005104
273.6	-0.010938
273.8	-0.013612
274.0	-0.019688
274.2	0.00559
274.4	0.004375
274.6	0.005834
274.8	0.011667
275.0	0.008507
275.2	0.001701
275.4	0.013612
275.6	0.003889
275.8	-0.001458
276.0	-0.002674
276.2	0.005104
276.4	0.001458
276.6	0.000972
276.8	-0.003403
277.0	-0.006077
277.2	-0.013612
277.4	-0.027466
277.6	-0.025279
277.8	-0.031841
278.0	-0.021876
278.2	-0.023091
278.4	-0.022119
278.6	-0.02066
278.8	-0.012882
279.0	-0.015556
279.2	-0.013612
279.4	-0.009966
279.6	0.007778
279.8	0.011181
280.0	0.003646
280.2	-0.001458
280.4	-0.000972
280.6	-0.011667
280.8	-0.01191
281.0	-0.007535
281.2	-0.014827
281.4	-0.002188
281.6	-0.017744
281.8	-0.025522
282.0	-0.02139
282.2	0.000729
282.4	0.003646
282.6	0.000486
282.8	-0.00316
283.0	0.002917
283.2	0.014341
283.4	0.013368
283.6	0.017501
283.8	0.021876
284.0	0.012153
284.2	0.014341
284.4	0.009966
284.6	0.018473
284.8	0.02066
285.0	0.020174
285.2	0.008993
285.4	0.009723
285.6	-0.003646
285.8	0.001945
286.0	0.001945
286.2	0.00316
286.4	-0.00559
286.6	-0.006806
286.8	-0.010695
287.0	-0.020174
287.2	-0.018473
287.4	-0.006806
287.6	-0.006077
287.8	0.001458
288.0	-0.005834
288.2	-0.002431
288.4	-0.002431
288.6	-0.002188
288.8	-0.006806
289.0	-0.006806
289.2	-0.002917
289.4	0.006077
289.6	-0.007778
289.8	-0.008993
290.0	-0.010695
290.2	-0.00632
290.4	-0.017987
290.6	-0.02066
290.8	-0.018959
291.0	-0.018959
291.2	-0.011181
291.4	0.0
291.6	0.010695
291.8	-0.004375
292.0	-0.004618
292.2	-0.014098
292.4	-0.016285
292.6	-0.02066
292.8	-0.017501
293.0	-0.010209
293.2	0.002917
293.4	-0.000729
293.6	0.007292
293.8	0.004375
294.0	-0.001945
294.2	-0.000972
294.4	-0.017014
294.6	-0.002431
294.8	0.0
295.0	0.011181
295.2	0.008507
295.4	0.009966
295.6	0.024792
295.8	0.031112
296.0	0.029168
296.2	0.019688
296.4	0.026737
296.6	0.029897
296.8	0.017744
297.0	0.010938
297.2	0.008507
297.4	0.002917
297.6	0.000243
297.8	-0.006563
298.0	0.001215
298.2	0.010938
298.4	0.008021
298.6	-0.009479
298.8	-0.017744
299.0	-0.00632
299.2	-0.002917
299.4	-0.00632
299.6	-0.007535
299.8	-0.023334
300.0	-0.011181
300.2	0.001945
300.4	-0.012639
300.6	-0.006077
300.8	0.0
301.0	0.002188
301.2	0.009723
301.4	0.002674
301.6	0.00875
301.8	0.006806
302.0	-0.005104
302.2	-0.013368
302.4	-0.012882
302.6	-0.016042
302.8	-0.009966
303.0	0.002917
303.2	0.007778
303.4	0.002431
303.6	0.000972
303.8	0.003646
304.0	0.00316
304.2	0.008507
304.4	0.004132
304.6	0.0
304.8	-0.010938
305.0	0.001458
305.2	-0.001215
305.4	0.000486
305.6	0.004375
305.8	0.004618
306.0	0.021633
306.2	0.014341
306.4	0.015799
306.6	0.005347
306.8	0.00875
307.0	0.001215
307.2	0.000486
307.4	0.001945
307.6	0.006077
307.8	0.008264
308.0	-0.004861
308.2	-0.007535
308.4	0.005104
308.6	0.00559
308.8	0.010209
309.0	0.015313
309.2	0.02139
309.4	0.016042
309.6	0.013855
309.8	0.017014
310.0	0.011424
310.2	-0.004618
310.4	-0.002431
310.6	0.002188
310.8	0.00559
311.0	0.000243
311.2	0.004618
311.4	-0.003646
311.6	-0.002188
311.8	-0.013125
312.0	-0.007778
312.2	-0.000729
312.4	0.012882
312.6	0.012153
312.8	0.009723
313.0	0.015313
313.2	0.002917
313.4	-0.002188
313.6	-0.011424
313.8	-0.006077
314.0	-0.003889
314.2	-0.000972
314.4	-0.000243
314.6	0.014827
314.8	0.010452
315.0	-0.002188
315.2	-0.004132
315.4	-0.005104
315.6	-0.003403
315.8	-0.003403
316.0	-0.006077
316.2	-0.007535
316.4	-0.010452
316.6	-0.011181
316.8	-0.009479
317.0	-0.006806
317.2	0.0
317.4	0.007535
317.6	0.006806
317.8	-0.007535
318.0	-0.006563
318.2	0.002674
318.4	-0.014827
318.6	-0.009723
318.8	-0.017987
319.0	-0.022362
319.2	-0.027466
319.4	-0.020903
319.6	-0.011667
319.8	-0.012153
320.0	-0.009966
320.2	-0.016528
320.4	-0.011181
320.6	-0.010938
320.8	-0.010938
321.0	-0.002674
321.2	-0.003646
321.4	0.000729
321.6	-0.008507
321.8	0.005347
322.0	0.002188
322.2	0.018959
322.4	0.011667
322.6	0.001458
322.8	0.003889
323.0	0.01191
323.2	0.007292
323.4	0.008264
323.6	0.012882
323.8	0.020174
324.0	0.023577
324.2	0.007292
324.4	0.009236
324.6	0.002188
324.8	-0.006806
325.0	-0.00559
325.2	-0.004861
325.4	-0.005834
325.6	0.001458
325.8	0.000243
326.0	0.002431
326.2	-0.00632
326.4	-0.020903
326.6	-0.032814
326.8	-0.029897
327.0	-0.014827
327.2	-0.012639
327.4	-0.014341
327.6	0.000729
327.8	-0.00632
328.0	-0.001458
328.2	-0.001945
328.4	-0.005104
328.6	0.001458
328.8	-0.00875
329.0	-0.009479
329.2	-0.00559
329.4	-0.014827
329.6	-0.006077
329.8	-0.005347
330.0	0.003646
330.2	0.014098
330.4	0.01507
330.6	0.012153
330.8	0.00875
331.0	0.016528
331.2	0.016042
331.4	-0.004375
331.6	0.004132
331.8	-0.006077
332.0	0.003889
332.2	-0.001458
332.4	-0.004132
332.6	0.001701
332.8	0.011667
333.0	0.004618
333.2	0.003889
333.4	0.011667
333.6	0.007292
333.8	0.001701
334.0	0.013612
334.2	0.008264
334.4	0.003403
334.6	-0.008264
334.8	-0.007535
335.0	-0.013125
335.2	-0.007049
335.4	-0.014584
335.6	-0.006077
335.8	-0.002674
336.0	-0.004861
336.2	-0.017014
336.4	-0.011667
336.6	-0.017257
336.8	-0.010938
337.0	0.000972
337.2	-0.002431
337.4	-0.010695
337.6	-0.014341
337.8	-0.00316
338.0	-0.001701
338.2	-0.011667
338.4	-0.010209
338.6	-0.00559
338.8	-0.003403
339.0	-0.002431
339.2	0.006077
339.4	-0.000243
339.6	-0.01191
339.8	-0.016771
340.0	-0.005834
340.2	-0.000972
340.4	-0.000729
340.6	0.006806
340.8	0.01507
341.0	-0.000486
341.2	0.002431
341.4	0.008264
341.6	0.002431
341.8	0.005834
342.0	0.007535
342.2	0.000729
342.4	0.006806
342.6	0.001945
342.8	0.001945
343.0	0.002431
343.2	0.008993
343.4	0.007292
343.6	0.008021
343.8	0.016042
344.0	0.004618
344.2	0.009479
344.4	0.000243
344.6	0.010938
344.8	0.011181
345.0	0.001458
345.2	0.001701
345.4	-0.002188
345.6	0.002188
345.8	-0.000486
346.0	0.013855
346.2	0.022848
346.4	0.019931
346.6	0.008021
346.8	0.007535
347.0	0.001215
347.2	0.003403
347.4	0.007535
347.6	0.008264
347.8	0.009966
348.0	0.012639
348.2	0.007292
348.4	0.016528
348.6	0.013612
348.8	0.007778
349.0	-0.009723
349.2	-0.000486
349.4	-0.005834
349.6	-0.000972
349.8	-0.00875
350.0	-0.004861
350.2	-0.009966
350.4	-0.007292
350.6	0.003646
350.8	0.007292
351.0	0.00559
351.2	0.005104
351.4	0.008021
351.6	0.017014
351.8	0.009479
352.0	0.002674
352.2	0.008021
352.4	0.011424
352.6	0.009723
352.8	0.017014
353.0	0.016528
353.2	0.008507
353.4	0.009236
353.6	0.001701
353.8	-0.016042
354.0	-0.008993
354.2	-0.012639
354.4	-0.011181
354.6	-0.018716
354.8	-0.02698
355.0	-0.02698
355.2	-0.028681
355.4	-0.030626
355.6	-0.010452
355.8	-0.001701
356.0	0.003403
356.2	-0.005104
356.4	-0.012882
356.6	-0.007778
356.8	-0.007778
357.0	0.001945
357.2	0.000729
357.4	0.000729
357.6	0.00632
357.8	0.004375
358.0	0.006806
358.2	0.01507
358.4	0.011181
358.6	0.005347
358.8	-0.006563
359.0	-0.001215
359.2	0.003403
359.4	-0.000486
359.6	0.007778
359.8	0.01191
360.0	0.007049
360.2	-0.000486
360.4	0.011424
360.6	0.016285
360.8	0.020417
361.0	0.013855
361.2	0.01507
361.4	0.01191
361.6	0.00632
361.8	0.004132
362.0	-0.008507
362.2	-0.014341
362.4	-0.018959
362.6	-0.014827
362.8	-0.014827
363.0	-0.004618
363.2	-0.009479
363.4	0.001458
363.6	-0.000972
363.8	0.004132
364.0	0.009479
364.2	0.001215
364.4	0.008021
364.6	0.018959
364.8	0.016528
365.0	0.004132
365.2	0.019688
365.4	0.010209
365.6	0.0
365.8	0.000729
366.0	0.003889
366.2	0.001945
366.4	-0.006563
366.6	-0.000729
366.8	-0.00632
367.0	-0.007292
367.2	-0.002674
367.4	0.002917
367.6	0.007049
367.8	0.014827
368.0	0.012396
368.2	0.02066
368.4	0.014098
368.6	0.017257
368.8	0.010452
369.0	0.021876
369.2	0.013612
369.4	0.003889
369.6	0.008264
369.8	0.014584
370.0	0.013368
370.2	0.005834
370.4	-0.008507
370.6	-0.009723
370.8	-0.014827
371.0	-0.018473
371.2	-0.01823
371.4	-0.024549
371.6	-0.02066
371.8	-0.019202
372.0	-0.005834
372.2	-0.004618
372.4	-0.005834
372.6	-0.004618
372.8	-0.013125
373.0	-0.013855
373.2	0.000972
373.4	0.002674
373.6	0.017987
373.8	0.014341
374.0	0.001945
374.2	0.003646
374.4	0.00559
374.6	-0.007778
374.8	-0.011667
375.0	-0.018716
375.2	-0.017501
375.4	-0.00875
375.6	-0.013855
375.8	-0.019202
376.0	-0.018473
376.2	-0.000729
376.4	-0.001458
376.6	-0.007049
376.8	-0.007535
377.0	-0.000972
377.2	-0.006563
377.4	-0.000972
377.6	0.005834
377.8	0.000243
378.0	-0.004861
378.2	-0.000486
378.4	-0.010938
378.6	0.001458
378.8	0.003403
379.0	0.010452
379.2	0.008507
379.4	0.007535
379.6	-0.001458
379.8	-0.012882
380.0	-0.017014
380.2	-0.017744
380.4	-0.007535
380.6	-0.004375
380.8	-0.00559
381.0	0.00316
381.2	0.014341
381.4	0.015313
381.6	0.00559
381.8	-0.005104
382.0	0.006806
382.2	-0.00316
382.4	0.008993
382.6	-0.005834
382.8	-0.004618
383.0	-0.009723
383.2	-0.008993
383.4	-0.017014
383.6	-0.02139
383.8	-0.022848
384.0	-0.022119
384.2	-0.012396
384.4	-0.00875
384.6	0.008021
384.8	-0.004861
385.0	-0.008507
385.2	-0.002674
385.4	-0.008507
385.6	-0.009479
385.8	-0.00316
386.0	-0.008021
386.2	-0.010209
386.4	-0.00875
386.6	-0.010452
386.8	-0.019202
387.0	-0.014098
387.2	-0.017987
387.4	-0.010938
387.6	-0.007535
387.8	-0.005834
388.0	-0.015556
388.2	-0.015556
388.4	-0.025765
388.6	-0.011667
388.8	-0.012639
389.0	-0.012153
389.2	-0.00875
389.4	-0.019202
389.6	-0.016771
389.8	-0.001215
390.0	0.008507
390.2	0.002188
390.4	-0.000972
390.6	-0.007049
390.8	0.000486
391.0	0.00875
391.2	0.017257
391.4	0.013368
391.6	-0.006077
391.8	-0.001945
392.0	-0.012396
392.2	-0.013612
392.4	-0.012639
392.6	-0.007535
392.8	-0.001215
393.0	0.00316
393.2	0.004618
393.4	0.004132
393.6	-0.009723
393.8	-0.00559
394.0	-0.00632
394.2	0.005104
394.4	0.009236
394.6	0.017501
394.8	0.014584
395.0	0.004375
395.2	0.010695
395.4	0.012153
395.6	0.00875
395.8	0.012639
396.0	0.007049
396.2	0.008507
396.4	0.012153
396.6	0.012153
396.8	0.005347
397.0	0.008264
397.2	0.011424
397.4	0.022848
397.6	0.011181
397.8	0.014098
398.0	0.022119
398.2	0.018716
398.4	0.018473
398.6	0.016528
398.8	0.008507
399.0	0.007778
399.2	0.012882
399.4	-0.000972
399.6	-0.008993
399.8	-0.00632
400.0	0.007049
400.2	0.00875
400.4	0.006806
400.6	0.001215
400.8	-0.004132
401.0	-0.011424
401.2	-0.00632
401.4	0.012153
401.6	0.01507
401.8	0.020903
402.0	0.012396
402.2	0.006806
402.4	0.003403
402.6	0.002188
402.8	-0.001458
403.0	0.004861
403.2	0.012396
403.4	0.016771
403.6	0.007778
403.8	0.013125
404.0	0.008993
404.2	0.009966
404.4	0.008264
404.6	0.001701
404.8	0.008021
405.0	0.010452
405.2	0.002431
405.4	0.008507
405.6	0.00559
405.8	0.013855
406.0	0.020417
406.2	0.01507
406.4	0.012396
406.6	0.009723
406.8	0.00316
407.0	-0.001215
407.2	-0.001458
407.4	0.007535
407.6	0.000243
407.8	-0.004375
408.0	0.004861
408.2	0.008993
408.4	0.004861
408.6	0.007778
408.8	-0.002431
409.0	0.002917
409.2	-0.000972
409.4	-0.001701
409.6	-0.007292
409.8	-0.000486
410.0	-0.003889
410.2	-0.009723
410.4	0.004132
410.6	0.014098
410.8	0.009966
411.0	0.011424
411.2	0.010452
411.4	0.018959
411.6	0.001701
411.8	-0.014584

&

0.2	0.000151
0.4	0.000256
0.6	0.00064
0.8	0.000442
1.0	0.000733
1.2	0.001059
1.4	0.001233
1.6	0.001745
1.8	0.001931
2.0	0.002292
2.2	0.00178
2.4	0.002025
2.6	0.002257
2.8	0.002234
3.0	0.002222
3.2	0.002537
3.4	0.002665
3.6	0.002409
3.8	0.002315
4.0	0.002583
4.2	0.002362
4.4	0.002525
4.6	0.002874
4.8	0.003107
5.0	0.003153
5.2	0.003677
5.4	0.003758
5.6	0.00384
5.8	0.004003
6.0	0.004119
6.2	0.004224
6.4	0.004259
6.6	0.003421
6.8	0.003374
7.0	0.003188
7.2	0.003048
7.4	0.003665
7.6	0.003491
7.8	0.003479
8.0	0.003642
8.2	0.003293
8.4	0.003421
8.6	0.002723
8.8	0.002967
9.0	0.003014
9.2	0.002746
9.4	0.00249
9.6	0.002583
9.8	0.002758
10.0	0.002909
10.2	0.002548
10.4	0.00256
10.6	0.002304
10.8	0.002758
11.0	0.003304
11.2	0.00313
11.4	0.003304
11.6	0.003409
11.8	0.003619
12.0	0.0037
12.2	0.003863
12.4	0.004096
12.6	0.003933
12.8	0.003735
13.0	0.003944
13.2	0.003549
13.4	0.003293
13.6	0.003118
13.8	0.002886
14.0	0.002862
14.2	0.002967
14.4	0.003235
14.6	0.003316
14.8	0.003339
15.0	0.003339
15.2	0.003153
15.4	0.002921
15.6	0.002653
15.8	0.002548
16.0	0.002711
16.2	0.002897
16.4	0.002769
16.6	0.002688
16.8	0.002327
17.0	0.002129
17.2	0.002257
17.4	0.002222
17.6	0.002676
17.8	0.002839
18.0	0.003083
18.2	0.003165
18.4	0.003211
18.6	0.003351
18.8	0.002921
19.0	0.003211
19.2	0.003223
19.4	0.003723
19.6	0.003165
19.8	0.002699
20.0	0.002606
20.2	0.002537
20.4	0.002281
20.6	0.002246
20.8	0.002164
21.0	0.002339
21.2	0.002199
21.4	0.00235
21.6	0.002665
21.8	0.002699
22.0	0.002688
22.2	0.002432
22.4	0.002641
22.6	0.002688
22.8	0.002967
23.0	0.002897
23.2	0.003281
23.4	0.003211
23.6	0.002979
23.8	0.002874
24.0	0.003188
24.2	0.002944
24.4	0.003421
24.6	0.003025
24.8	0.003072
25.0	0.003083
25.2	0.002862
25.4	0.002909
25.6	0.002897
25.8	0.00263
26.0	0.002618
26.2	0.002641
26.4	0.002874
26.6	0.002862
26.8	0.002816
27.0	0.002571
27.2	0.002618
27.4	0.002548
27.6	0.002641
27.8	0.002315
28.0	0.00235
28.2	0.002164
28.4	0.002094
28.6	0.002409
28.8	0.002467
29.0	0.002618
29.2	0.002455
29.4	0.002187
29.6	0.002409
29.8	0.002001
30.0	0.001966
30.2	0.002281
30.4	0.002374
30.6	0.002374
30.8	0.002595
31.0	0.002746
31.2	0.002944
31.4	0.003095
31.6	0.002618
31.8	0.002304
32.0	0.002595
32.2	0.002583
32.4	0.002827
32.6	0.002583
32.8	0.00235
33.0	0.002467
33.2	0.002583
33.4	0.002793
33.6	0.002921
33.8	0.003188
34.0	0.002641
34.2	0.003095
34.4	0.003002
34.6	0.002897
34.8	0.00313
35.0	0.003048
35.2	0.003223
35.4	0.003048
35.6	0.003304
35.8	0.003176
36.0	0.003188
36.2	0.003211
36.4	0.002711
36.6	0.002851
36.8	0.002874
37.0	0.003037
37.2	0.002862
37.4	0.002781
37.6	0.002839
37.8	0.002827
38.0	0.00235
38.2	0.002455
38.4	0.002653
38.6	0.002525
38.8	0.002595
39.0	0.003351
39.2	0.003502
39.4	0.003642
39.6	0.003432
39.8	0.003956
40.0	0.003828
40.2	0.003991
40.4	0.004014
40.6	0.004038
40.8	0.00377
41.0	0.003316
41.2	0.003409
41.4	0.003095
41.6	0.002979
41.8	0.00299
42.0	0.002839
42.2	0.002548
42.4	0.002711
42.6	0.002769
42.8	0.003153
43.0	0.003037
43.2	0.00306
43.4	0.003188
43.6	0.003444
43.8	0.003432
44.0	0.003514
44.2	0.003014
44.4	0.003037
44.6	0.003188
44.8	0.00363
45.0	0.003456
45.2	0.003246
45.4	0.003281
45.6	0.003584
45.8	0.003374
46.0	0.003188
46.2	0.002478
46.4	0.002513
46.6	0.002827
46.8	0.002723
47.0	0.002246
47.2	0.002513
47.4	0.002781
47.6	0.002455
47.8	0.002234
48.0	0.002222
48.2	0.002327
48.4	0.00242
48.6	0.00249
48.8	0.002292
49.0	0.00242
49.2	0.002455
49.4	0.002746
49.6	0.002362
49.8	0.002571
50.0	0.002409
50.2	0.002583
50.4	0.002513
50.6	0.002641
50.8	0.002816
51.0	0.002641
51.2	0.00249
51.4	0.00242
51.6	0.002374
51.8	0.002071
52.0	0.002118
52.2	0.002315
52.4	0.002292
52.6	0.002339
52.8	0.002304
53.0	0.002641
53.2	0.002269
53.4	0.002595
53.6	0.002862
53.8	0.003037
54.0	0.002944
54.2	0.002839
54.4	0.002711
54.6	0.002979
54.8	0.003118
55.0	0.002816
55.2	0.002665
55.4	0.002571
55.6	0.002781
55.8	0.002816
56.0	0.002537
56.2	0.002094
56.4	0.002106
56.6	0.002013
56.8	0.001862
57.0	0.001862
57.2	0.002129
57.4	0.002013
57.6	0.002118
57.8	0.002001
58.0	0.002513
58.2	0.002211
58.4	0.002187
58.6	0.002083
58.8	0.002118
59.0	0.002153
59.2	0.002048
59.4	0.002525
59.6	0.002804
59.8	0.002676
60.0	0.002804
60.2	0.002839
60.4	0.002746
60.6	0.00235
60.8	0.002467
61.0	0.002269
61.2	0.002339
61.4	0.002723
61.6	0.003072
61.8	0.003083
62.0	0.002921
62.2	0.002967
62.4	0.0032
62.6	0.003118
62.8	0.003037
63.0	0.002979
63.2	0.002909
63.4	0.003235
63.6	0.003025
63.8	0.002967
64.0	0.002921
64.2	0.003118
64.4	0.003188
64.6	0.003293
64.8	0.003409
65.0	0.003514
65.2	0.003782
65.4	0.003735
65.6	0.003514
65.8	0.003584
66.0	0.003537
66.2	0.003339
66.4	0.003328
66.6	0.003188
66.8	0.003037
67.0	0.003328
67.2	0.002979
67.4	0.00306
67.6	0.00313
67.8	0.003467
68.0	0.003654
68.2	0.003351
68.4	0.00256
68.6	0.002897
68.8	0.002851
69.0	0.002455
69.2	0.002187
69.4	0.002432
69.6	0.002467
69.8	0.002525
70.0	0.002548
70.2	0.002234
70.4	0.002246
70.6	0.002059
70.8	0.002094
71.0	0.002153
71.2	0.002362
71.4	0.002257
71.6	0.002595
71.8	0.002641
72.0	0.002874
72.2	0.002932
72.4	0.002618
72.6	0.002862
72.8	0.002502
73.0	0.002397
73.2	0.002281
73.4	0.001955
73.6	0.001873
73.8	0.001955
74.0	0.00235
74.2	0.002187
74.4	0.002502
74.6	0.002665
74.8	0.003235
75.0	0.003723
75.2	0.003374
75.4	0.003607
75.6	0.003363
75.8	0.003223
76.0	0.003293
76.2	0.0037
76.4	0.003723
76.6	0.003456
76.8	0.003188
77.0	0.0037
77.2	0.003176
77.4	0.003223
77.6	0.003328
77.8	0.00306
78.0	0.003432
78.2	0.003723
78.4	0.003654
78.6	0.003979
78.8	0.003409
79.0	0.003456
79.2	0.003363
79.4	0.003025
79.6	0.002537
79.8	0.002711
80.0	0.003072
80.2	0.003281
80.4	0.003153
80.6	0.003153
80.8	0.002827
81.0	0.002909
81.2	0.002967
81.4	0.002758
81.6	0.002234
81.8	0.002525
82.0	0.002187
82.2	0.002036
82.4	0.002164
82.6	0.002478
82.8	0.002478
83.0	0.002502
83.2	0.0032
83.4	0.002653
83.6	0.002793
83.8	0.00242
84.0	0.002292
84.2	0.002187
84.4	0.002292
84.6	0.002455
84.8	0.00242
85.0	0.002478
85.2	0.00299
85.4	0.002804
85.6	0.002606
85.8	0.002711
86.0	0.002665
86.2	0.002769
86.4	0.002688
86.6	0.00313
86.8	0.00299
87.0	0.002769
87.2	0.002793
87.4	0.002862
87.6	0.002862
87.8	0.002199
88.0	0.00235
88.2	0.002513
88.4	0.002606
88.6	0.002676
88.8	0.002537
89.0	0.002967
89.2	0.002688
89.4	0.002769
89.6	0.002688
89.8	0.002699
90.0	0.002711
90.2	0.003304
90.4	0.002979
90.6	0.00313
90.8	0.003793
91.0	0.004014
91.2	0.003933
91.4	0.00377
91.6	0.00427
91.8	0.004712
92.0	0.004433
92.2	0.003828
92.4	0.00391
92.6	0.00377
92.8	0.004049
93.0	0.004235
93.2	0.003747
93.4	0.003979
93.6	0.004305
93.8	0.004352
94.0	0.004282
94.2	0.003979
94.4	0.003921
94.6	0.003875
94.8	0.004212
95.0	0.003642
95.2	0.00377
95.4	0.004212
95.6	0.003793
95.8	0.003549
96.0	0.003782
96.2	0.00363
96.4	0.003316
96.6	0.003619
96.8	0.003479
97.0	0.003188
97.2	0.003246
97.4	0.003467
97.6	0.003281
97.8	0.0032
98.0	0.003002
98.2	0.003549
98.4	0.003351
98.6	0.003467
98.8	0.003607
99.0	0.00356
99.2	0.002921
99.4	0.002769
99.6	0.003118
99.8	0.003142
100.0	0.00313
100.2	0.003363
100.4	0.003014
100.6	0.003095
100.8	0.003421
101.0	0.003514
101.2	0.00384
101.4	0.003886
101.6	0.00434
101.8	0.004619
102.0	0.004701
102.2	0.004631
102.4	0.004817
102.6	0.004096
102.8	0.004154
103.0	0.004072
103.2	0.004107
103.4	0.004387
103.6	0.004445
103.8	0.004142
104.0	0.003979
104.2	0.003432
104.4	0.003595
104.6	0.003328
104.8	0.003677
105.0	0.003654
105.2	0.003339
105.4	0.002781
105.6	0.002583
105.8	0.002816
106.0	0.002653
106.2	0.002653
106.4	0.002443
106.6	0.002862
106.8	0.002676
107.0	0.002618
107.2	0.002304
107.4	0.002374
107.6	0.002339
107.8	0.002339
108.0	0.00242
108.2	0.002618
108.4	0.002513
108.6	0.002955
108.8	0.002769
109.0	0.002281
109.2	0.00256
109.4	0.002909
109.6	0.002862
109.8	0.002537
110.0	0.002734
110.2	0.002618
110.4	0.002711
110.6	0.002571
110.8	0.002979
111.0	0.003142
111.2	0.003235
111.4	0.003223
111.6	0.003409
111.8	0.0037
112.0	0.003688
112.2	0.003514
112.4	0.003386
112.6	0.003304
112.8	0.003526
113.0	0.003514
113.2	0.003398
113.4	0.003502
113.6	0.003537
113.8	0.003805
114.0	0.003758
114.2	0.004189
114.4	0.004119
114.6	0.004433
114.8	0.004224
115.0	0.004165
115.2	0.003654
115.4	0.003968
115.6	0.003386
115.8	0.00356
116.0	0.002921
116.2	0.00306
116.4	0.002804
116.6	0.00249
116.8	0.002746
117.0	0.002967
117.2	0.002618
117.4	0.002862
117.6	0.003002
117.8	0.003339
118.0	0.003619
118.2	0.003793
118.4	0.003828
118.6	0.004119
118.8	0.004119
119.0	0.00434
119.2	0.004584
119.4	0.004142
119.6	0.004107
119.8	0.003537
120.0	0.003363
120.2	0.003654
120.4	0.003514
120.6	0.003072
120.8	0.00306
121.0	0.00299
121.2	0.002606
121.4	0.002793
121.6	0.002804
121.8	0.002746
122.0	0.002641
122.2	0.003153
122.4	0.003153
122.6	0.002944
122.8	0.002548
123.0	0.002653
123.2	0.002897
123.4	0.002339
123.6	0.002641
123.8	0.002548
124.0	0.002548
124.2	0.002048
124.4	0.00242
124.6	0.002327
124.8	0.002443
125.0	0.002385
125.2	0.002118
125.4	0.002269
125.6	0.002222
125.8	0.002281
126.0	0.002478
126.2	0.002048
126.4	0.002036
126.6	0.001885
126.8	0.001827
127.0	0.002187
127.2	0.002443
127.4	0.002571
127.6	0.002315
127.8	0.002164
128.0	0.002292
128.2	0.002118
128.4	0.002001
128.6	0.00242
128.8	0.002153
129.0	0.002548
129.2	0.002513
129.4	0.002432
129.6	0.002606
129.8	0.002769
130.0	0.002478
130.2	0.00256
130.4	0.00242
130.6	0.002362
130.8	0.002269
131.0	0.002665
131.2	0.002886
131.4	0.003235
131.6	0.003432
131.8	0.003339
132.0	0.003595
132.2	0.003758
132.4	0.003828
132.6	0.004072
132.8	0.004165
133.0	0.00427
133.2	0.004119
133.4	0.004038
133.6	0.003863
133.8	0.00263
134.0	0.002874
134.2	0.002874
134.4	0.002734
134.6	0.002816
134.8	0.002897
135.0	0.002932
135.2	0.002548
135.4	0.002525
135.6	0.002641
135.8	0.002665
136.0	0.002921
136.2	0.003211
136.4	0.002816
136.6	0.002979
136.8	0.002921
137.0	0.002781
137.2	0.002699
137.4	0.002711
137.6	0.003211
137.8	0.003374
138.0	0.003758
138.2	0.003142
138.4	0.002606
138.6	0.002641
138.8	0.002688
139.0	0.00249
139.2	0.002886
139.4	0.003176
139.6	0.002886
139.8	0.002967
140.0	0.003037
140.2	0.002909
140.4	0.002851
140.6	0.002967
140.8	0.002827
141.0	0.002909
141.2	0.003165
141.4	0.002862
141.6	0.002967
141.8	0.003037
142.0	0.002665
142.2	0.002816
142.4	0.003165
142.6	0.002758
142.8	0.002886
143.0	0.002478
143.2	0.00263
143.4	0.002653
143.6	0.002793
143.8	0.002979
144.0	0.002967
144.2	0.003479
144.4	0.003374
144.6	0.003258
144.8	0.002932
145.0	0.003095
145.2	0.003467
145.4	0.003153
145.6	0.003095
145.8	0.002967
146.0	0.00313
146.2	0.002851
146.4	0.003083
146.6	0.002816
146.8	0.002897
147.0	0.003304
147.2	0.003782
147.4	0.00356
147.6	0.003712
147.8	0.003642
148.0	0.003921
148.2	0.004026
148.4	0.004317
148.6	0.004119
148.8	0.00384
149.0	0.003758
149.2	0.003619
149.4	0.003258
149.6	0.003537
149.8	0.003688
150.0	0.003863
150.2	0.003165
150.4	0.00299
150.6	0.003048
150.8	0.003281
151.0	0.003235
151.2	0.003339
151.4	0.003083
151.6	0.003153
151.8	0.003456
152.0	0.00363
152.2	0.003688
152.4	0.003118
152.6	0.003293
152.8	0.003281
153.0	0.003339
153.2	0.003409
153.4	0.003316
153.6	0.00306
153.8	0.002944
154.0	0.003072
154.2	0.003235
154.4	0.003607
154.6	0.003886
154.8	0.003747
155.0	0.003549
155.2	0.003281
155.4	0.003374
155.6	0.003432
155.8	0.003258
156.0	0.002734
156.2	0.003048
156.4	0.003211
156.6	0.003432
156.8	0.003083
157.0	0.00256
157.2	0.00249
157.4	0.002304
157.6	0.002222
157.8	0.00242
158.0	0.002548
158.2	0.002641
158.4	0.002711
158.6	0.002781
158.8	0.002723
159.0	0.002851
159.2	0.003502
159.4	0.003351
159.6	0.003421
159.8	0.003281
160.0	0.003502
160.2	0.002862
160.4	0.002711
160.6	0.002548
160.8	0.002269
161.0	0.002374
161.2	0.002897
161.4	0.003083
161.6	0.002537
161.8	0.002211
162.0	0.002723
162.2	0.002839
162.4	0.002781
162.6	0.00235
162.8	0.00242
163.0	0.002327
163.2	0.00242
163.4	0.002513
163.6	0.002071
163.8	0.002315
164.0	0.002734
164.2	0.002839
164.4	0.002793
164.6	0.002816
164.8	0.003118
165.0	0.002804
165.2	0.002839
165.4	0.002595
165.6	0.00242
165.8	0.002513
166.0	0.002397
166.2	0.00242
166.4	0.002804
166.6	0.002606
166.8	0.002758
167.0	0.003118
167.2	0.003409
167.4	0.003549
167.6	0.003083
167.8	0.002921
168.0	0.003025
168.2	0.002851
168.4	0.002583
168.6	0.002734
168.8	0.002874
169.0	0.002548
169.2	0.002513
169.4	0.002874
169.6	0.00313
169.8	0.003374
170.0	0.003293
170.2	0.003258
170.4	0.003176
170.6	0.002921
170.8	0.002909
171.0	0.003118
171.2	0.002886
171.4	0.003223
171.6	0.00327
171.8	0.003526
172.0	0.003933
172.2	0.004165
172.4	0.003991
172.6	0.004107
172.8	0.003863
173.0	0.004305
173.2	0.004398
173.4	0.004212
173.6	0.004317
173.8	0.00384
174.0	0.004096
174.2	0.003747
174.4	0.00356
174.6	0.003398
174.8	0.003898
175.0	0.004072
175.2	0.003875
175.4	0.004142
175.6	0.004177
175.8	0.004154
176.0	0.003828
176.2	0.003316
176.4	0.003467
176.6	0.003153
176.8	0.002537
177.0	0.002071
177.2	0.002059
177.4	0.001897
177.6	0.00185
177.8	0.001978
178.0	0.002013
178.2	0.002292
178.4	0.002327
178.6	0.002665
178.8	0.002711
179.0	0.002816
179.2	0.003014
179.4	0.003281
179.6	0.003142
179.8	0.003083
180.0	0.002909
180.2	0.002944
180.4	0.003211
180.6	0.003328
180.8	0.00327
181.0	0.003095
181.2	0.003421
181.4	0.003526
181.6	0.00299
181.8	0.003304
182.0	0.003304
182.2	0.003095
182.4	0.003304
182.6	0.00363
182.8	0.003735
183.0	0.003188
183.2	0.003153
183.4	0.003246
183.6	0.003048
183.8	0.003153
184.0	0.003037
184.2	0.003211
184.4	0.003048
184.6	0.002478
184.8	0.002292
185.0	0.002141
185.2	0.002269
185.4	0.002385
185.6	0.002409
185.8	0.002327
186.0	0.002292
186.2	0.001966
186.4	0.002222
186.6	0.00249
186.8	0.002443
187.0	0.002257
187.2	0.002327
187.4	0.002467
187.6	0.002106
187.8	0.002071
188.0	0.002339
188.2	0.00249
188.4	0.002304
188.6	0.002246
188.8	0.002211
189.0	0.002141
189.2	0.002083
189.4	0.002327
189.6	0.002013
189.8	0.002374
190.0	0.002688
190.2	0.002467
190.4	0.002246
190.6	0.002374
190.8	0.002269
191.0	0.002362
191.2	0.002327
191.4	0.002478
191.6	0.002769
191.8	0.002606
192.0	0.002502
192.2	0.002246
192.4	0.002269
192.6	0.002094
192.8	0.002013
193.0	0.002222
193.2	0.002036
193.4	0.00199
193.6	0.002234
193.8	0.002246
194.0	0.002269
194.2	0.002048
194.4	0.002304
194.6	0.002432
194.8	0.002443
195.0	0.002665
195.2	0.002699
195.4	0.002816
195.6	0.002816
195.8	0.002734
196.0	0.002839
196.2	0.003025
196.4	0.002955
196.6	0.003467
196.8	0.00377
197.0	0.003735
197.2	0.003107
197.4	0.003072
197.6	0.003572
197.8	0.003747
198.0	0.003782
198.2	0.0037
198.4	0.003502
198.6	0.003793
198.8	0.004212
199.0	0.003898
199.2	0.004154
199.4	0.00363
199.6	0.003456
199.8	0.003456
200.0	0.003514
200.2	0.003293
200.4	0.003176
200.6	0.003072
200.8	0.002921
201.0	0.003153
201.2	0.003479
201.4	0.003502
201.6	0.003363
201.8	0.0032
202.0	0.003479
202.2	0.003432
202.4	0.003083
202.6	0.002432
202.8	0.002571
203.0	0.002839
203.2	0.002583
203.4	0.002141
203.6	0.002048
203.8	0.002502
204.0	0.002548
204.2	0.001943
204.4	0.002094
204.6	0.002269
204.8	0.002118
205.0	0.002118
205.2	0.002548
205.4	0.002467
205.6	0.00235
205.8	0.00242
206.0	0.00263
206.2	0.002862
206.4	0.002769
206.6	0.003072
206.8	0.002874
207.0	0.002827
207.2	0.002862
207.4	0.002746
207.6	0.002793
207.8	0.003083
208.0	0.003118
208.2	0.003246
208.4	0.003025
208.6	0.003316
208.8	0.002804
209.0	0.002653
209.2	0.002409
209.4	0.001501
209.6	0.001559
209.8	0.001931
210.0	0.002234
210.2	0.002222
210.4	0.002269
210.6	0.002571
210.8	0.00235
211.0	0.002723
211.2	0.002537
211.4	0.002502
211.6	0.002513
211.8	0.002548
212.0	0.002839
212.2	0.003235
212.4	0.003153
212.6	0.003235
212.8	0.003374
213.0	0.00363
213.2	0.003107
213.4	0.003095
213.6	0.002851
213.8	0.003258
214.0	0.003002
214.2	0.002793
214.4	0.003281
214.6	0.003293
214.8	0.003281
215.0	0.003328
215.2	0.003456
215.4	0.003398
215.6	0.003607
215.8	0.003619
216.0	0.004107
216.2	0.004259
216.4	0.003875
216.6	0.003875
216.8	0.003398
217.0	0.002944
217.2	0.002955
217.4	0.002897
217.6	0.003211
217.8	0.003235
218.0	0.003456
218.2	0.002862
218.4	0.002537
218.6	0.002525
218.8	0.002595
219.0	0.002793
219.2	0.002897
219.4	0.002595
219.6	0.002897
219.8	0.003118
220.0	0.003118
220.2	0.003491
220.4	0.003619
220.6	0.003782
220.8	0.004107
221.0	0.004026
221.2	0.003933
221.4	0.003619
221.6	0.003479
221.8	0.00313
222.0	0.003502
222.2	0.003537
222.4	0.003223
222.6	0.003211
222.8	0.003421
223.0	0.003339
223.2	0.003386
223.4	0.003479
223.6	0.003398
223.8	0.003002
224.0	0.003688
224.2	0.003176
224.4	0.00306
224.6	0.002909
224.8	0.002676
225.0	0.002955
225.2	0.003118
225.4	0.003328
225.6	0.003293
225.8	0.00306
226.0	0.002362
226.2	0.002886
226.4	0.002967
226.6	0.002816
226.8	0.003595
227.0	0.003491
227.2	0.003537
227.4	0.0032
227.6	0.003363
227.8	0.003072
228.0	0.002909
228.2	0.002955
228.4	0.00299
228.6	0.002397
228.8	0.002502
229.0	0.002641
229.2	0.002153
229.4	0.002071
229.6	0.002025
229.8	0.002048
230.0	0.002304
230.2	0.002292
230.4	0.002606
230.6	0.001978
230.8	0.002025
231.0	0.001722
231.2	0.001943
231.4	0.001943
231.6	0.001838
231.8	0.00192
232.0	0.001966
232.2	0.002083
232.4	0.001943
232.6	0.002025
232.8	0.001931
233.0	0.001873
233.2	0.002176
233.4	0.00242
233.6	0.00263
233.8	0.002443
234.0	0.002199
234.2	0.002153
234.4	0.002339
234.6	0.002455
234.8	0.002571
235.0	0.003037
235.2	0.002583
235.4	0.002769
235.6	0.002781
235.8	0.002723
236.0	0.002758
236.2	0.002315
236.4	0.002199
236.6	0.002234
236.8	0.002106
237.0	0.001757
237.2	0.001652
237.4	0.001687
237.6	0.001641
237.8	0.001536
238.0	0.001571
238.2	0.001559
238.4	0.001629
238.6	0.00171
238.8	0.001815
239.0	0.00171
239.2	0.002013
239.4	0.002141
239.6	0.002281
239.8	0.001978
240.0	0.002257
240.2	0.002583
240.4	0.002618
240.6	0.002862
240.8	0.00313
241.0	0.002932
241.2	0.002944
241.4	0.002781
241.6	0.002699
241.8	0.002734
242.0	0.002537
242.2	0.002653
242.4	0.002746
242.6	0.002281
242.8	0.002141
243.0	0.002292
243.2	0.002688
243.4	0.002944
243.6	0.003014
243.8	0.003246
244.0	0.002839
244.2	0.003258
244.4	0.002676
244.6	0.002513
244.8	0.002513
245.0	0.002502
245.2	0.002129
245.4	0.001873
245.6	0.002129
245.8	0.002129
246.0	0.002164
246.2	0.002443
246.4	0.002339
246.6	0.002455
246.8	0.002583
247.0	0.002734
247.2	0.002793
247.4	0.002886
247.6	0.002758
247.8	0.002676
248.0	0.002455
248.2	0.002234
248.4	0.002595
248.6	0.002711
248.8	0.002839
249.0	0.002699
249.2	0.002653
249.4	0.002746
249.6	0.002443
249.8	0.002083
250.0	0.002071
250.2	0.002315
250.4	0.002362
250.6	0.002409
250.8	0.002257
251.0	0.002036
251.2	0.002187
251.4	0.00199
251.6	0.001966
251.8	0.001792
252.0	0.001827
252.2	0.001536
252.4	0.001548
252.6	0.001536
252.8	0.001524
253.0	0.001757
253.2	0.001897
253.4	0.001873
253.6	0.001757
253.8	0.001885
254.0	0.00185
254.2	0.001815
254.4	0.001885
254.6	0.002083
254.8	0.002362
255.0	0.002478
255.2	0.002234
255.4	0.002269
255.6	0.002059
255.8	0.001908
256.0	0.002234
256.2	0.002141
256.4	0.002281
256.6	0.00242
256.8	0.002653
257.0	0.003083
257.2	0.002676
257.4	0.002955
257.6	0.002699
257.8	0.002385
258.0	0.002525
258.2	0.00256
258.4	0.002094
258.6	0.001908
258.8	0.001931
259.0	0.002106
259.2	0.001885
259.4	0.002013
259.6	0.002467
259.8	0.002106
260.0	0.001769
260.2	0.001466
260.4	0.001769
260.6	0.002176
260.8	0.002339
261.0	0.002548
261.2	0.002816
261.4	0.002921
261.6	0.002793
261.8	0.002862
262.0	0.002606
262.2	0.002583
262.4	0.002758
262.6	0.002862
262.8	0.002758
263.0	0.002944
263.2	0.002944
263.4	0.00327
263.6	0.003328
263.8	0.003072
264.0	0.003014
264.2	0.002793
264.4	0.002839
264.6	0.002886
264.8	0.002827
265.0	0.002886
265.2	0.002816
265.4	0.002467
265.6	0.002827
265.8	0.002769
266.0	0.002583
266.2	0.002734
266.4	0.003258
266.6	0.003316
266.8	0.003537
267.0	0.003584
267.2	0.003758
267.4	0.003549
267.6	0.003712
267.8	0.003816
268.0	0.003072
268.2	0.002921
268.4	0.002921
268.6	0.003083
268.8	0.00299
269.0	0.002932
269.2	0.003188
269.4	0.003142
269.6	0.003002
269.8	0.002758
270.0	0.002955
270.2	0.002897
270.4	0.002653
270.6	0.002548
270.8	0.002315
271.0	0.002327
271.2	0.002443
271.4	0.002548
271.6	0.002048
271.8	0.00192
272.0	0.002164
272.2	0.002455
272.4	0.002723
272.6	0.002699
272.8	0.003025
273.0	0.003083
273.2	0.003014
273.4	0.003037
273.6	0.003595
273.8	0.003828
274.0	0.003898
274.2	0.003351
274.4	0.003153
274.6	0.003235
274.8	0.003467
275.0	0.003363
275.2	0.003293
275.4	0.00327
275.6	0.003351
275.8	0.003467
276.0	0.003491
276.2	0.003956
276.4	0.004026
276.6	0.004096
276.8	0.004107
277.0	0.004142
277.2	0.004328
277.4	0.004131
277.6	0.003921
277.8	0.003921
278.0	0.003782
278.2	0.004107
278.4	0.004154
278.6	0.004131
278.8	0.004084
279.0	0.004072
279.2	0.003409
279.4	0.003491
279.6	0.003677
279.8	0.003816
280.0	0.003514
280.2	0.003095
280.4	0.002618
280.6	0.003142
280.8	0.002723
281.0	0.00249
281.2	0.002711
281.4	0.003083
281.6	0.003258
281.8	0.003339
282.0	0.003107
282.2	0.003246
282.4	0.003549
282.6	0.003688
282.8	0.00327
283.0	0.003072
283.2	0.002955
283.4	0.002897
283.6	0.002397
283.8	0.001943
284.0	0.00199
284.2	0.002013
284.4	0.002164
284.6	0.002385
284.8	0.002537
285.0	0.002699
285.2	0.002688
285.4	0.003153
285.6	0.003142
285.8	0.003118
286.0	0.002618
286.2	0.002653
286.4	0.002816
286.6	0.002769
286.8	0.002583
287.0	0.002851
287.2	0.002781
287.4	0.002711
287.6	0.002932
287.8	0.002734
288.0	0.002734
288.2	0.002804
288.4	0.003048
288.6	0.002606
288.8	0.00249
289.0	0.002374
289.2	0.002467
289.4	0.002548
289.6	0.002339
289.8	0.002327
290.0	0.002478
290.2	0.002513
290.4	0.002222
290.6	0.002944
290.8	0.002769
291.0	0.002769
291.2	0.002676
291.4	0.00299
291.6	0.002979
291.8	0.002746
292.0	0.002537
292.2	0.002816
292.4	0.002909
292.6	0.003095
292.8	0.003339
293.0	0.003572
293.2	0.003211
293.4	0.003258
293.6	0.003537
293.8	0.003258
294.0	0.002746
294.2	0.002711
294.4	0.003095
294.6	0.003107
294.8	0.002921
295.0	0.002955
295.2	0.003211
295.4	0.003712
295.6	0.003735
295.8	0.003816
296.0	0.004468
296.2	0.004677
296.4	0.004584
296.6	0.003979
296.8	0.003712
297.0	0.00384
297.2	0.003642
297.4	0.004014
297.6	0.00377
297.8	0.003816
298.0	0.00391
298.2	0.004038
298.4	0.003712
298.6	0.003421
298.8	0.003642
299.0	0.003886
299.2	0.003607
299.4	0.004189
299.6	0.004247
299.8	0.004119
300.0	0.004072
300.2	0.004061
300.4	0.004026
300.6	0.003584
300.8	0.0042
301.0	0.004317
301.2	0.003898
301.4	0.004003
301.6	0.003688
301.8	0.003281
302.0	0.003642
302.2	0.003828
302.4	0.00356
302.6	0.003363
302.8	0.003526
303.0	0.003374
303.2	0.003293
303.4	0.003083
303.6	0.003316
303.8	0.002862
304.0	0.002886
304.2	0.00306
304.4	0.002839
304.6	0.002839
304.8	0.003014
305.0	0.003374
305.2	0.003048
305.4	0.002979
305.6	0.002583
305.8	0.002618
306.0	0.003235
306.2	0.00356
306.4	0.00313
306.6	0.003235
306.8	0.003118
307.0	0.003211
307.2	0.003409
307.4	0.003723
307.6	0.003142
307.8	0.003083
308.0	0.003014
308.2	0.002746
308.4	0.002909
308.6	0.002955
308.8	0.002641
309.0	0.002862
309.2	0.003107
309.4	0.00313
309.6	0.002734
309.8	0.002781
310.0	0.002851
310.2	0.003316
310.4	0.003328
310.6	0.003048
310.8	0.003048
311.0	0.003118
311.2	0.003118
311.4	0.003153
311.6	0.00356
311.8	0.0037
312.0	0.003374
312.2	0.00306
312.4	0.003281
312.6	0.003293
312.8	0.002897
313.0	0.003014
313.2	0.003072
313.4	0.00327
313.6	0.003712
313.8	0.003665
314.0	0.003642
314.2	0.003747
314.4	0.003549
314.6	0.003153
314.8	0.002793
315.0	0.003107
315.2	0.003037
315.4	0.002932
315.6	0.002816
315.8	0.002769
316.0	0.002793
316.2	0.003153
316.4	0.003363
316.6	0.003316
316.8	0.00306
317.0	0.003316
317.2	0.003688
317.4	0.003735
317.6	0.003642
317.8	0.003107
318.0	0.003118
318.2	0.002804
318.4	0.0032
318.6	0.00242
318.8	0.002606
319.0	0.002618
319.2	0.00242
319.4	0.002292
319.6	0.002315
319.8	0.002746
320.0	0.002851
320.2	0.003304
320.4	0.003048
320.6	0.003188
320.8	0.002874
321.0	0.00313
321.2	0.002909
321.4	0.002804
321.6	0.00256
321.8	0.00235
322.0	0.002269
322.2	0.002222
322.4	0.002106
322.6	0.002641
322.8	0.002699
323.0	0.003025
323.2	0.003142
323.4	0.003665
323.6	0.003758
323.8	0.003735
324.0	0.003654
324.2	0.003421
324.4	0.003246
324.6	0.002839
324.8	0.002793
325.0	0.002781
325.2	0.002955
325.4	0.003083
325.6	0.003304
325.8	0.003432
326.0	0.003584
326.2	0.003828
326.4	0.004293
326.6	0.004433
326.8	0.003805
327.0	0.003374
327.2	0.003211
327.4	0.002839
327.6	0.003025
327.8	0.003002
328.0	0.002862
328.2	0.002723
328.4	0.00256
328.6	0.002665
328.8	0.002723
329.0	0.002793
329.2	0.002851
329.4	0.002734
329.6	0.002478
329.8	0.00256
330.0	0.002618
330.2	0.002641
330.4	0.002769
330.6	0.002897
330.8	0.002862
331.0	0.00306
331.2	0.002921
331.4	0.002595
331.6	0.002769
331.8	0.003025
332.0	0.002781
332.2	0.002723
332.4	0.002804
332.6	0.002851
332.8	0.00299
333.0	0.002688
333.2	0.002641
333.4	0.002711
333.6	0.002502
333.8	0.002327
334.0	0.002827
334.2	0.0032
334.4	0.003165
334.6	0.003537
334.8	0.002816
335.0	0.002793
335.2	0.002874
335.4	0.002734
335.6	0.002851
335.8	0.002886
336.0	0.002571
336.2	0.002944
336.4	0.003351
336.6	0.003153
336.8	0.003595
337.0	0.003491
337.2	0.00377
337.4	0.003549
337.6	0.003816
337.8	0.003048
338.0	0.003188
338.2	0.002944
338.4	0.003328
338.6	0.003328
338.8	0.003526
339.0	0.003479
339.2	0.002676
339.4	0.002513
339.6	0.002234
339.8	0.002362
340.0	0.002618
340.2	0.002839
340.4	0.002909
340.6	0.00313
340.8	0.003211
341.0	0.003491
341.2	0.003048
341.4	0.002769
341.6	0.002665
341.8	0.002595
342.0	0.002688
342.2	0.002758
342.4	0.002827
342.6	0.002955
342.8	0.002723
343.0	0.002886
343.2	0.002467
343.4	0.002478
343.6	0.002339
343.8	0.002525
344.0	0.002304
344.2	0.002455
344.4	0.002676
344.6	0.002443
344.8	0.002548
345.0	0.002804
345.2	0.003409
345.4	0.003072
345.6	0.003246
345.8	0.002921
346.0	0.003316
346.2	0.0032
346.4	0.002874
346.6	0.003083
346.8	0.003281
347.0	0.003235
347.2	0.003014
347.4	0.002758
347.6	0.002886
347.8	0.003351
348.0	0.003176
348.2	0.003293
348.4	0.003211
348.6	0.002769
348.8	0.002955
349.0	0.002653
349.2	0.002618
349.4	0.00263
349.6	0.002979
349.8	0.002862
350.0	0.002548
350.2	0.002746
350.4	0.00256
350.6	0.002769
350.8	0.002886
351.0	0.002699
351.2	0.002304
351.4	0.002374
351.6	0.002758
351.8	0.002955
352.0	0.002897
352.2	0.003398
352.4	0.004003
352.6	0.003991
352.8	0.003642
353.0	0.003211
353.2	0.003409
353.4	0.003619
353.6	0.003374
353.8	0.003747
354.0	0.003421
354.2	0.003176
354.4	0.003526
354.6	0.003386
354.8	0.003118
355.0	0.003037
355.2	0.003025
355.4	0.002734
355.6	0.002571
355.8	0.002246
356.0	0.002176
356.2	0.002525
356.4	0.002653
356.6	0.002571
356.8	0.002571
357.0	0.002641
357.2	0.00235
357.4	0.00235
357.6	0.002269
357.8	0.001955
358.0	0.001489
358.2	0.001536
358.4	0.002013
358.6	0.002467
358.8	0.002234
359.0	0.001978
359.2	0.001838
359.4	0.002025
359.6	0.002094
359.8	0.00185
360.0	0.00178
360.2	0.001757
360.4	0.002059
360.6	0.002106
360.8	0.002211
361.0	0.002595
361.2	0.002699
361.4	0.003014
361.6	0.003421
361.8	0.003654
362.0	0.003595
362.2	0.0037
362.4	0.003421
362.6	0.003025
362.8	0.002746
363.0	0.002711
363.2	0.002618
363.4	0.002746
363.6	0.003025
363.8	0.002665
364.0	0.002502
364.2	0.002676
364.4	0.002758
364.6	0.002862
364.8	0.002886
365.0	0.002688
365.2	0.003432
365.4	0.003351
365.6	0.003246
365.8	0.002827
366.0	0.002979
366.2	0.003095
366.4	0.002746
366.6	0.002653
366.8	0.00299
367.0	0.002944
367.2	0.003048
367.4	0.002699
367.6	0.002827
367.8	0.002665
368.0	0.002595
368.2	0.003072
368.4	0.003211
368.6	0.003153
368.8	0.00313
369.0	0.002804
369.2	0.002862
369.4	0.002583
369.6	0.00263
369.8	0.002723
370.0	0.003002
370.2	0.003072
370.4	0.003386
370.6	0.003083
370.8	0.003211
371.0	0.003293
371.2	0.003409
371.4	0.003677
371.6	0.003537
371.8	0.00327
372.0	0.00327
372.2	0.00306
372.4	0.00313
372.6	0.003328
372.8	0.0032
373.0	0.002862
373.2	0.002793
373.4	0.002955
373.6	0.002897
373.8	0.002909
374.0	0.003188
374.2	0.002793
374.4	0.002734
374.6	0.002851
374.8	0.002653
375.0	0.00313
375.2	0.003048
375.4	0.003153
375.6	0.003409
375.8	0.003014
376.0	0.002746
376.2	0.002525
376.4	0.002315
376.6	0.002269
376.8	0.002374
377.0	0.002502
377.2	0.002513
377.4	0.002839
377.6	0.003014
377.8	0.003176
378.0	0.003083
378.2	0.003258
378.4	0.00377
378.6	0.003968
378.8	0.004584
379.0	0.003595
379.2	0.003607
379.4	0.003316
379.6	0.003328
379.8	0.003339
380.0	0.00263
380.2	0.002571
380.4	0.002967
380.6	0.002641
380.8	0.003281
381.0	0.002886
381.2	0.002909
381.4	0.00256
381.6	0.002665
381.8	0.002769
382.0	0.002583
382.2	0.002641
382.4	0.002827
382.6	0.003037
382.8	0.002862
383.0	0.003188
383.2	0.003712
383.4	0.003526
383.6	0.003607
383.8	0.003572
384.0	0.002921
384.2	0.003304
384.4	0.003351
384.6	0.003211
384.8	0.003281
385.0	0.00356
385.2	0.00356
385.4	0.003258
385.6	0.003223
385.8	0.003432
386.0	0.003014
386.2	0.003118
386.4	0.003409
386.6	0.002781
386.8	0.002746
387.0	0.002676
387.2	0.003526
387.4	0.003025
387.6	0.002851
387.8	0.002804
388.0	0.002513
388.2	0.002513
388.4	0.002537
388.6	0.00242
388.8	0.002187
389.0	0.002071
389.2	0.001966
389.4	0.00235
389.6	0.002525
389.8	0.002455
390.0	0.002676
390.2	0.002758
390.4	0.002793
390.6	0.002932
390.8	0.003339
391.0	0.003258
391.2	0.002478
391.4	0.002246
391.6	0.002513
391.8	0.002699
392.0	0.002769
392.2	0.002816
392.4	0.002979
392.6	0.002606
392.8	0.002746
393.0	0.002513
393.2	0.002734
393.4	0.002781
393.6	0.002944
393.8	0.00299
394.0	0.002758
394.2	0.002618
394.4	0.002886
394.6	0.002874
394.8	0.003211
395.0	0.003549
395.2	0.0037
395.4	0.003735
395.6	0.003398
395.8	0.003153
396.0	0.003223
396.2	0.003316
396.4	0.003107
396.6	0.002793
396.8	0.001966
397.0	0.002083
397.2	0.001862
397.4	0.001769
397.6	0.001966
397.8	0.002129
398.0	0.002409
398.2	0.002676
398.4	0.002932
398.6	0.002897
398.8	0.002548
399.0	0.002699
399.2	0.003048
399.4	0.002862
399.6	0.002269
399.8	0.002537
400.0	0.002944
400.2	0.002793
400.4	0.002932
400.6	0.003083
400.8	0.003304
401.0	0.002909
401.2	0.003014
401.4	0.003153
401.6	0.003142
401.8	0.003479
402.0	0.00299
402.2	0.002932
402.4	0.002909
402.6	0.002967
402.8	0.003025
403.0	0.002537
403.2	0.002548
403.4	0.002699
403.6	0.002723
403.8	0.002385
404.0	0.002478
404.2	0.002758
404.4	0.002793
404.6	0.002537
404.8	0.00235
405.0	0.002246
405.2	0.002071
405.4	0.002013
405.6	0.00235
405.8	0.002199
406.0	0.002269
406.2	0.002281
406.4	0.002478
406.6	0.002339
406.8	0.00235
407.0	0.002339
407.2	0.002083
407.4	0.002048
407.6	0.002211
407.8	0.002525
408.0	0.002711
408.2	0.002641
408.4	0.002397
408.6	0.002409
408.8	0.002013
409.0	0.002315
409.2	0.00242
409.4	0.002548
409.6	0.003095
409.8	0.002874
410.0	0.003095
410.2	0.003107
410.4	0.00306
410.6	0.0032
410.8	0.003107
411.0	0.002711
411.2	0.00299
411.4	0.002944
411.6	0.003246
411.8	0.002897

&

