0.2	-0.006077
0.4	-0.007535
0.6	-0.010938
0.8	-0.000243
1.0	-0.00632
1.2	-0.012153
1.4	-0.001215
1.6	-0.002917
1.8	0.005104
2.0	0.013612
2.2	0.021147
2.4	0.011667
2.6	0.007049
2.8	-0.000972
3.0	-0.01507
3.2	-0.009723
3.4	-0.008507
3.6	0.003889
3.8	0.001701
4.0	0.008021
4.2	0.012639
4.4	0.007049
4.6	0.008021
4.8	0.011424
5.0	0.004375
5.2	-0.004618
5.4	0.000486
5.6	-0.011667
5.8	-0.014584
6.0	-0.017014
6.2	-0.016771
6.4	-0.007292
6.6	-0.000729
6.8	-0.001701
7.0	0.002188
7.2	-0.005347
7.4	-0.008507
7.6	-0.011181
7.8	-0.006563
8.0	-0.001215
8.2	-0.008021
8.4	0.006563
8.6	-0.000486
8.8	-0.001458
9.0	0.002431
9.2	-0.004618
9.4	-0.002431
9.6	-0.018716
9.8	-0.013855
10.0	-0.006806
10.2	-0.000486
10.4	0.00316
10.6	0.002674
10.8	0.00632
11.0	0.000972
11.2	0.001215
11.4	0.00875
11.6	0.011181
11.8	0.012153
12.0	0.003646
12.2	0.007535
12.4	0.002188
12.6	-0.001215
12.8	-0.001215
13.0	-0.005104
13.2	-0.006563
13.4	-0.002917
13.6	-0.003889
13.8	0.007535
14.0	0.003889
14.2	0.00875
14.4	0.013368
14.6	0.012882
14.8	0.011181
15.0	0.002431
15.2	-0.009236
15.4	-0.011667
15.6	-0.015799
15.8	-0.006077
16.0	-0.002674
16.2	-0.001458
16.4	-0.006806
16.6	-0.004861
16.8	-0.001458
17.0	0.001458
17.2	0.006563
17.4	0.005104
17.6	0.010695
17.8	0.007049
18.0	0.000486
18.2	-0.001458
18.4	0.000486
18.6	0.004375
18.8	0.00316
19.0	0.010209
19.2	0.000729
19.4	-0.000486
19.6	0.002188
19.8	0.002917
20.0	-0.004618
20.2	-0.004618
20.4	-0.010209
20.6	-0.004132
20.8	0.004618
21.0	0.001701
21.2	0.006563
21.4	0.011181
21.6	0.008507
21.8	0.012639
22.0	0.01823
22.2	0.011181
22.4	0.001701
22.6	-0.009723
22.8	-0.017257
23.0	-0.007778
23.2	0.006077
23.4	-0.004132
23.6	-0.009723
23.8	-0.019445
24.0	-0.017501
24.2	0.005104
24.4	0.004132
24.6	0.003403
24.8	0.007535
25.0	0.007778
25.2	0.001701
25.4	0.013612
25.6	0.006077
25.8	-0.003889
26.0	0.000729
26.2	-0.010452
26.4	-0.006563
26.6	-0.017014
26.8	-0.015799
27.0	-0.006806
27.2	0.000486
27.4	-0.000729
27.6	-0.002917
27.8	0.0
28.0	0.007049
28.2	0.010209
28.4	0.001701
28.6	0.013368
28.8	0.013612
29.0	0.001215
29.2	-0.002431
29.4	0.0
29.6	0.008021
29.8	0.000486
30.0	0.000243
30.2	-0.005104
30.4	-0.007535
30.6	-0.003889
30.8	-0.006806
31.0	0.001458
31.2	0.004132
31.4	0.004132
31.6	-0.002431
31.8	0.004375
32.0	0.004618
32.2	0.000486
32.4	0.00632
32.6	-0.002674
32.8	0.009479
33.0	0.002188
33.2	-0.007778
33.4	-0.005834
33.6	-0.017014
33.8	-0.025279
34.0	-0.022119
34.2	-0.012396
34.4	-0.015313
34.6	-0.022848
34.8	-0.014584
35.0	-0.022119
35.2	-0.028438
35.4	-0.014827
35.6	-0.009236
35.8	-0.001945
36.0	0.006077
36.2	-0.002188
36.4	0.001945
36.6	-0.003646
36.8	-0.009236
37.0	0.000729
37.2	-0.004375
37.4	-0.006563
37.6	-0.009723
37.8	-0.010452
38.0	-0.001215
38.2	-0.007049
38.4	-0.011181
38.6	0.000972
38.8	-0.00559
39.0	0.011181
39.2	0.017014
39.4	0.012639
39.6	0.007049
39.8	-0.007535
40.0	0.013368
40.2	-0.000243
40.4	0.006077
40.6	0.008507
40.8	0.000486
41.0	-0.017744
41.2	-0.003646
41.4	-0.014341
41.6	-0.013612
41.8	-0.009236
42.0	0.003403
42.2	-0.006806
42.4	-0.005834
42.6	-0.003889
42.8	-0.005347
43.0	-0.009966
43.2	-0.004132
43.4	-0.000243
43.6	0.001701
43.8	0.004861
44.0	-0.003403
44.2	0.000486
44.4	-0.006806
44.6	-0.002431
44.8	-0.00632
45.0	-0.008264
45.2	-0.010209
45.4	0.002188
45.6	0.010938
45.8	-0.000486
46.0	0.005104
46.2	0.000729
46.4	0.007292
46.6	0.006806
46.8	-0.003403
47.0	-0.022119
47.2	-0.021633
47.4	-0.012639
47.6	-0.00875
47.8	-0.003646
48.0	-0.004132
48.2	-0.013855
48.4	-0.00632
48.6	0.004132
48.8	-0.000486
49.0	-0.002188
49.2	0.005347
49.4	0.007049
49.6	0.001701
49.8	0.008993
50.0	0.012396
50.2	0.013368
50.4	0.011667
50.6	0.012882
50.8	0.02382
51.0	0.005347
51.2	0.012396
51.4	0.009479
51.6	0.010209
51.8	0.016042
52.0	0.023334
52.2	0.009966
52.4	0.009236
52.6	0.002188
52.8	-0.005347
53.0	-0.015799
53.2	-0.014098
53.4	-0.00316
53.6	-0.02066
53.8	-0.014098
54.0	-0.012396
54.2	-0.009966
54.4	-0.009723
54.6	-0.007535
54.8	-0.009966
55.0	0.002674
55.2	0.000486
55.4	0.003889
55.6	0.007049
55.8	-0.006806
56.0	0.0
56.2	-0.001701
56.4	-0.001458
56.6	0.001215
56.8	-0.002674
57.0	-0.012882
57.2	-0.002917
57.4	0.000243
57.6	-0.009479
57.8	-0.00559
58.0	0.008507
58.2	0.008264
58.4	0.004375
58.6	-0.013368
58.8	-0.012882
59.0	-0.006077
59.2	-0.004618
59.4	0.001458
59.6	0.003403
59.8	0.002188
60.0	0.004132
60.2	0.007778
60.4	0.001215
60.6	-0.002674
60.8	-0.001701
61.0	0.00316
61.2	0.002431
61.4	0.00875
61.6	0.020174
61.8	0.00632
62.0	0.010695
62.2	0.007535
62.4	-0.000972
62.6	-0.016285
62.8	-0.010452
63.0	-0.010452
63.2	-0.010938
63.4	-0.004132
63.6	-0.008993
63.8	-0.000486
64.0	0.000972
64.2	0.004375
64.4	0.006563
64.6	0.017987
64.8	0.020417
65.0	0.024792
65.2	0.024549
65.4	0.007778
65.6	0.001701
65.8	0.00316
66.0	0.000972
66.2	-0.007292
66.4	-0.004618
66.6	-0.003646
66.8	0.006077
67.0	0.008021
67.2	0.006563
67.4	0.004375
67.6	-0.003403
67.8	-0.015313
68.0	-0.013855
68.2	-0.009966
68.4	-0.003646
68.6	-0.006077
68.8	0.001458
69.0	0.001215
69.2	-0.007292
69.4	-0.009236
69.6	-0.004618
69.8	-0.013855
70.0	-0.016042
70.2	-0.009723
70.4	-0.012396
70.6	-0.017744
70.8	-0.012153
71.0	-0.012639
71.2	-0.016528
71.4	-0.018716
71.6	-0.006806
71.8	-0.020174
72.0	-0.01191
72.2	-0.002917
72.4	0.000729
72.6	-0.002917
72.8	0.004861
73.0	0.006563
73.2	0.012882
73.4	0.008021
73.6	0.007292
73.8	0.002674
74.0	-0.005104
74.2	-0.004861
74.4	-0.004132
74.6	-0.008993
74.8	-0.008993
75.0	-0.011181
75.2	-0.000972
75.4	-0.003646
75.6	-0.011424
75.8	0.007535
76.0	-0.000729
76.2	-0.001701
76.4	0.009479
76.6	0.005834
76.8	0.009236
77.0	0.004861
77.2	0.009966
77.4	0.009479
77.6	0.001701
77.8	0.008993
78.0	0.004132
78.2	0.010452
78.4	0.010452
78.6	0.009479
78.8	0.008993
79.0	0.004861
79.2	-0.001215
79.4	0.006806
79.6	0.001458
79.8	-0.013612
80.0	0.000729
80.2	-0.008021
80.4	-0.008021
80.6	-0.012153
80.8	-0.000729
81.0	0.005104
81.2	0.000486
81.4	0.005347
81.6	0.004861
81.8	0.010209
82.0	0.004618
82.2	-0.003646
82.4	-0.01191
82.6	-0.00875
82.8	-0.016042
83.0	-0.016528
83.2	-0.002431
83.4	0.003646
83.6	-0.010452
83.8	-0.012882
84.0	-0.006806
84.2	-0.001458
84.4	-0.000972
84.6	0.004375
84.8	0.005347
85.0	0.007049
85.2	0.013612
85.4	0.013855
85.6	0.016285
85.8	0.013612
86.0	0.005834
86.2	-0.009966
86.4	-0.012396
86.6	-0.011181
86.8	-0.010938
87.0	-0.01191
87.2	-0.009236
87.4	-0.001458
87.6	-0.003646
87.8	-0.010209
88.0	-0.00316
88.2	0.00316
88.4	-0.002431
88.6	-0.002431
88.8	0.0
89.0	0.003646
89.2	-0.004132
89.4	-0.009966
89.6	-0.007778
89.8	-0.000243
90.0	-0.005834
90.2	0.000486
90.4	0.005834
90.6	-0.007535
90.8	0.015556
91.0	0.006563
91.2	0.001701
91.4	0.014584
91.6	0.019445
91.8	0.010452
92.0	0.008021
92.2	0.016285
92.4	0.007778
92.6	0.014827
92.8	0.010452
93.0	0.013125
93.2	0.001458
93.4	0.007535
93.6	-0.000243
93.8	0.001945
94.0	0.005347
94.2	0.003889
94.4	-0.001458
94.6	-0.003889
94.8	-0.00875
95.0	-0.018959
95.2	-0.010209
95.4	0.001945
95.6	0.010452
95.8	0.006077
96.0	0.000486
96.2	0.016528
96.4	0.011424
96.6	0.008021
96.8	0.01507
97.0	0.012396
97.2	0.009966
97.4	-0.001215
97.6	-0.006563
97.8	-0.009966
98.0	-0.000243
98.2	-0.009236
98.4	-0.012396
98.6	-0.014584
98.8	0.003889
99.0	0.00632
99.2	-0.004861
99.4	-0.003403
99.6	0.004132
99.8	0.004861
100.0	-0.010695
100.2	-0.006077
100.4	0.00559
100.6	-0.00316
100.8	0.000972
101.0	0.000729
101.2	0.003646
101.4	0.013125
101.6	0.008993
101.8	0.008993
102.0	0.006563
102.2	0.01191
102.4	0.006806
102.6	0.006077
102.8	0.003403
103.0	0.000729
103.2	0.006563
103.4	0.001945
103.6	-0.004375
103.8	-0.005104
104.0	-0.010452
104.2	-0.013855
104.4	-0.01191
104.6	-0.019445
104.8	-0.001701
105.0	0.00316
105.2	0.00559
105.4	-0.00632
105.6	-0.003403
105.8	-0.010695
106.0	-0.002674
106.2	-0.008264
106.4	0.007778
106.6	0.004861
106.8	0.001701
107.0	0.006563
107.2	0.004861
107.4	0.004861
107.6	0.011667
107.8	0.005834
108.0	-0.001458
108.2	-0.002674
108.4	-0.015313
108.6	-0.012153
108.8	0.008507
109.0	-0.004132
109.2	0.001701
109.4	0.001945
109.6	0.003646
109.8	0.00559
110.0	0.003889
110.2	0.007535
110.4	0.001215
110.6	-0.009479
110.8	-0.008021
111.0	0.008507
111.2	0.006563
111.4	0.014341
111.6	0.010938
111.8	0.000729
112.0	-0.000486
112.2	-0.009723
112.4	0.01191
112.6	-0.000486
112.8	-0.012639
113.0	-0.01191
113.2	0.001458
113.4	-0.001701
113.6	-0.00875
113.8	-0.004618
114.0	0.000972
114.2	0.001458
114.4	0.006806
114.6	0.000729
114.8	0.024549
115.0	0.023577
115.2	0.009966
115.4	0.010452
115.6	0.016042
115.8	0.019688
116.0	0.016285
116.2	0.003403
116.4	0.003646
116.6	0.012639
116.8	0.000486
117.0	0.006563
117.2	0.013368
117.4	0.01823
117.6	0.003889
117.8	-0.006563
118.0	-0.008993
118.2	-0.001945
118.4	0.00559
118.6	0.010452
118.8	0.006806
119.0	0.003889
119.2	-0.007292
119.4	-0.012396
119.6	-0.001701
119.8	-0.004618
120.0	0.005104
120.2	0.017987
120.4	0.015799
120.6	0.00316
120.8	-0.001215
121.0	0.002917
121.2	0.005347
121.4	0.000243
121.6	0.002674
121.8	-0.000972
122.0	0.006806
122.2	0.006806
122.4	0.009479
122.6	-0.005104
122.8	-0.005104
123.0	-0.009723
123.2	-0.010209
123.4	-0.010209
123.6	-0.001701
123.8	-0.007292
124.0	0.0
124.2	-0.004618
124.4	0.014098
124.6	-0.00632
124.8	0.000972
125.0	0.01191
125.2	0.002188
125.4	0.00559
125.6	0.000729
125.8	0.007049
126.0	-0.002917
126.2	0.013368
126.4	0.010938
126.6	0.004861
126.8	0.001215
127.0	0.007292
127.2	0.014098
127.4	0.020417
127.6	0.022848
127.8	0.02382
128.0	0.019202
128.2	0.011667
128.4	0.009966
128.6	0.010938
128.8	0.007292
129.0	0.019445
129.2	-0.005104
129.4	-0.008021
129.6	-0.01823
129.8	-0.007292
130.0	-0.003646
130.2	-0.016042
130.4	-0.010695
130.6	-0.001945
130.8	0.000972
131.0	0.000243
131.2	-0.00316
131.4	0.007049
131.6	0.010938
131.8	0.004132
132.0	0.008507
132.2	0.003889
132.4	0.002188
132.6	0.012639
132.8	-0.001945
133.0	0.001701
133.2	0.00316
133.4	0.005834
133.6	0.014098
133.8	-0.006077
134.0	-0.010452
134.2	-0.011181
134.4	-0.008507
134.6	0.003646
134.8	0.000729
135.0	0.002674
135.2	-0.006806
135.4	-0.007292
135.6	-0.016285
135.8	-0.014341
136.0	-0.022605
136.2	-0.020417
136.4	-0.013368
136.6	-0.018473
136.8	-0.019202
137.0	-0.000729
137.2	0.002674
137.4	-0.000729
137.6	0.009966
137.8	-0.002431
138.0	-0.012153
138.2	-0.007535
138.4	-0.011181
138.6	-0.014098
138.8	-0.006077
139.0	0.000486
139.2	-0.004861
139.4	0.003403
139.6	-0.009966
139.8	-0.021147
140.0	-0.016285
140.2	-0.000486
140.4	0.008021
140.6	0.001458
140.8	-0.01191
141.0	-0.000486
141.2	-0.002917
141.4	-0.017257
141.6	-0.006806
141.8	-0.00875
142.0	0.00875
142.2	-0.003646
142.4	0.007049
142.6	0.005347
142.8	0.004375
143.0	0.0
143.2	-0.005347
143.4	-0.012639
143.6	0.011181
143.8	0.001215
144.0	0.002431
144.2	-0.008021
144.4	-0.004618
144.6	0.002188
144.8	0.001701
145.0	-0.006806
145.2	-0.01191
145.4	-0.005834
145.6	-0.002917
145.8	-0.000729
146.0	-0.00316
146.2	0.007535
146.4	0.00875
146.6	0.013855
146.8	0.008993
147.0	0.014341
147.2	0.006563
147.4	0.019202
147.6	0.00559
147.8	0.003889
148.0	0.006563
148.2	0.013855
148.4	0.016042
148.6	0.012639
148.8	-0.002674
149.0	0.001945
149.2	0.006563
149.4	0.010452
149.6	0.011181
149.8	0.004861
150.0	0.004618
150.2	0.006563
150.4	-0.000972
150.6	-0.013855
150.8	-0.006563
151.0	-0.007778
151.2	-0.014098
151.4	-0.016771
151.6	-0.024792
151.8	-0.006806
152.0	-0.010695
152.2	-0.009479
152.4	-0.007778
152.6	-0.008264
152.8	-0.004618
153.0	-0.007535
153.2	-0.00632
153.4	-0.000486
153.6	-0.000486
153.8	0.011424
154.0	0.003889
154.2	0.009723
154.4	0.011667
154.6	0.012639
154.8	0.010452
155.0	0.00632
155.2	0.005347
155.4	0.004375
155.6	0.001215
155.8	0.012639
156.0	0.013125
156.2	0.009966
156.4	0.014341
156.6	0.001215
156.8	0.008993
157.0	0.009723
157.2	0.009966
157.4	-0.001215
157.6	-0.000243
157.8	0.003403
158.0	-0.001215
158.2	-0.002917
158.4	-0.00875
158.6	-0.002917
158.8	0.00316
159.0	0.000729
159.2	0.009236
159.4	0.013855
159.6	0.013125
159.8	0.018473
160.0	0.006563
160.2	0.012396
160.4	0.012639
160.6	0.006077
160.8	0.006077
161.0	-0.005834
161.2	0.0
161.4	0.008993
161.6	0.021633
161.8	0.011181
162.0	0.007778
162.2	0.005104
162.4	0.002188
162.6	0.006563
162.8	0.005104
163.0	0.02066
163.2	0.010695
163.4	0.001945
163.6	-0.005104
163.8	-0.00632
164.0	-0.000972
164.2	-0.003889
164.4	-0.004132
164.6	-0.010209
164.8	-0.017744
165.0	-0.016285
165.2	-0.009479
165.4	-0.014827
165.6	0.002917
165.8	-0.000243
166.0	-0.004132
166.2	-0.000243
166.4	0.000729
166.6	0.002188
166.8	0.00632
167.0	0.009479
167.2	-0.006077
167.4	-0.005104
167.6	-0.008264
167.8	-0.003889
168.0	0.010695
168.2	0.002188
168.4	0.000486
168.6	0.000243
168.8	0.010452
169.0	0.011181
169.2	0.011424
169.4	0.010209
169.6	0.008021
169.8	0.002674
170.0	0.002917
170.2	-0.003889
170.4	0.000243
170.6	-0.000486
170.8	0.006563
171.0	-0.002431
171.2	0.01191
171.4	0.015556
171.6	0.006806
171.8	0.010938
172.0	0.014584
172.2	0.005104
172.4	0.012882
172.6	0.016771
172.8	0.007049
173.0	0.009479
173.2	0.012639
173.4	0.004132
173.6	0.007049
173.8	0.009723
174.0	0.004375
174.2	0.002188
174.4	0.000486
174.6	0.002188
174.8	0.002431
175.0	0.012882
175.2	0.015799
175.4	0.005347
175.6	0.005347
175.8	0.006077
176.0	0.003646
176.2	0.01507
176.4	0.024306
176.6	0.016042
176.8	0.017744
177.0	0.020903
177.2	0.019202
177.4	0.02139
177.6	0.016285
177.8	0.008993
178.0	0.002431
178.2	-0.003889
178.4	-0.012153
178.6	-0.017987
178.8	-0.002674
179.0	-0.003646
179.2	0.0
179.4	0.014341
179.6	0.007292
179.8	0.004375
180.0	0.003646
180.2	-0.003403
180.4	-0.01191
180.6	-0.011424
180.8	-0.008021
181.0	-0.008507
181.2	-0.010695
181.4	-0.000243
181.6	-0.008993
181.8	-0.001945
182.0	0.005347
182.2	-0.001701
182.4	0.001701
182.6	0.004861
182.8	0.010209
183.0	-0.001701
183.2	-0.005834
183.4	-0.005834
183.6	0.002917
183.8	0.002431
184.0	-0.001458
184.2	-0.000486
184.4	-0.005834
184.6	-0.010695
184.8	-0.012153
185.0	-0.002917
185.2	-0.004618
185.4	-0.008507
185.6	-0.012882
185.8	-0.021147
186.0	-0.015556
186.2	-0.014341
186.4	-0.020417
186.6	-0.013612
186.8	0.005347
187.0	0.002188
187.2	-0.001701
187.4	-0.001701
187.6	0.000243
187.8	0.010695
188.0	0.012882
188.2	0.000972
188.4	-0.005347
188.6	-0.004861
188.8	-0.00875
189.0	-0.007292
189.2	-0.01191
189.4	-0.009723
189.6	0.001458
189.8	0.002917
190.0	0.002431
190.2	0.006077
190.4	0.010938
190.6	0.005347
190.8	-0.002917
191.0	-0.003646
191.2	-0.011667
191.4	-0.013125
191.6	-0.020417
191.8	-0.014584
192.0	-0.005347
192.2	-0.006806
192.4	-0.007535
192.6	-0.007778
192.8	0.000243
193.0	-0.005104
193.2	-0.019202
193.4	-0.021876
193.6	-0.002674
193.8	-0.016285
194.0	-0.00559
194.2	0.0
194.4	0.003889
194.6	0.011424
194.8	0.000243
195.0	-0.000729
195.2	-0.004132
195.4	-0.007292
195.6	-0.00316
195.8	0.001701
196.0	0.015313
196.2	0.016528
196.4	0.011424
196.6	0.009966
196.8	-0.002431
197.0	-0.006077
197.2	-0.005347
197.4	-0.00316
197.6	0.007292
197.8	0.002674
198.0	0.005104
198.2	0.005347
198.4	-0.009966
198.6	-0.00559
198.8	-0.003403
199.0	0.003646
199.2	0.003646
199.4	-0.002188
199.6	0.004618
199.8	-0.004861
200.0	-0.014584
200.2	-0.004132
200.4	-0.008021
200.6	0.006806
200.8	0.016771
201.0	0.013855
201.2	0.011181
201.4	0.010452
201.6	0.014341
201.8	0.003889
202.0	0.000972
202.2	-0.004861
202.4	0.002674
202.6	0.00316
202.8	0.012639
203.0	0.013125
203.2	0.016285
203.4	0.007292
203.6	0.006563
203.8	-0.000486
204.0	-0.014098
204.2	-0.003646
204.4	-0.014827
204.6	-0.018716
204.8	-0.018959
205.0	0.003889
205.2	0.009479
205.4	0.008021
205.6	0.014827
205.8	0.009479
206.0	0.012882
206.2	0.009966
206.4	0.019445
206.6	0.00632
206.8	-0.000243
207.0	-0.003889
207.2	-0.017257
207.4	-0.013612
207.6	-0.012153
207.8	-0.005834
208.0	-0.013855
208.2	-0.009236
208.4	-0.005834
208.6	0.008993
208.8	0.009236
209.0	0.001458
209.2	-0.001458
209.4	-0.003403
209.6	-0.001945
209.8	0.002674
210.0	0.002674
210.2	0.016042
210.4	0.015556
210.6	0.004861
210.8	0.002674
211.0	-0.002917
211.2	0.001701
211.4	0.001458
211.6	-0.001215
211.8	-0.001215
212.0	-0.00559
212.2	0.002917
212.4	-0.002917
212.6	-0.001215
212.8	0.006077
213.0	-0.013125
213.2	-0.00559
213.4	-0.008021
213.6	-0.007292
213.8	-0.007049
214.0	0.000486
214.2	0.00875
214.4	0.017014
214.6	0.009479
214.8	0.011181
215.0	0.006077
215.2	0.004618
215.4	0.003889
215.6	0.010938
215.8	0.006563
216.0	0.005347
216.2	0.010452
216.4	-0.002674
216.6	-0.005834
216.8	-0.015313
217.0	-0.015313
217.2	-0.00875
217.4	-0.00632
217.6	-0.004861
217.8	-0.015799
218.0	-0.015799
218.2	-0.009236
218.4	-0.009966
218.6	-0.009723
218.8	-0.002674
219.0	-0.003889
219.2	-0.001701
219.4	0.007778
219.6	0.00632
219.8	0.012396
220.0	0.016285
220.2	0.008993
220.4	0.009723
220.6	-0.004375
220.8	-0.007049
221.0	-0.008993
221.2	-0.016528
221.4	-0.015556
221.6	-0.004861
221.8	-0.000486
222.0	-0.00316
222.2	-0.012153
222.4	0.0
222.6	0.00632
222.8	-0.00632
223.0	-0.009479
223.2	-0.022119
223.4	-0.029654
223.6	-0.015799
223.8	-0.00875
224.0	-0.015556
224.2	-0.008264
224.4	-0.01823
224.6	-0.017257
224.8	-0.002188
225.0	-0.001945
225.2	0.000729
225.4	0.003889
225.6	0.009723
225.8	-0.000486
226.0	-0.003403
226.2	-0.01507
226.4	-0.002674
226.6	-0.00559
226.8	-0.010938
227.0	-0.007292
227.2	-0.009966
227.4	-0.008264
227.6	-0.020174
227.8	-0.019202
228.0	-0.007778
228.2	0.000729
228.4	0.016771
228.6	-0.000243
228.8	0.005347
229.0	0.017014
229.2	0.010695
229.4	0.013612
229.6	0.018473
229.8	0.014098
230.0	-0.006806
230.2	-0.009723
230.4	-0.012639
230.6	-0.01191
230.8	-0.004618
231.0	0.000243
231.2	-0.007778
231.4	-0.014827
231.6	-0.015313
231.8	-0.011667
232.0	-0.001215
232.2	-0.000972
232.4	0.000729
232.6	0.001701
232.8	0.00632
233.0	0.015799
233.2	0.018959
233.4	-0.004618
233.6	0.003646
233.8	0.004132
234.0	0.010452
234.2	0.016771
234.4	0.00875
234.6	0.009723
234.8	0.004375
235.0	0.013612
235.2	0.010209
235.4	0.006806
235.6	-0.006806
235.8	-0.010938
236.0	-0.012153
236.2	-0.004861
236.4	0.002188
236.6	-0.006806
236.8	-0.002674
237.0	0.002188
237.2	0.004618
237.4	0.004375
237.6	-0.004132
237.8	0.004861
238.0	0.002188
238.2	-0.00632
238.4	0.00875
238.6	0.011424
238.8	0.005104
239.0	0.02139
239.2	0.020174
239.4	0.02382
239.6	0.021147
239.8	0.016528
240.0	0.012153
240.2	0.014827
240.4	0.018959
240.6	0.007049
240.8	0.007778
241.0	0.001701
241.2	0.014098
241.4	-0.000972
241.6	0.003646
241.8	-0.000243
242.0	-0.00316
242.2	-0.005104
242.4	0.007292
242.6	0.017744
242.8	0.014098
243.0	-0.000729
243.2	-0.001701
243.4	-0.00632
243.6	-0.019445
243.8	-0.026494
244.0	-0.029168
244.2	-0.013612
244.4	-0.007292
244.6	-0.007049
244.8	0.006077
245.0	0.008507
245.2	0.012639
245.4	0.01507
245.6	0.013855
245.8	0.005834
246.0	-0.000972
246.2	-0.008264
246.4	-0.014098
246.6	-0.009966
246.8	-0.015799
247.0	0.002188
247.2	0.009723
247.4	0.008264
247.6	0.011424
247.8	0.004375
248.0	0.00559
248.2	0.004618
248.4	0.002431
248.6	-0.00316
248.8	-0.007535
249.0	-0.000972
249.2	-0.009966
249.4	-0.009966
249.6	-0.009723
249.8	0.000729
250.0	-0.001701
250.2	0.004375
250.4	0.00632
250.6	0.004861
250.8	0.012396
251.0	0.007778
251.2	0.006077
251.4	0.002917
251.6	0.006563
251.8	0.003646
252.0	0.002188
252.2	0.008264
252.4	0.000729
252.6	-0.001458
252.8	0.016528
253.0	-0.010209
253.2	-0.00632
253.4	0.0
253.6	-0.002674
253.8	0.005347
254.0	0.002917
254.2	0.003403
254.4	0.001945
254.6	-0.000243
254.8	0.007292
255.0	-0.005834
255.2	0.004861
255.4	0.003403
255.6	-0.005834
255.8	-0.011667
256.0	-0.005104
256.2	-0.00316
256.4	-0.010209
256.6	-0.007778
256.8	-0.007535
257.0	-0.001215
257.2	0.005834
257.4	0.000972
257.6	0.006563
257.8	-0.007778
258.0	-0.019688
258.2	-0.001701
258.4	-0.00632
258.6	0.014341
258.8	0.014341
259.0	0.013612
259.2	0.01823
259.4	-0.000486
259.6	-0.001215
259.8	0.010209
260.0	0.00316
260.2	0.0
260.4	-0.003889
260.6	-0.008264
260.8	-0.007049
261.0	-0.012153
261.2	-0.014584
261.4	-0.006806
261.6	-0.010695
261.8	-0.008993
262.0	-0.005104
262.2	0.006077
262.4	0.007778
262.6	-0.007292
262.8	0.012396
263.0	0.003646
263.2	-0.007778
263.4	-0.012882
263.6	-0.009723
263.8	-0.012396
264.0	-0.007778
264.2	0.005104
264.4	0.004618
264.6	-0.001215
264.8	0.009236
265.0	0.004132
265.2	0.008993
265.4	0.018473
265.6	0.015313
265.8	0.016042
266.0	0.028438
266.2	0.025522
266.4	0.016528
266.6	0.003403
266.8	0.001701
267.0	0.002431
267.2	0.004861
267.4	-0.001701
267.6	0.005104
267.8	0.012396
268.0	0.003889
268.2	-0.004375
268.4	-0.006077
268.6	-0.004618
268.8	-0.009966
269.0	-0.001215
269.2	0.012639
269.4	0.005347
269.6	0.004132
269.8	0.005347
270.0	0.002917
270.2	-0.012153
270.4	-0.006563
270.6	-0.007292
270.8	-0.015313
271.0	-0.01507
271.2	-0.013612
271.4	-0.012882
271.6	-0.012639
271.8	-0.014098
272.0	-0.004375
272.2	-0.00316
272.4	-0.00316
272.6	-0.007535
272.8	-0.009723
273.0	-0.003403
273.2	-0.001458
273.4	-0.001701
273.6	-0.00316
273.8	-0.00632
274.0	-0.003889
274.2	-0.003646
274.4	0.007292
274.6	0.015313
274.8	0.009236
275.0	0.011667
275.2	0.003889
275.4	-0.002188
275.6	0.002431
275.8	-0.002188
276.0	0.005104
276.2	0.009723
276.4	0.001701
276.6	-0.00875
276.8	-0.012396
277.0	-0.019688
277.2	-0.02382
277.4	-0.014584
277.6	-0.009479
277.8	-0.005347
278.0	-0.003646
278.2	-0.012153
278.4	-0.01191
278.6	-0.012639
278.8	-0.005347
279.0	-0.016528
279.2	-0.006563
279.4	0.001458
279.6	-0.00559
279.8	-0.002917
280.0	-0.01507
280.2	-0.008021
280.4	-0.00875
280.6	0.000729
280.8	-0.010209
281.0	-0.006563
281.2	-0.000729
281.4	-0.012639
281.6	-0.007292
281.8	-0.005104
282.0	0.006563
282.2	0.012153
282.4	-0.005347
282.6	-0.011667
282.8	-0.009723
283.0	-0.013612
283.2	-0.026737
283.4	-0.012882
283.6	-0.00632
283.8	-0.00559
284.0	0.001215
284.2	0.004618
284.4	0.003403
284.6	-0.009966
284.8	-0.007535
285.0	-0.008021
285.2	-0.007292
285.4	-0.002674
285.6	0.000972
285.8	-0.010209
286.0	-0.002917
286.2	-0.00316
286.4	-0.00316
286.6	-0.035244
286.8	-0.028195
287.0	-0.025279
287.2	-0.01507
287.4	-0.012153
287.6	-0.005834
287.8	0.005834
288.0	0.007292
288.2	-0.008021
288.4	-0.007535
288.6	0.01823
288.8	0.013855
289.0	0.001458
289.2	-0.009723
289.4	-0.001701
289.6	-0.008021
289.8	-0.00559
290.0	0.007535
290.2	0.00875
290.4	0.013125
290.6	0.02139
290.8	0.02698
291.0	0.022119
291.2	0.013368
291.4	0.007049
291.6	0.002188
291.8	-0.002917
292.0	-0.009966
292.2	-0.014098
292.4	-0.010695
292.6	0.000243
292.8	0.00559
293.0	0.007778
293.2	0.009723
293.4	0.006077
293.6	0.013125
293.8	0.006806
294.0	0.00316
294.2	0.008021
294.4	0.006077
294.6	0.000972
294.8	-0.000243
295.0	-0.002431
295.2	-0.005834
295.4	-0.000486
295.6	-0.006563
295.8	-0.004861
296.0	0.00632
296.2	0.004375
296.4	0.00559
296.6	0.004861
296.8	0.00632
297.0	0.019931
297.2	0.011424
297.4	0.010938
297.6	0.022605
297.8	0.025522
298.0	0.026494
298.2	0.010209
298.4	0.006563
298.6	-0.004132
298.8	-0.002188
299.0	-0.011181
299.2	-0.011424
299.4	-0.017744
299.6	-0.012396
299.8	-0.003403
300.0	-0.015313
300.2	-0.00559
300.4	-0.012882
300.6	-0.010209
300.8	-0.010695
301.0	-0.002674
301.2	-0.005347
301.4	-0.004861
301.6	0.013855
301.8	0.004618
302.0	0.001701
302.2	-0.004132
302.4	-0.011424
302.6	-0.023334
302.8	-0.01191
303.0	-0.002674
303.2	-0.015556
303.4	-0.017987
303.6	-0.012153
303.8	-0.010452
304.0	-0.017257
304.2	-0.005104
304.4	-0.009723
304.6	-0.007778
304.8	-0.008993
305.0	-0.004861
305.2	-0.007535
305.4	-0.006806
305.6	-0.006077
305.8	0.002188
306.0	0.000486
306.2	0.002188
306.4	-0.015799
306.6	-0.009966
306.8	-0.004618
307.0	0.002431
307.2	0.004618
307.4	0.004132
307.6	0.007049
307.8	0.007049
308.0	0.010938
308.2	0.002674
308.4	-0.001215
308.6	-0.001215
308.8	0.009236
309.0	0.008021
309.2	0.008507
309.4	0.000486
309.6	0.009236
309.8	0.000972
310.0	-0.000486
310.2	-0.007535
310.4	-0.004132
310.6	0.00632
310.8	0.000243
311.0	-0.004618
311.2	0.008993
311.4	0.01191
311.6	0.004375
311.8	0.011424
312.0	-0.003403
312.2	-0.008993
312.4	-0.003889
312.6	-0.008507
312.8	-0.010209
313.0	-0.015799
313.2	-0.009966
313.4	-0.018716
313.6	-0.009236
313.8	-0.009723
314.0	-0.000972
314.2	-0.002431
314.4	-0.007049
314.6	-0.014827
314.8	-0.010695
315.0	-0.016042
315.2	-0.013368
315.4	-0.011424
315.6	0.006077
315.8	0.016285
316.0	0.010695
316.2	-0.006563
316.4	-0.007535
316.6	-0.001945
316.8	0.005104
317.0	0.008507
317.2	0.012882
317.4	0.007292
317.6	0.012153
317.8	-0.000486
318.0	0.0
318.2	0.001458
318.4	0.02382
318.6	0.00632
318.8	0.001215
319.0	0.004618
319.2	0.002431
319.4	-0.000486
319.6	-0.00875
319.8	-0.002188
320.0	0.002431
320.2	-0.002674
320.4	0.014584
320.6	0.014098
320.8	0.010938
321.0	0.013612
321.2	0.011424
321.4	0.001701
321.6	0.000729
321.8	0.002917
322.0	0.009723
322.2	0.004132
322.4	0.009236
322.6	0.004861
322.8	-0.001701
323.0	-0.004375
323.2	-0.007292
323.4	-0.017744
323.6	-0.002917
323.8	-0.001215
324.0	0.025036
324.2	0.018473
324.4	0.015556
324.6	0.006806
324.8	0.00316
325.0	0.005104
325.2	-0.003889
325.4	-0.000972
325.6	0.000486
325.8	-0.00559
326.0	-0.01507
326.2	-0.023091
326.4	-0.007535
326.6	-0.011181
326.8	-0.017501
327.0	-0.013855
327.2	-0.009236
327.4	-0.003646
327.6	-0.004618
327.8	-0.012153
328.0	-0.005834
328.2	-0.017014
328.4	-0.019688
328.6	-0.013368
328.8	-0.017014
329.0	-0.009966
329.2	0.002674
329.4	0.008507
329.6	0.00559
329.8	0.010938
330.0	0.005834
330.2	0.003889
330.4	-0.003403
330.6	0.004132
330.8	-0.000243
331.0	-0.00559
331.2	-0.007778
331.4	-0.017987
331.6	-0.002431
331.8	-0.004375
332.0	0.000243
332.2	0.004375
332.4	0.011424
332.6	0.007292
332.8	0.017014
333.0	0.019202
333.2	0.023334
333.4	0.016285
333.6	0.015313
333.8	0.001945
334.0	0.0
334.2	-0.001945
334.4	-0.007778
334.6	-0.011667
334.8	-0.009236
335.0	-0.016285
335.2	-0.014341
335.4	-0.011181
335.6	-0.009236
335.8	-0.001945
336.0	0.002431
336.2	-0.001458
336.4	-0.000972
336.6	-0.005834
336.8	-0.013125
337.0	0.000972
337.2	0.006077
337.4	0.008264
337.6	0.011667
337.8	0.004618
338.0	0.003889
338.2	0.008021
338.4	-0.000243
338.6	0.00316
338.8	-0.000729
339.0	0.002188
339.2	0.000486
339.4	-0.000972
339.6	0.013855
339.8	0.019688
340.0	-0.00316
340.2	0.001945
340.4	0.010209
340.6	-0.000729
340.8	0.002917
341.0	-0.00316
341.2	-0.015799
341.4	-0.016285
341.6	-0.007778
341.8	-0.00875
342.0	-0.009723
342.2	-0.013125
342.4	-0.02066
342.6	-0.025036
342.8	-0.012396
343.0	-0.014341
343.2	-0.007778
343.4	0.003646
343.6	0.004861
343.8	0.008021
344.0	0.001945
344.2	0.004132
344.4	0.002674
344.6	0.013855
344.8	0.011667
345.0	0.005834
345.2	0.010452
345.4	0.019202
345.6	0.01823
345.8	0.014584
346.0	0.016528
346.2	0.011181
346.4	0.018473
346.6	0.009966
346.8	0.009723
347.0	0.009236
347.2	0.016042
347.4	0.012396
347.6	0.011667
347.8	0.015313
348.0	0.013855
348.2	0.031355
348.4	0.019445
348.6	0.018473
348.8	0.016042
349.0	0.008993
349.2	0.011424
349.4	0.00316
349.6	0.005834
349.8	0.008264
350.0	0.000729
350.2	0.012882
350.4	0.000972
350.6	-0.002674
350.8	0.008993
351.0	-0.000486
351.2	0.006077
351.4	-0.001458
351.6	0.011181
351.8	0.003403
352.0	0.010452
352.2	0.004618
352.4	0.011181
352.6	0.004132
352.8	0.006077
353.0	0.015799
353.2	0.012639
353.4	0.008993
353.6	0.005347
353.8	0.004861
354.0	-0.010209
354.2	0.006563
354.4	-0.00559
354.6	-0.011424
354.8	-0.017501
355.0	-0.003403
355.2	-0.014827
355.4	-0.012639
355.6	-0.002188
355.8	0.007292
356.0	0.013125
356.2	0.016771
356.4	0.020174
356.6	0.017501
356.8	0.015799
357.0	0.012396
357.2	0.019931
357.4	0.025036
357.6	0.022848
357.8	0.008993
358.0	0.01507
358.2	0.01191
358.4	0.010938
358.6	-0.010695
358.8	-0.01191
359.0	-0.010452
359.2	-0.000972
359.4	0.000729
359.6	0.017014
359.8	0.009966
360.0	0.009236
360.2	0.001458
360.4	-0.00875
360.6	-0.003889
360.8	-0.018473
361.0	-0.017987
361.2	-0.011667
361.4	-0.000729
361.6	0.001701
361.8	0.019688
362.0	0.018716
362.2	0.013612
362.4	0.020174
362.6	0.019688
362.8	0.026494
363.0	0.016528
363.2	0.006806
363.4	0.009236
363.6	0.009723
363.8	0.009723
364.0	0.003889
364.2	0.000972
364.4	-0.00316
364.6	-0.004132
364.8	-0.001945
365.0	-0.000486
365.2	-0.003889
365.4	-0.008507
365.6	0.000243
365.8	0.006563
366.0	0.011181
366.2	0.013855
366.4	0.016771
366.6	0.019688
366.8	0.012639
367.0	0.006077

&

0.2	-0.003889
0.4	0.000729
0.6	0.000486
0.8	0.00632
1.0	-0.000486
1.2	0.002188
1.4	-0.004375
1.6	-0.013368
1.8	-0.019202
2.0	-0.016771
2.2	-0.000729
2.4	-0.005834
2.6	0.002188
2.8	-0.006563
3.0	0.008021
3.2	0.001945
3.4	-0.003403
3.6	-0.021876
3.8	-0.006077
4.0	-0.013612
4.2	-0.004375
4.4	-0.006806
4.6	-0.001945
4.8	0.001701
5.0	0.013368
5.2	0.008993
5.4	0.002674
5.6	0.004132
5.8	-0.007049
6.0	-0.005347
6.2	-0.003646
6.4	0.007778
6.6	0.003403
6.8	-0.00559
7.0	-0.003646
7.2	0.003403
7.4	-0.003889
7.6	0.004132
7.8	0.017501
8.0	0.020417
8.2	0.017744
8.4	0.030383
8.6	0.009723
8.8	0.000486
9.0	0.010209
9.2	0.014827
9.4	-0.00632
9.6	-0.010938
9.8	-0.011424
10.0	-0.00632
10.2	-0.006806
10.4	-0.002674
10.6	0.001215
10.8	-0.000243
11.0	0.008264
11.2	0.009479
11.4	0.005347
11.6	0.004618
11.8	0.010695
12.0	0.00875
12.2	0.002917
12.4	0.009966
12.6	0.005834
12.8	0.003889
13.0	0.012882
13.2	0.010209
13.4	0.000729
13.6	0.001458
13.8	0.001701
14.0	-0.002188
14.2	-0.00632
14.4	-0.009236
14.6	-0.001701
14.8	-0.007535
15.0	-0.008507
15.2	-0.012153
15.4	-0.011181
15.6	-0.013125
15.8	-0.008993
16.0	-0.004132
16.2	-0.007535
16.4	0.000243
16.6	0.003889
16.8	0.011181
17.0	0.014584
17.2	0.014098
17.4	0.005104
17.6	0.004618
17.8	-0.000729
18.0	-0.008993
18.2	-0.007049
18.4	0.002188
18.6	-0.000729
18.8	0.006077
19.0	0.006563
19.2	0.001458
19.4	0.010452
19.6	0.00875
19.8	0.010938
20.0	0.020174
20.2	0.020174
20.4	0.006077
20.6	0.010452
20.8	0.003403
21.0	0.005834
21.2	0.008021
21.4	0.011424
21.6	0.005834
21.8	0.009966
22.0	0.016285
22.2	-0.007292
22.4	-0.00632
22.6	-0.00559
22.8	0.002431
23.0	-0.000486
23.2	-0.004861
23.4	-0.007292
23.6	-0.000486
23.8	-0.003889
24.0	-0.014827
24.2	0.006563
24.4	0.010695
24.6	0.006077
24.8	-0.001945
25.0	-0.003403
25.2	0.01191
25.4	0.009479
25.6	-0.000243
25.8	0.002674
26.0	-0.003889
26.2	-0.018959
26.4	-0.022362
26.6	-0.007049
26.8	-0.026251
27.0	-0.026737
27.2	-0.02382
27.4	-0.02382
27.6	-0.021147
27.8	-0.012153
28.0	-0.00632
28.2	-0.007049
28.4	-0.003646
28.6	-0.002188
28.8	-0.003889
29.0	-0.005104
29.2	-0.007049
29.4	-0.008264
29.6	-0.004375
29.8	0.000729
30.0	0.005347
30.2	0.00632
30.4	0.007778
30.6	0.007049
30.8	0.001458
31.0	0.016285
31.2	0.017987
31.4	0.012639
31.6	0.009236
31.8	-0.000486
32.0	-0.00875
32.2	-0.015556
32.4	-0.025522
32.6	-0.020174
32.8	-0.026008
33.0	-0.025522
33.2	-0.028438
33.4	-0.019202
33.6	-0.007049
33.8	-0.004132
34.0	-0.007778
34.2	-0.007778
34.4	-0.006077
34.6	0.001701
34.8	0.012396
35.0	0.00632
35.2	0.001215
35.4	0.003646
35.6	0.014827
35.8	0.021633
36.0	0.010452
36.2	0.008021
36.4	0.004618
36.6	0.010695
36.8	0.006806
37.0	0.002188
37.2	-0.001945
37.4	-0.006806
37.6	-0.009723
37.8	-0.000972
38.0	0.005347
38.2	0.004861
38.4	0.009236
38.6	-0.000486
38.8	0.009723
39.0	0.004375
39.2	-0.012882
39.4	-0.009723
39.6	-0.012396
39.8	-0.002431
40.0	0.006563
40.2	0.015799
40.4	0.008507
40.6	0.006563
40.8	0.010695
41.0	0.006077
41.2	0.014341
41.4	0.019688
41.6	0.002188
41.8	0.008507
42.0	0.004618
42.2	0.017014
42.4	0.006563
42.6	-0.00559
42.8	0.010938
43.0	-0.00632
43.2	-0.00559
43.4	-0.005347
43.6	-0.009966
43.8	0.001458
44.0	-0.003646
44.2	-0.012396
44.4	-0.014341
44.6	-0.007292
44.8	0.007778
45.0	0.008507
45.2	0.013125
45.4	0.004861
45.6	-0.001458
45.8	-0.000729
46.0	0.014341
46.2	0.00632
46.4	-0.004375
46.6	0.003403
46.8	-0.010452
47.0	-0.008993
47.2	-0.014098
47.4	-0.018959
47.6	-0.021633
47.8	-0.002917
48.0	-0.005347
48.2	-0.010452
48.4	-0.014584
48.6	-0.013125
48.8	-0.020417
49.0	0.004132
49.2	0.002431
49.4	-0.001215
49.6	0.007778
49.8	0.004132
50.0	-0.000729
50.2	0.005347
50.4	0.010938
50.6	0.008993
50.8	0.010938
51.0	0.004375
51.2	-0.002674
51.4	-0.014098
51.6	0.000486
51.8	0.0
52.0	-0.001701
52.2	0.002917
52.4	-0.006806
52.6	-0.006077
52.8	-0.003889
53.0	-0.003889
53.2	-0.000243
53.4	0.001458
53.6	-0.010938
53.8	0.002431
54.0	0.005104
54.2	0.006806
54.4	0.003403
54.6	0.002188
54.8	-0.004132
55.0	-0.001215
55.2	-0.000243
55.4	-0.007049
55.6	-0.004132
55.8	-0.000486
56.0	0.000729
56.2	0.005834
56.4	0.00632
56.6	0.00875
56.8	0.009479
57.0	0.002917
57.2	-0.000729
57.4	-0.002188
57.6	0.008507
57.8	-0.011667
58.0	-0.003646
58.2	0.000486
58.4	-0.001215
58.6	-0.000486
58.8	0.003889
59.0	-0.007778
59.2	0.000729
59.4	0.001215
59.6	-0.002188
59.8	-0.004861
60.0	0.001945
60.2	-0.011667
60.4	-0.020174
60.6	-0.008264
60.8	-0.026737
61.0	-0.024549
61.2	-0.020417
61.4	-0.022119
61.6	-0.003646
61.8	0.000972
62.0	0.007292
62.2	0.00632
62.4	0.000972
62.6	-0.006077
62.8	-0.007049
63.0	-0.00559
63.2	0.005347
63.4	-0.000486
63.6	-0.005347
63.8	-0.00632
64.0	-0.000486
64.2	0.003646
64.4	0.0
64.6	-0.005347
64.8	0.007535
65.0	0.011181
65.2	0.013125
65.4	0.004618
65.6	-0.004132
65.8	-0.005347
66.0	-0.011424
66.2	-0.003403
66.4	-0.011181
66.6	-0.014341
66.8	-0.00875
67.0	-0.011181
67.2	-0.01507
67.4	-0.001945
67.6	-0.011424
67.8	0.005104
68.0	0.003403
68.2	0.003889
68.4	-0.008993
68.6	-0.017257
68.8	-0.001215
69.0	0.004375
69.2	0.008021
69.4	0.004861
69.6	0.006563
69.8	-0.000729
70.0	0.002431
70.2	0.001701
70.4	0.010209
70.6	0.010209
70.8	0.01191
71.0	0.013125
71.2	0.009966
71.4	0.020174
71.6	0.020174
71.8	0.006563
72.0	-0.00316
72.2	0.000486
72.4	-0.001215
72.6	-0.004861
72.8	-0.002674
73.0	-0.000972
73.2	0.002674
73.4	0.010452
73.6	0.000729
73.8	-0.014098
74.0	-0.014827
74.2	-0.020903
74.4	-0.007535
74.6	-0.007778
74.8	-0.006563
75.0	0.000243
75.2	-0.001215
75.4	0.000972
75.6	-0.012153
75.8	0.007535
76.0	0.006077
76.2	0.00632
76.4	0.010209
76.6	0.014584
76.8	0.008264
77.0	0.012396
77.2	0.001458
77.4	0.006077
77.6	0.009966
77.8	0.014341
78.0	0.019202
78.2	0.002431
78.4	0.01823
78.6	0.006563
78.8	0.007535
79.0	-0.003646
79.2	-0.005834
79.4	0.000972
79.6	-0.005347
79.8	0.003403
80.0	-0.007535
80.2	-0.00316
80.4	-0.00316
80.6	0.012153
80.8	0.016042
81.0	0.004375
81.2	-0.009723
81.4	-0.011667
81.6	-0.001458
81.8	0.002188
82.0	0.008993
82.2	0.003889
82.4	0.010938
82.6	0.008507
82.8	0.001701
83.0	-0.007292
83.2	-0.009236
83.4	-0.009236
83.6	-0.006563
83.8	-0.002188
84.0	0.012882
84.2	0.019445
84.4	0.013855
84.6	0.011181
84.8	0.005347
85.0	0.0
85.2	-0.005104
85.4	-0.005104
85.6	-0.006806
85.8	-0.012153
86.0	-0.017987
86.2	-0.006077
86.4	-0.00559
86.6	0.008507
86.8	-0.005347
87.0	-0.002674
87.2	-0.000243
87.4	-0.000729
87.6	-0.004375
87.8	-0.008993
88.0	-0.017014
88.2	-0.023334
88.4	-0.033786
88.6	-0.017987
88.8	-0.010938
89.0	-0.017501
89.2	-0.022848
89.4	-0.014827
89.6	0.000729
89.8	0.002674
90.0	-0.004861
90.2	-0.012882
90.4	-0.013125
90.6	0.003403
90.8	0.011667
91.0	0.012396
91.2	0.013855
91.4	0.019202
91.6	0.018716
91.8	0.016285
92.0	0.01507
92.2	0.016285
92.4	0.021633
92.6	0.028925
92.8	0.016771
93.0	0.017987
93.2	-0.008993
93.4	-0.004132
93.6	-0.016771
93.8	0.000729
94.0	-0.004132
94.2	-0.001458
94.4	0.001458
94.6	0.006077
94.8	-0.001215
95.0	-0.004861
95.2	-0.011424
95.4	-0.002188
95.6	-0.007049
95.8	0.00559
96.0	0.002188
96.2	0.001701
96.4	-0.001701
96.6	-0.005834
96.8	-0.014341
97.0	-0.007535
97.2	0.002917
97.4	0.012396
97.6	0.012882
97.8	0.002188
98.0	0.006077
98.2	0.010695
98.4	0.011424
98.6	0.015313
98.8	0.023334
99.0	0.020174
99.2	0.005834
99.4	0.009723
99.6	-0.000729
99.8	0.002431
100.0	-0.008264
100.2	0.006077
100.4	0.010452
100.6	0.010452
100.8	0.011424
101.0	0.017014
101.2	0.018959
101.4	0.012882
101.6	0.01507
101.8	0.003646
102.0	-0.011667
102.2	-0.003403
102.4	0.014341
102.6	0.00875
102.8	0.01507
103.0	0.012396
103.2	0.012153
103.4	0.016285
103.6	0.017987
103.8	0.017257
104.0	0.01191
104.2	0.007535
104.4	-0.001215
104.6	0.00632
104.8	0.002188
105.0	0.005104
105.2	-0.002431
105.4	-0.002188
105.6	-0.007778
105.8	-0.009479
106.0	-0.009479
106.2	-0.000729
106.4	-0.009236
106.6	-0.006806
106.8	0.000486
107.0	-0.001215
107.2	0.003889
107.4	0.000243
107.6	0.004375
107.8	0.001945
108.0	0.000243
108.2	0.007049
108.4	0.010695
108.6	-0.00875
108.8	-0.002188
109.0	0.007049
109.2	-0.003646
109.4	-0.002674
109.6	-0.000972
109.8	0.001215
110.0	0.008264
110.2	0.017744
110.4	0.008264
110.6	0.010452
110.8	0.024549
111.0	0.021876
111.2	0.021876
111.4	0.009723
111.6	0.009966
111.8	-0.009723
112.0	-0.010209
112.2	-0.008507
112.4	-0.012639
112.6	-0.020417
112.8	-0.013125
113.0	-0.00559
113.2	0.001945
113.4	-0.003889
113.6	-0.002674
113.8	-0.014827
114.0	-0.020903
114.2	-0.018473
114.4	-0.002431
114.6	-0.001701
114.8	0.00632
115.0	-0.002431
115.2	-0.001458
115.4	0.002431
115.6	0.001701
115.8	-0.000243
116.0	-0.007778
116.2	-0.018716
116.4	-0.034758
116.6	-0.023334
116.8	-0.001701
117.0	0.000486
117.2	-0.01507
117.4	-0.01507
117.6	-0.00316
117.8	0.005104
118.0	0.002674
118.2	0.001945
118.4	0.001458
118.6	0.009966
118.8	0.007049
119.0	0.016528
119.2	0.023091
119.4	0.01823
119.6	0.01507
119.8	0.008993
120.0	0.007292
120.2	0.00875
120.4	0.012396
120.6	0.007778
120.8	-0.000729
121.0	-0.003403
121.2	0.004618
121.4	-0.008507
121.6	-0.003403
121.8	0.006563
122.0	-0.007535
122.2	0.007049
122.4	0.004861
122.6	-0.001945
122.8	-0.002917
123.0	0.015799
123.2	0.007535
123.4	0.007535
123.6	0.009479
123.8	0.00875
124.0	0.010452
124.2	0.007049
124.4	-0.01507
124.6	-0.014584
124.8	-0.005834
125.0	-0.01191
125.2	-0.012396
125.4	-0.005347
125.6	-0.00559
125.8	-0.00316
126.0	-0.002917
126.2	0.004375
126.4	-0.002674
126.6	-0.013368
126.8	-0.011667
127.0	-0.010695
127.2	-0.007535
127.4	-0.013612
127.6	-0.007049
127.8	-0.004618
128.0	-0.008507
128.2	0.008264
128.4	-0.000972
128.6	-0.002917
128.8	-0.004861
129.0	-0.025279
129.2	-0.029897
129.4	-0.00632
129.6	-0.007535
129.8	-0.011181
130.0	-0.012639
130.2	-0.012396
130.4	-0.016771
130.6	-0.009723
130.8	0.00559
131.0	0.003646
131.2	0.000486
131.4	0.002188
131.6	-0.003403
131.8	-0.006563
132.0	-0.001458
132.2	0.006077
132.4	0.00559
132.6	0.001215
132.8	0.002917
133.0	0.00316
133.2	-0.004132
133.4	-0.001701
133.6	-0.009479
133.8	-0.006563
134.0	-0.007778
134.2	-0.002431
134.4	0.007049
134.6	-0.013125
134.8	-0.017257
135.0	-0.016771
135.2	-0.007778
135.4	0.000486
135.6	0.008264
135.8	0.008993
136.0	0.00875
136.2	0.008507
136.4	0.006563
136.6	0.00316
136.8	-0.005347
137.0	-0.016528
137.2	-0.008507
137.4	-0.003646
137.6	0.005347
137.8	0.007292
138.0	-0.00316
138.2	0.004618
138.4	0.001945
138.6	0.00559
138.8	0.016285
139.0	0.005834
139.2	0.007049
139.4	0.005347
139.6	-0.000243
139.8	0.009479
140.0	-0.002431
140.2	-0.017501
140.4	-0.014827
140.6	-0.013368
140.8	-0.020903
141.0	-0.017744
141.2	-0.010695
141.4	-0.005834
141.6	-0.00316
141.8	-0.000972
142.0	0.00875
142.2	-0.001945
142.4	-0.011181
142.6	-0.013125
142.8	-0.011424
143.0	-0.018959
143.2	-0.011181
143.4	-0.014098
143.6	-0.031112
143.8	-0.018473
144.0	-0.023091
144.2	-0.01507
144.4	-0.004132
144.6	0.003646
144.8	0.004861
145.0	-0.001701
145.2	-0.000729
145.4	0.003403
145.6	0.004618
145.8	0.014827
146.0	0.013125
146.2	0.015313
146.4	0.016042
146.6	0.013368
146.8	0.006806
147.0	-0.00316
147.2	0.0
147.4	0.004618
147.6	0.004375
147.8	0.006806
148.0	0.014341
148.2	0.016528
148.4	0.015799
148.6	0.016771
148.8	0.007535
149.0	-0.000243
149.2	-0.002431
149.4	-0.003889
149.6	0.002431
149.8	0.01191
150.0	0.026251
150.2	0.013368
150.4	0.007049
150.6	0.006077
150.8	0.002917
151.0	0.002917
151.2	0.010452
151.4	0.008507
151.6	-0.004132
151.8	-0.004132
152.0	0.005834
152.2	0.021147
152.4	0.020903
152.6	0.018716
152.8	0.023091
153.0	0.02066
153.2	0.018716
153.4	0.001458
153.6	0.001945
153.8	0.007049
154.0	-0.001458
154.2	-0.000486
154.4	0.000729
154.6	0.008021
154.8	-0.001458
155.0	0.002674
155.2	0.015556
155.4	0.01507
155.6	0.015556
155.8	0.000972
156.0	0.00632
156.2	0.008021
156.4	0.004861
156.6	0.006077
156.8	0.007292
157.0	-0.009966
157.2	-0.003889
157.4	-0.010209
157.6	-0.002431
157.8	-0.012153
158.0	-0.007778
158.2	-0.01191
158.4	0.001458
158.6	-0.002431
158.8	0.012639
159.0	0.016528
159.2	0.017501
159.4	0.007535
159.6	0.003646
159.8	0.004861
160.0	-0.001701
160.2	0.003889
160.4	0.01507
160.6	0.011424
160.8	0.016042
161.0	0.015799
161.2	0.011181
161.4	0.007049
161.6	0.001215
161.8	0.01507
162.0	0.008993
162.2	0.017987
162.4	0.012882
162.6	-0.00316
162.8	0.009479
163.0	0.00559
163.2	0.006806
163.4	0.003889
163.6	0.005347
163.8	0.015799
164.0	0.014827
164.2	0.00559
164.4	0.001215
164.6	0.002674
164.8	0.003889
165.0	0.000486
165.2	-0.002674
165.4	-0.000243
165.6	0.004132
165.8	-0.000486
166.0	0.003889
166.2	-0.002431
166.4	-0.020903
166.6	-0.027709
166.8	-0.018716
167.0	-0.00875
167.2	-0.014341
167.4	-0.017014
167.6	-0.010695
167.8	-0.005834
168.0	-0.000729
168.2	-0.003646
168.4	0.001215
168.6	-0.002431
168.8	-0.007535
169.0	-0.00632
169.2	-0.011424
169.4	-0.009479
169.6	-0.000972
169.8	0.009236
170.0	0.009236
170.2	0.023091
170.4	0.021876
170.6	0.024063
170.8	0.008993
171.0	-0.003646
171.2	-0.004132
171.4	-0.006563
171.6	-0.000729
171.8	0.000729
172.0	0.00559
172.2	0.005834
172.4	-0.000729
172.6	-0.004618
172.8	0.00632
173.0	0.007535
173.2	0.010209
173.4	0.003889
173.6	0.0
173.8	-0.019202
174.0	-0.017744
174.2	-0.01823
174.4	-0.007778
174.6	-0.003403
174.8	-0.000486
175.0	-0.005347
175.2	-0.002188
175.4	0.003646
175.6	0.002674
175.8	0.001215
176.0	-0.000243
176.2	0.00875
176.4	0.001215
176.6	0.012153
176.8	0.001215
177.0	-0.001215
177.2	0.000729
177.4	-0.007535
177.6	-0.008507
177.8	-0.014584
178.0	-0.019931
178.2	-0.004861
178.4	0.001945
178.6	0.005834
178.8	0.001701
179.0	0.00316
179.2	0.009479
179.4	0.006563
179.6	0.013855
179.8	0.026494
180.0	0.027952
180.2	0.029654
180.4	0.018473
180.6	0.002917
180.8	-0.012153
181.0	-0.023091
181.2	-0.018716
181.4	-0.009966
181.6	-0.01507
181.8	-0.012639
182.0	-0.008264
182.2	-0.017501
182.4	-0.008993
182.6	-0.002188
182.8	-0.000243
183.0	0.00559
183.2	0.014098
183.4	0.017744
183.6	0.00316
183.8	0.003646
184.0	-0.002431
184.2	-0.004375
184.4	0.0
184.6	-0.002431
184.8	0.005834
185.0	0.004861
185.2	0.007778
185.4	-0.001458
185.6	-0.00559
185.8	0.010209
186.0	0.016771
186.2	0.016042
186.4	0.013855
186.6	0.009723
186.8	-0.009479
187.0	-0.009723
187.2	-0.005104
187.4	-0.005104
187.6	-0.010452
187.8	-0.000729
188.0	-0.002674
188.2	-0.019445
188.4	-0.010452
188.6	-0.003403
188.8	-0.010452
189.0	-0.00316
189.2	-0.005104
189.4	-0.004375
189.6	-0.009723
189.8	-0.009236
190.0	-0.021147
190.2	-0.019202
190.4	-0.017257
190.6	-0.00875
190.8	-0.000486
191.0	0.005104
191.2	-0.000972
191.4	0.002674
191.6	0.012882
191.8	0.00316
192.0	0.012396
192.2	0.005834
192.4	0.007778
192.6	0.000486
192.8	0.010209
193.0	-0.001215
193.2	-0.004132
193.4	0.007778
193.6	0.004132
193.8	-0.005347
194.0	-0.010452
194.2	0.003403
194.4	0.010209
194.6	0.009723
194.8	-0.00632
195.0	-0.008021
195.2	-0.001701
195.4	-0.003889
195.6	-0.020417
195.8	-0.017987
196.0	-0.018716
196.2	-0.012396
196.4	-0.011181
196.6	-0.010452
196.8	-0.008993
197.0	-0.002674
197.2	-0.008021
197.4	-0.000972
197.6	0.008507
197.8	0.001945
198.0	0.002431
198.2	0.003646
198.4	-0.007292
198.6	-0.013125
198.8	-0.011181
199.0	-0.00632
199.2	-0.008264
199.4	-0.004132
199.6	0.0
199.8	-0.002431
200.0	-0.002431
200.2	-0.003403
200.4	-0.006077
200.6	0.004132
200.8	-0.001701
201.0	-0.011667
201.2	-0.004132
201.4	0.00316
201.6	0.013612
201.8	0.001215
202.0	0.000486
202.2	0.004861
202.4	0.007292
202.6	0.003889
202.8	-0.008993
203.0	-0.016042
203.2	-0.013612
203.4	-0.008264
203.6	-0.012396
203.8	-0.000729
204.0	-0.000486
204.2	-0.006806
204.4	-0.002674
204.6	-0.009966
204.8	-0.008507
205.0	0.009966
205.2	0.006806
205.4	0.003889
205.6	0.000729
205.8	0.0
206.0	-0.002431
206.2	-0.007049
206.4	-0.016285
206.6	-0.02066
206.8	-0.019445
207.0	-0.029411
207.2	-0.02382
207.4	-0.010209
207.6	-0.000729
207.8	0.012396
208.0	0.006077
208.2	0.008993
208.4	0.000486
208.6	-0.000243
208.8	-0.000243
209.0	-0.002917
209.2	-0.003889
209.4	0.002917
209.6	0.009966
209.8	0.003403
210.0	-0.013368
210.2	-0.022119
210.4	-0.012639
210.6	-0.01191
210.8	-0.017257
211.0	-0.012639
211.2	-0.009236
211.4	-0.00632
211.6	-0.003889
211.8	-0.007292
212.0	0.000729
212.2	-0.013368
212.4	-0.012153
212.6	-0.013855
212.8	0.001701
213.0	-0.017257
213.2	-0.015313
213.4	-0.006563
213.6	-0.00632
213.8	-0.005347
214.0	0.002674
214.2	-0.004618
214.4	-0.004132
214.6	-0.001945
214.8	-0.00632
215.0	0.008507
215.2	0.009479
215.4	0.001945
215.6	-0.002431
215.8	-0.001215
216.0	-0.008507
216.2	-0.012882
216.4	-0.003403
216.6	-0.010209
216.8	-0.015799
217.0	-0.001458
217.2	-0.003403
217.4	-0.003889
217.6	-0.001215
217.8	-0.00632
218.0	-0.003889
218.2	-0.010695
218.4	-0.016771
218.6	-0.021147
218.8	-0.020417
219.0	-0.007778
219.2	-0.006077
219.4	-0.00559
219.6	-0.009479
219.8	-0.007778
220.0	-0.009479
220.2	-0.008264
220.4	-0.007049
220.6	-0.001458
220.8	0.015313
221.0	0.00632
221.2	0.003889
221.4	0.007778
221.6	0.004618
221.8	-0.003403
222.0	-0.000972
222.2	0.001701
222.4	-0.002917
222.6	-0.007292
222.8	-0.010938
223.0	-0.010938
223.2	-0.010695
223.4	-0.006077
223.6	0.004132
223.8	0.008264
224.0	-0.000972
224.2	-0.017014
224.4	-0.027709
224.6	-0.016285
224.8	-0.012396
225.0	-0.012396
225.2	-0.013125
225.4	-0.010695
225.6	-0.003889
225.8	-0.012153
226.0	-0.013855
226.2	0.003889
226.4	0.009723
226.6	0.002188
226.8	0.002431
227.0	-0.002431
227.2	-0.007778
227.4	-0.006563
227.6	-0.002188
227.8	0.00559
228.0	-0.003646
228.2	-0.004132
228.4	0.007535
228.6	0.009236
228.8	0.004618
229.0	-0.009479
229.2	-0.006563
229.4	0.003889
229.6	0.007049
229.8	0.012639
230.0	0.005104
230.2	-0.002431
230.4	-0.006563
230.6	0.001215
230.8	-0.002431
231.0	-0.009966
231.2	-0.014827
231.4	-0.00875
231.6	-0.008507
231.8	-0.002917
232.0	-0.007778
232.2	-0.014584
232.4	-0.014098
232.6	-0.009236
232.8	-0.000243
233.0	0.007292
233.2	-0.006077
233.4	-0.002917
233.6	0.00559
233.8	0.010938
234.0	0.012153
234.2	0.008264
234.4	0.002917
234.6	0.007778
234.8	0.006563
235.0	0.015556
235.2	0.017744
235.4	0.016042
235.6	-0.005104
235.8	-0.016528
236.0	-0.014098
236.2	-0.027952
236.4	-0.008993
236.6	-0.004132
236.8	-0.00875
237.0	0.009966
237.2	0.009723
237.4	0.018959
237.6	0.004618
237.8	0.00559
238.0	-0.004618
238.2	-0.000972
238.4	0.009479
238.6	0.001458
238.8	0.010452
239.0	-0.00875
239.2	-0.001215
239.4	0.008507
239.6	0.00559
239.8	0.009966
240.0	0.023577
240.2	0.009723
240.4	0.007778
240.6	0.005104
240.8	-0.001215
241.0	0.005104
241.2	-0.001945
241.4	0.000729
241.6	-0.006077
241.8	0.007292
242.0	0.009236
242.2	0.011424
242.4	0.002431
242.6	0.005347
242.8	-0.013368
243.0	-0.017014
243.2	-0.025036
243.4	0.004132
243.6	0.013125
243.8	0.017501
244.0	0.017501
244.2	-0.003403
244.4	-0.001701
244.6	0.00316
244.8	0.006806
245.0	0.00559
245.2	-0.000243
245.4	-0.011424
245.6	-0.013125
245.8	-0.010938
246.0	-0.004861
246.2	-0.000972
246.4	0.0
246.6	-0.001945
246.8	0.00632
247.0	0.010452
247.2	0.003889
247.4	-0.00559
247.6	-0.017014
247.8	-0.008021
248.0	-0.007535
248.2	-0.008264
248.4	-0.003646
248.6	-0.017257
248.8	-0.005347
249.0	-0.011667
249.2	-0.003403
249.4	0.004375
249.6	0.004861
249.8	0.015556
250.0	0.013125
250.2	0.018959
250.4	0.013368
250.6	0.019688
250.8	0.02139
251.0	0.026251
251.2	0.014827
251.4	-0.000243
251.6	0.002188
251.8	0.001945
252.0	0.002431
252.2	-0.000486
252.4	0.007778
252.6	0.005104
252.8	-0.000486
253.0	-0.001945
253.2	-0.002674
253.4	-0.004375
253.6	-0.020903
253.8	-0.007778
254.0	-0.012153
254.2	-0.005834
254.4	-0.000243
254.6	0.009966
254.8	0.002917
255.0	-0.000729
255.2	-0.001215
255.4	0.011667
255.6	0.014827
255.8	0.007535
256.0	0.002917
256.2	0.006563
256.4	0.007292
256.6	0.004618
256.8	0.004132
257.0	0.006077
257.2	-0.003646
257.4	0.004618
257.6	-0.001458
257.8	0.000972
258.0	-0.001945
258.2	-0.005347
258.4	-0.011181
258.6	0.00632
258.8	0.008507
259.0	0.006806
259.2	0.012153
259.4	0.015556
259.6	-0.00316
259.8	0.002674
260.0	0.009236
260.2	0.016771
260.4	0.012153
260.6	0.019688
260.8	0.016771
261.0	0.007292
261.2	0.005834
261.4	0.016285
261.6	0.009723
261.8	0.001215
262.0	0.0
262.2	0.001458
262.4	-0.003646
262.6	-0.002188
262.8	-0.004861
263.0	-0.009236
263.2	-0.005834
263.4	-0.008993
263.6	-0.009966
263.8	-0.007535
264.0	-0.012882
264.2	-0.011424
264.4	-0.005104
264.6	-0.00875
264.8	-0.009966
265.0	-0.007049
265.2	-0.009723
265.4	-0.011424
265.6	-0.008507
265.8	-0.010695
266.0	-0.006077
266.2	-0.000729
266.4	0.002431
266.6	0.012882
266.8	0.011181
267.0	0.008021
267.2	0.008021
267.4	0.007778
267.6	0.007778
267.8	0.013612
268.0	0.013368
268.2	0.006077
268.4	0.012639
268.6	0.005834
268.8	-0.000243
269.0	0.012153
269.2	0.004861
269.4	0.011667
269.6	0.008507
269.8	0.011181
270.0	0.005104
270.2	0.005834
270.4	0.011181
270.6	0.013855
270.8	0.009966
271.0	0.014341
271.2	0.017744
271.4	0.010695
271.6	0.013612
271.8	0.01191
272.0	0.012639
272.2	0.007778
272.4	0.011667
272.6	0.013612
272.8	-0.001215
273.0	0.001701
273.2	-0.011181
273.4	-0.001701
273.6	0.00316
273.8	-0.008507
274.0	-0.007535
274.2	-0.004375
274.4	0.00875
274.6	0.007292
274.8	0.009966
275.0	0.008021
275.2	-0.000243
275.4	-0.003646
275.6	0.003403
275.8	0.00316
276.0	-0.004861
276.2	-0.004375
276.4	0.000972
276.6	0.003646
276.8	0.001701
277.0	-0.006806
277.2	-0.001945
277.4	-0.00559
277.6	0.007049
277.8	0.010452
278.0	0.002431
278.2	-0.001215
278.4	-0.001215
278.6	0.000729
278.8	-0.003403
279.0	0.00559
279.2	0.005347
279.4	0.004132
279.6	-0.001458
279.8	0.002917
280.0	-0.00632
280.2	-0.00875
280.4	0.007049
280.6	-0.004132
280.8	-0.003889
281.0	0.005834
281.2	0.003646
281.4	-0.008993
281.6	-0.007535
281.8	-0.002431
282.0	0.002431
282.2	0.004132
282.4	0.004132
282.6	0.011181
282.8	0.003646
283.0	-0.001215
283.2	0.012153
283.4	0.004375
283.6	0.003646
283.8	-0.009236
284.0	-0.004132
284.2	-0.009479
284.4	-0.004132
284.6	0.003403
284.8	0.00559
285.0	0.003403
285.2	-0.006077
285.4	-0.001215
285.6	-0.006563
285.8	0.001701
286.0	0.007292
286.2	0.015556
286.4	0.007535
286.6	0.002674
286.8	0.00632
287.0	0.008993
287.2	0.020174
287.4	0.000486
287.6	-0.002917
287.8	-0.006563
288.0	-0.007049
288.2	-0.010695
288.4	-0.011181
288.6	-0.003646
288.8	0.009723
289.0	0.003646
289.2	0.000486
289.4	-0.004132
289.6	-0.002917
289.8	-0.005834
290.0	-0.001215
290.2	0.002674
290.4	0.008264
290.6	-0.001215
290.8	-0.000729
291.0	-0.010695
291.2	-0.004132
291.4	-0.001215
291.6	0.00559
291.8	-0.002431
292.0	0.005834
292.2	0.001701
292.4	-0.001458
292.6	0.003403
292.8	0.009236
293.0	0.011181
293.2	0.010209
293.4	0.024792
293.6	0.024306
293.8	0.024306
294.0	0.012639
294.2	0.007049
294.4	-0.003403
294.6	-0.00875
294.8	-0.004618
295.0	-0.00559
295.2	-0.003646
295.4	-0.01191
295.6	-0.015556
295.8	-0.015556
296.0	-0.01823
296.2	0.000486
296.4	0.005347
296.6	0.006077
296.8	0.005834
297.0	0.000486
297.2	-0.004861
297.4	0.008264
297.6	0.009966
297.8	0.01507
298.0	0.007049
298.2	0.000972
298.4	-0.002431
298.6	-0.00632
298.8	0.007535
299.0	-0.002917
299.2	-0.006077
299.4	-0.002431
299.6	0.0
299.8	0.000729
300.0	-0.004375
300.2	-0.001945
300.4	-0.015556
300.6	-0.012882
300.8	-0.003403
301.0	0.003646
301.2	0.010695
301.4	0.000972
301.6	0.004375
301.8	0.000972
302.0	-0.005347
302.2	-0.005834
302.4	-0.001215
302.6	-0.008993
302.8	-0.001701
303.0	0.004861
303.2	-0.00316
303.4	-0.000486
303.6	0.002917
303.8	0.000729
304.0	-0.007778
304.2	-0.004375
304.4	0.002917
304.6	-0.001945
304.8	0.005104
305.0	0.010452
305.2	0.006563
305.4	0.002431
305.6	-0.007292
305.8	-0.000486
306.0	0.006077
306.2	0.000729
306.4	0.010695
306.6	0.012153
306.8	0.00632
307.0	0.002674
307.2	-0.009966
307.4	-0.018473
307.6	-0.013368
307.8	-0.015799
308.0	-0.01823
308.2	-0.00559
308.4	-0.00559
308.6	-0.012882
308.8	-0.010452
309.0	-0.00632
309.2	-0.002188
309.4	-0.001701
309.6	0.001215
309.8	-0.004375
310.0	-0.011424
310.2	-0.007535
310.4	-0.002431
310.6	-0.000972
310.8	-0.005104
311.0	-0.007778
311.2	-0.00559
311.4	-0.001701
311.6	-0.007292
311.8	-0.007778
312.0	0.008264
312.2	0.010452
312.4	0.012639
312.6	0.010452
312.8	0.000972
313.0	0.002431
313.2	0.007778
313.4	0.009236
313.6	0.012882
313.8	0.006077
314.0	0.001215
314.2	0.001701
314.4	-0.000729
314.6	-0.000243
314.8	-0.008264
315.0	-0.007049
315.2	-0.006077
315.4	-0.008993
315.6	-0.000729
315.8	-0.019688
316.0	-0.012396
316.2	0.005104
316.4	-0.004375
316.6	-0.00316
316.8	-0.009479
317.0	-0.011667
317.2	-0.019202
317.4	-0.014341
317.6	0.012396
317.8	0.018716
318.0	0.022848
318.2	0.021147
318.4	0.015799
318.6	0.013125
318.8	0.008021
319.0	0.014584
319.2	0.004375
319.4	0.007049
319.6	0.003403
319.8	-0.009236
320.0	-0.014098
320.2	-0.001215
320.4	-0.015313
320.6	0.000972
320.8	-0.008264
321.0	0.0
321.2	0.005347
321.4	0.006806
321.6	0.008993
321.8	-0.002674
322.0	0.009966
322.2	0.005104
322.4	0.012396
322.6	-0.001701
322.8	-0.002431
323.0	-0.004861
323.2	-0.004618
323.4	-0.001458
323.6	-0.003889
323.8	0.005104
324.0	0.004375
324.2	0.00559
324.4	0.004132
324.6	0.008993
324.8	0.011424
325.0	0.008507
325.2	0.001458
325.4	-0.00316
325.6	-0.010452
325.8	-0.009723
326.0	-0.002188
326.2	0.005347
326.4	0.007049
326.6	0.005347
326.8	0.009723
327.0	0.010938
327.2	-0.000972
327.4	0.007292
327.6	0.013855
327.8	0.000972
328.0	-0.006077
328.2	-0.01823
328.4	-0.01191
328.6	-0.009479
328.8	-0.006563
329.0	0.001458
329.2	-0.00632
329.4	-0.011424
329.6	-0.006563
329.8	0.010938
330.0	0.016528
330.2	0.016528
330.4	0.002917
330.6	-0.003646
330.8	-0.00559
331.0	-0.002188
331.2	0.006077
331.4	0.01191
331.6	0.003646
331.8	-0.001945
332.0	0.007292
332.2	0.011667
332.4	0.01823
332.6	0.026251
332.8	0.017257
333.0	0.016771
333.2	-0.004861
333.4	-0.012396
333.6	-0.004375
333.8	-0.009479
334.0	-0.013855
334.2	-0.00559
334.4	-0.000729
334.6	0.014827
334.8	0.01823
335.0	0.001701
335.2	0.001945
335.4	0.012153
335.6	0.003889
335.8	0.008264
336.0	0.021633
336.2	0.023577
336.4	0.011181
336.6	0.005834
336.8	-0.007049
337.0	-0.012396
337.2	-0.001701
337.4	0.012639
337.6	0.013855
337.8	0.010209
338.0	0.010209
338.2	0.00632
338.4	-0.011667
338.6	-0.006563
338.8	-0.004861
339.0	-0.012153
339.2	-0.004375
339.4	-0.000243
339.6	-0.01823
339.8	-0.014098
340.0	-0.015556
340.2	-0.006563
340.4	0.00559
340.6	0.002674
340.8	0.003889
341.0	0.002431
341.2	-0.005834
341.4	0.002917
341.6	0.00316
341.8	0.008507
342.0	0.012882
342.2	0.012639
342.4	0.002431
342.6	-0.00559
342.8	-0.000486
343.0	0.003403
343.2	0.002188
343.4	-0.005347
343.6	-0.001945
343.8	-0.011667
344.0	-0.004132
344.2	-0.007049
344.4	-0.00559
344.6	0.00632
344.8	0.008507
345.0	-0.011424
345.2	-0.013855
345.4	-0.010695
345.6	-0.008507
345.8	0.00559
346.0	-0.009966
346.2	-0.011667
346.4	-0.004618
346.6	0.002431
346.8	0.00559
347.0	0.006077
347.2	0.005104
347.4	0.015313
347.6	0.016771
347.8	0.013125
348.0	0.012396
348.2	0.022848
348.4	0.010695
348.6	0.008021
348.8	0.02066
349.0	0.01507
349.2	0.014584
349.4	0.001945
349.6	-0.006077
349.8	0.004618
350.0	0.013855
350.2	0.008264
350.4	0.007778
350.6	-0.004861
350.8	-0.003889
351.0	-0.004618
351.2	0.000243
351.4	-0.002431
351.6	0.002188
351.8	0.001458
352.0	-0.00559
352.2	-0.013855
352.4	-0.009723
352.6	-0.011424
352.8	-0.022362
353.0	-0.011181
353.2	0.00316
353.4	0.009479
353.6	0.013368
353.8	0.008993
354.0	0.007049
354.2	0.009723
354.4	0.011424
354.6	0.006806
354.8	-0.009966
355.0	-0.012153
355.2	-0.004132
355.4	-0.003889
355.6	-0.009723
355.8	-0.003889
356.0	-0.002431
356.2	-0.004618
356.4	-0.013368
356.6	-0.019445
356.8	-0.013855
357.0	-0.011667
357.2	-0.001701
357.4	0.000972
357.6	0.003403
357.8	0.004861
358.0	0.01823
358.2	0.003646
358.4	0.003889
358.6	0.002188
358.8	-0.006806
359.0	-0.023577
359.2	-0.028925
359.4	-0.027709
359.6	-0.034272
359.8	-0.028681
360.0	-0.018716
360.2	-0.022119
360.4	-0.006077
360.6	0.003889
360.8	-0.004618
361.0	-0.003646
361.2	-0.012639
361.4	-0.014584
361.6	-0.023577
361.8	-0.019931
362.0	-0.012396
362.2	-0.00875
362.4	-0.007292
362.6	-0.008993
362.8	0.003889
363.0	0.004861
363.2	-0.006077
363.4	-0.002431
363.6	0.003403
363.8	-0.019445
364.0	-0.023091
364.2	-0.022119
364.4	-0.024792
364.6	-0.014827
364.8	-0.011181
365.0	-0.005347
365.2	0.005834
365.4	0.012639
365.6	0.009236
365.8	-0.007292
366.0	0.002188
366.2	0.002431
366.4	-0.014827
366.6	-0.015313
366.8	-0.020903
367.0	-0.017987

&

0.2	0.000407
0.4	0.000535
0.6	0.000617
0.8	0.001059
1.0	0.00142
1.2	0.001873
1.4	0.00185
1.6	0.00185
1.8	0.001792
2.0	0.001687
2.2	0.001838
2.4	0.001676
2.6	0.00142
2.8	0.00171
3.0	0.002222
3.2	0.00235
3.4	0.00313
3.6	0.002676
3.8	0.00263
4.0	0.002455
4.2	0.00249
4.4	0.002571
4.6	0.002804
4.8	0.002723
5.0	0.002827
5.2	0.003258
5.4	0.003386
5.6	0.003432
5.8	0.002967
6.0	0.002467
6.2	0.00242
6.4	0.002187
6.6	0.002502
6.8	0.00249
7.0	0.00263
7.2	0.002304
7.4	0.00199
7.6	0.002362
7.8	0.002618
8.0	0.002944
8.2	0.002793
8.4	0.002397
8.6	0.002676
8.8	0.00242
9.0	0.002513
9.2	0.001885
9.4	0.001955
9.6	0.001955
9.8	0.002001
10.0	0.001769
10.2	0.001513
10.4	0.001722
10.6	0.001815
10.8	0.002385
11.0	0.002909
11.2	0.002653
11.4	0.002443
11.6	0.002362
11.8	0.002327
12.0	0.002758
12.2	0.002432
12.4	0.002886
12.6	0.002758
12.8	0.002641
13.0	0.002723
13.2	0.002618
13.4	0.002595
13.6	0.002537
13.8	0.002537
14.0	0.002595
14.2	0.002397
14.4	0.002339
14.6	0.002164
14.8	0.002339
15.0	0.002315
15.2	0.002606
15.4	0.002374
15.6	0.002292
15.8	0.002304
16.0	0.001838
16.2	0.001734
16.4	0.001873
16.6	0.002304
16.8	0.002211
17.0	0.002187
17.2	0.001873
17.4	0.00235
17.6	0.002734
17.8	0.002723
18.0	0.002688
18.2	0.002571
18.4	0.002385
18.6	0.002804
18.8	0.002118
19.0	0.002525
19.2	0.002525
19.4	0.002153
19.6	0.002129
19.8	0.002176
20.0	0.002304
20.2	0.002304
20.4	0.002432
20.6	0.002653
20.8	0.00299
21.0	0.003037
21.2	0.002955
21.4	0.003363
21.6	0.002967
21.8	0.003176
22.0	0.003048
22.2	0.003188
22.4	0.003037
22.6	0.002571
22.8	0.002665
23.0	0.002513
23.2	0.002827
23.4	0.002874
23.6	0.002653
23.8	0.002606
24.0	0.002292
24.2	0.001885
24.4	0.00199
24.6	0.00178
24.8	0.002036
25.0	0.002071
25.2	0.001815
25.4	0.00199
25.6	0.001885
25.8	0.001803
26.0	0.002106
26.2	0.001943
26.4	0.002129
26.6	0.00178
26.8	0.00199
27.0	0.002281
27.2	0.002187
27.4	0.00199
27.6	0.001827
27.8	0.001885
28.0	0.00192
28.2	0.00185
28.4	0.002025
28.6	0.002281
28.8	0.002606
29.0	0.002793
29.2	0.002874
29.4	0.00242
29.6	0.002502
29.8	0.002641
30.0	0.002734
30.2	0.002641
30.4	0.002804
30.6	0.002804
30.8	0.002537
31.0	0.002083
31.2	0.002525
31.4	0.002595
31.6	0.002281
31.8	0.002327
32.0	0.002083
32.2	0.002257
32.4	0.002455
32.6	0.002699
32.8	0.003118
33.0	0.002862
33.2	0.003153
33.4	0.00306
33.6	0.003409
33.8	0.003153
34.0	0.003107
34.2	0.003176
34.4	0.003258
34.6	0.003688
34.8	0.003176
35.0	0.003456
35.2	0.003677
35.4	0.00356
35.6	0.003014
35.8	0.003083
36.0	0.003491
36.2	0.003048
36.4	0.002409
36.6	0.002362
36.8	0.002304
37.0	0.002443
37.2	0.00249
37.4	0.002176
37.6	0.002397
37.8	0.001966
38.0	0.001873
38.2	0.001641
38.4	0.001745
38.6	0.001582
38.8	0.002176
39.0	0.001931
39.2	0.002339
39.4	0.002467
39.6	0.002537
39.8	0.002618
40.0	0.002187
40.2	0.002281
40.4	0.002304
40.6	0.001955
40.8	0.002443
41.0	0.002187
41.2	0.002746
41.4	0.002862
41.6	0.002502
41.8	0.002315
42.0	0.002315
42.2	0.002234
42.4	0.002269
42.6	0.002339
42.8	0.002571
43.0	0.002665
43.2	0.002839
43.4	0.002781
43.6	0.003281
43.8	0.002793
44.0	0.002851
44.2	0.002734
44.4	0.002944
44.6	0.002723
44.8	0.002816
45.0	0.0032
45.2	0.003281
45.4	0.00306
45.6	0.003619
45.8	0.003595
46.0	0.003584
46.2	0.003246
46.4	0.003491
46.6	0.002979
46.8	0.002967
47.0	0.002979
47.2	0.002711
47.4	0.002327
47.6	0.002548
47.8	0.002246
48.0	0.002269
48.2	0.002257
48.4	0.002397
48.6	0.002478
48.8	0.002467
49.0	0.002606
49.2	0.002769
49.4	0.00256
49.6	0.003083
49.8	0.003072
50.0	0.003142
50.2	0.003339
50.4	0.003176
50.6	0.003025
50.8	0.00306
51.0	0.002816
51.2	0.003165
51.4	0.002827
51.6	0.002746
51.8	0.002699
52.0	0.002711
52.2	0.002222
52.4	0.002071
52.6	0.002048
52.8	0.00235
53.0	0.002385
53.2	0.002129
53.4	0.00192
53.6	0.002187
53.8	0.001652
54.0	0.001955
54.2	0.001873
54.4	0.002257
54.6	0.002025
54.8	0.002211
55.0	0.001978
55.2	0.002013
55.4	0.002315
55.6	0.002537
55.8	0.002281
56.0	0.002595
56.2	0.002734
56.4	0.00256
56.6	0.002711
56.8	0.00263
57.0	0.002804
57.2	0.00299
57.4	0.002932
57.6	0.003304
57.8	0.003176
58.0	0.002932
58.2	0.002862
58.4	0.002525
58.6	0.002502
58.8	0.002874
59.0	0.0032
59.2	0.003095
59.4	0.00313
59.6	0.003409
59.8	0.003363
60.0	0.003502
60.2	0.003444
60.4	0.00363
60.6	0.00327
60.8	0.00313
61.0	0.002839
61.2	0.002909
61.4	0.003037
61.6	0.002886
61.8	0.002932
62.0	0.002862
62.2	0.002711
62.4	0.003142
62.6	0.003165
62.8	0.003304
63.0	0.003142
63.2	0.003037
63.4	0.003456
63.6	0.003595
63.8	0.00356
64.0	0.003537
64.2	0.003386
64.4	0.00313
64.6	0.003398
64.8	0.003526
65.0	0.003491
65.2	0.0032
65.4	0.002944
65.6	0.002816
65.8	0.002944
66.0	0.002874
66.2	0.003025
66.4	0.00313
66.6	0.002886
66.8	0.002921
67.0	0.003153
67.2	0.002851
67.4	0.002537
67.6	0.002827
67.8	0.003072
68.0	0.0032
68.2	0.003293
68.4	0.002723
68.6	0.00263
68.8	0.002059
69.0	0.002176
69.2	0.002385
69.4	0.002257
69.6	0.002257
69.8	0.002374
70.0	0.002397
70.2	0.002385
70.4	0.002315
70.6	0.002059
70.8	0.002129
71.0	0.001955
71.2	0.002036
71.4	0.002025
71.6	0.002432
71.8	0.002327
72.0	0.002374
72.2	0.002443
72.4	0.002327
72.6	0.00263
72.8	0.002571
73.0	0.002525
73.2	0.002583
73.4	0.002816
73.6	0.002641
73.8	0.002758
74.0	0.002839
74.2	0.002397
74.4	0.002816
74.6	0.002548
74.8	0.002816
75.0	0.002734
75.2	0.002897
75.4	0.002618
75.6	0.003176
75.8	0.003374
76.0	0.002909
76.2	0.002874
76.4	0.002827
76.6	0.002839
76.8	0.002769
77.0	0.002944
77.2	0.003223
77.4	0.00356
77.6	0.003304
77.8	0.003491
78.0	0.003421
78.2	0.002502
78.4	0.002397
78.6	0.002327
78.8	0.00256
79.0	0.002665
79.2	0.002362
79.4	0.002048
79.6	0.002141
79.8	0.002327
80.0	0.002676
80.2	0.002606
80.4	0.002606
80.6	0.002793
80.8	0.002711
81.0	0.002921
81.2	0.00256
81.4	0.003142
81.6	0.003328
81.8	0.003782
82.0	0.003421
82.2	0.002571
82.4	0.002746
82.6	0.002851
82.8	0.00306
83.0	0.003211
83.2	0.003165
83.4	0.003502
83.6	0.003514
83.8	0.003444
84.0	0.003316
84.2	0.003142
84.4	0.00313
84.6	0.002443
84.8	0.002443
85.0	0.002478
85.2	0.002269
85.4	0.002397
85.6	0.002455
85.8	0.002513
86.0	0.001978
86.2	0.002537
86.4	0.002327
86.6	0.002315
86.8	0.002571
87.0	0.002025
87.2	0.001803
87.4	0.002059
87.6	0.002059
87.8	0.001943
88.0	0.002199
88.2	0.002525
88.4	0.002781
88.6	0.003165
88.8	0.002944
89.0	0.003107
89.2	0.002781
89.4	0.002793
89.6	0.002315
89.8	0.002467
90.0	0.003025
90.2	0.003014
90.4	0.002746
90.6	0.002781
90.8	0.003328
91.0	0.003491
91.2	0.003095
91.4	0.003456
91.6	0.003665
91.8	0.003677
92.0	0.003758
92.2	0.003816
92.4	0.003083
92.6	0.003188
92.8	0.003211
93.0	0.003002
93.2	0.00299
93.4	0.00263
93.6	0.002699
93.8	0.002199
94.0	0.002246
94.2	0.002234
94.4	0.002094
94.6	0.002013
94.8	0.002525
95.0	0.002653
95.2	0.002595
95.4	0.002083
95.6	0.002141
95.8	0.002118
96.0	0.001897
96.2	0.002292
96.4	0.002537
96.6	0.002804
96.8	0.002548
97.0	0.00263
97.2	0.002781
97.4	0.002653
97.6	0.003304
97.8	0.002909
98.0	0.002886
98.2	0.002979
98.4	0.002932
98.6	0.00313
98.8	0.002839
99.0	0.002967
99.2	0.002583
99.4	0.00235
99.6	0.00256
99.8	0.002374
100.0	0.002443
100.2	0.002118
100.4	0.002583
100.6	0.002793
100.8	0.002874
101.0	0.002874
101.2	0.002641
101.4	0.002827
101.6	0.003037
101.8	0.002955
102.0	0.002874
102.2	0.002921
102.4	0.002595
102.6	0.002827
102.8	0.002816
103.0	0.002723
103.2	0.002571
103.4	0.002059
103.6	0.002443
103.8	0.002746
104.0	0.002909
104.2	0.002839
104.4	0.003072
104.6	0.003304
104.8	0.0037
105.0	0.00384
105.2	0.003363
105.4	0.003409
105.6	0.003444
105.8	0.003805
106.0	0.003607
106.2	0.003339
106.4	0.003747
106.6	0.00356
106.8	0.003363
107.0	0.003467
107.2	0.003677
107.4	0.003758
107.6	0.003747
107.8	0.003654
108.0	0.003758
108.2	0.003654
108.4	0.003409
108.6	0.002816
108.8	0.003072
109.0	0.002886
109.2	0.002816
109.4	0.002827
109.6	0.002641
109.8	0.00256
110.0	0.002746
110.2	0.002909
110.4	0.003107
110.6	0.003258
110.8	0.003537
111.0	0.003758
111.2	0.003805
111.4	0.004014
111.6	0.003979
111.8	0.003758
112.0	0.003328
112.2	0.002944
112.4	0.003642
112.6	0.00356
112.8	0.003351
113.0	0.00356
113.2	0.003444
113.4	0.003688
113.6	0.002897
113.8	0.002839
114.0	0.002443
114.2	0.002537
114.4	0.002886
114.6	0.002769
114.8	0.002641
115.0	0.002804
115.2	0.003176
115.4	0.003316
115.6	0.003363
115.8	0.002862
116.0	0.003293
116.2	0.00306
116.4	0.003584
116.6	0.00391
116.8	0.004526
117.0	0.004689
117.2	0.004014
117.4	0.003665
117.6	0.003339
117.8	0.003048
118.0	0.003002
118.2	0.003444
118.4	0.003572
118.6	0.004003
118.8	0.003898
119.0	0.0037
119.2	0.003479
119.4	0.003491
119.6	0.003409
119.8	0.003491
120.0	0.003246
120.2	0.003025
120.4	0.003118
120.6	0.002897
120.8	0.003211
121.0	0.002862
121.2	0.002851
121.4	0.003095
121.6	0.002944
121.8	0.002758
122.0	0.003037
122.2	0.002734
122.4	0.002455
122.6	0.002153
122.8	0.002385
123.0	0.002292
123.2	0.002525
123.4	0.002525
123.6	0.002653
123.8	0.002513
124.0	0.002781
124.2	0.00256
124.4	0.002606
124.6	0.002164
124.8	0.002327
125.0	0.00235
125.2	0.002118
125.4	0.002222
125.6	0.00242
125.8	0.002001
126.0	0.002257
126.2	0.002292
126.4	0.002443
126.6	0.002362
126.8	0.002362
127.0	0.002327
127.2	0.001734
127.4	0.002071
127.6	0.002246
127.8	0.002478
128.0	0.00256
128.2	0.002071
128.4	0.002222
128.6	0.002758
128.8	0.002606
129.0	0.002653
129.2	0.00263
129.4	0.002734
129.6	0.002257
129.8	0.002118
130.0	0.002106
130.2	0.001943
130.4	0.002059
130.6	0.001978
130.8	0.002176
131.0	0.001931
131.2	0.002083
131.4	0.002327
131.6	0.002595
131.8	0.002793
132.0	0.003176
132.2	0.003176
132.4	0.003235
132.6	0.002967
132.8	0.002653
133.0	0.00249
133.2	0.00235
133.4	0.002571
133.6	0.002618
133.8	0.002374
134.0	0.002734
134.2	0.002467
134.4	0.002932
134.6	0.002827
134.8	0.003025
135.0	0.002583
135.2	0.003188
135.4	0.003095
135.6	0.002827
135.8	0.002537
136.0	0.002269
136.2	0.002548
136.4	0.002816
136.6	0.002781
136.8	0.002944
137.0	0.002618
137.2	0.002746
137.4	0.002443
137.6	0.002199
137.8	0.001978
138.0	0.002199
138.2	0.00249
138.4	0.002374
138.6	0.002711
138.8	0.003002
139.0	0.002909
139.2	0.002967
139.4	0.00242
139.6	0.002537
139.8	0.00249
140.0	0.002153
140.2	0.002118
140.4	0.002071
140.6	0.002362
140.8	0.002641
141.0	0.002525
141.2	0.00256
141.4	0.002618
141.6	0.002944
141.8	0.002723
142.0	0.00249
142.2	0.002315
142.4	0.002246
142.6	0.002374
142.8	0.002409
143.0	0.002513
143.2	0.002839
143.4	0.002606
143.6	0.002211
143.8	0.002385
144.0	0.001897
144.2	0.002106
144.4	0.001652
144.6	0.001908
144.8	0.001757
145.0	0.001734
145.2	0.001885
145.4	0.002187
145.6	0.002036
145.8	0.001978
146.0	0.002059
146.2	0.002025
146.4	0.002141
146.6	0.002211
146.8	0.002409
147.0	0.002234
147.2	0.002106
147.4	0.00242
147.6	0.002502
147.8	0.002257
148.0	0.002676
148.2	0.002525
148.4	0.002804
148.6	0.002921
148.8	0.002537
149.0	0.002734
149.2	0.003223
149.4	0.003526
149.6	0.003444
149.8	0.003083
150.0	0.002921
150.2	0.002932
150.4	0.002688
150.6	0.003165
150.8	0.003549
151.0	0.003584
151.2	0.003153
151.4	0.003235
151.6	0.002827
151.8	0.003339
152.0	0.003118
152.2	0.003072
152.4	0.002955
152.6	0.002781
152.8	0.002886
153.0	0.003374
153.2	0.003502
153.4	0.003374
153.6	0.003258
153.8	0.003374
154.0	0.002932
154.2	0.003514
154.4	0.003688
154.6	0.003502
154.8	0.003107
155.0	0.003223
155.2	0.003142
155.4	0.002955
155.6	0.003037
155.8	0.002979
156.0	0.003491
156.2	0.003211
156.4	0.003037
156.6	0.003467
156.8	0.003246
157.0	0.003479
157.2	0.003432
157.4	0.0032
157.6	0.003176
157.8	0.003165
158.0	0.002734
158.2	0.00299
158.4	0.00256
158.6	0.00242
158.8	0.002688
159.0	0.002967
159.2	0.002839
159.4	0.002909
159.6	0.003176
159.8	0.003025
160.0	0.003258
160.2	0.003432
160.4	0.003235
160.6	0.003188
160.8	0.003153
161.0	0.002921
161.2	0.003048
161.4	0.00256
161.6	0.002909
161.8	0.002723
162.0	0.002781
162.2	0.003014
162.4	0.002723
162.6	0.002699
162.8	0.002723
163.0	0.002606
163.2	0.002676
163.4	0.002746
163.6	0.002362
163.8	0.002548
164.0	0.002409
164.2	0.002106
164.4	0.002118
164.6	0.002688
164.8	0.002851
165.0	0.002571
165.2	0.003211
165.4	0.003188
165.6	0.003502
165.8	0.003688
166.0	0.003572
166.2	0.003782
166.4	0.003712
166.6	0.003758
166.8	0.003875
167.0	0.003665
167.2	0.003747
167.4	0.003642
167.6	0.003374
167.8	0.003607
168.0	0.003107
168.2	0.002746
168.4	0.003014
168.6	0.00306
168.8	0.003304
169.0	0.003467
169.2	0.003444
169.4	0.003432
169.6	0.003595
169.8	0.003665
170.0	0.003281
170.2	0.002758
170.4	0.002781
170.6	0.002874
170.8	0.003095
171.0	0.002432
171.2	0.00263
171.4	0.002804
171.6	0.002525
171.8	0.002304
172.0	0.002339
172.2	0.002432
172.4	0.002234
172.6	0.002374
172.8	0.002665
173.0	0.002676
173.2	0.002606
173.4	0.002665
173.6	0.002641
173.8	0.002897
174.0	0.002851
174.2	0.002699
174.4	0.003165
174.6	0.00327
174.8	0.003304
175.0	0.003293
175.2	0.003118
175.4	0.003316
175.6	0.003339
175.8	0.003816
176.0	0.0037
176.2	0.003444
176.4	0.003479
176.6	0.003002
176.8	0.003095
177.0	0.003153
177.2	0.003188
177.4	0.003037
177.6	0.003374
177.8	0.003153
178.0	0.00356
178.2	0.003351
178.4	0.003211
178.6	0.003491
178.8	0.003723
179.0	0.00384
179.2	0.003805
179.4	0.004328
179.6	0.003758
179.8	0.003712
180.0	0.003444
180.2	0.003211
180.4	0.002851
180.6	0.003339
180.8	0.003363
181.0	0.002886
181.2	0.003642
181.4	0.0037
181.6	0.00299
181.8	0.003281
182.0	0.003491
182.2	0.003735
182.4	0.003258
182.6	0.00327
182.8	0.003665
183.0	0.003421
183.2	0.003118
183.4	0.002851
183.6	0.002129
183.8	0.001966
184.0	0.001931
184.2	0.001838
184.4	0.001722
184.6	0.001396
184.8	0.001443
185.0	0.001582
185.2	0.001827
185.4	0.001943
185.6	0.001862
185.8	0.002059
186.0	0.002269
186.2	0.002432
186.4	0.002409
186.6	0.00235
186.8	0.002106
187.0	0.002176
187.2	0.002397
187.4	0.002397
187.6	0.002443
187.8	0.002548
188.0	0.00242
188.2	0.002467
188.4	0.002153
188.6	0.002327
188.8	0.002897
189.0	0.002921
189.2	0.003048
189.4	0.003165
189.6	0.002606
189.8	0.002443
190.0	0.002502
190.2	0.003072
190.4	0.003491
190.6	0.003328
190.8	0.003398
191.0	0.003351
191.2	0.003328
191.4	0.003549
191.6	0.003316
191.8	0.003083
192.0	0.002851
192.2	0.002862
192.4	0.002804
192.6	0.00256
192.8	0.002734
193.0	0.002537
193.2	0.002653
193.4	0.002723
193.6	0.002769
193.8	0.003037
194.0	0.003142
194.2	0.003281
194.4	0.003398
194.6	0.003176
194.8	0.002804
195.0	0.002676
195.2	0.002699
195.4	0.002723
195.6	0.002758
195.8	0.002618
196.0	0.002443
196.2	0.002548
196.4	0.002502
196.6	0.002816
196.8	0.002967
197.0	0.002653
197.2	0.002595
197.4	0.002362
197.6	0.002339
197.8	0.002269
198.0	0.002502
198.2	0.002502
198.4	0.002618
198.6	0.002571
198.8	0.002443
199.0	0.002362
199.2	0.002292
199.4	0.002467
199.6	0.002571
199.8	0.003048
200.0	0.002374
200.2	0.002548
200.4	0.002443
200.6	0.002246
200.8	0.002374
201.0	0.002688
201.2	0.002851
201.4	0.002769
201.6	0.002758
201.8	0.003014
202.0	0.003188
202.2	0.003235
202.4	0.0032
202.6	0.002758
202.8	0.003014
203.0	0.003607
203.2	0.004084
203.4	0.0037
203.6	0.003723
203.8	0.003688
204.0	0.003304
204.2	0.003409
204.4	0.003747
204.6	0.003607
204.8	0.003851
205.0	0.003572
205.2	0.003712
205.4	0.003968
205.6	0.004049
205.8	0.003409
206.0	0.003409
206.2	0.003235
206.4	0.003386
206.6	0.003409
206.8	0.003107
207.0	0.002641
207.2	0.002688
207.4	0.003048
207.6	0.003339
207.8	0.003572
208.0	0.003467
208.2	0.003339
208.4	0.003235
208.6	0.003002
208.8	0.002618
209.0	0.002397
209.2	0.00235
209.4	0.002187
209.6	0.002571
209.8	0.002455
210.0	0.002723
210.2	0.002758
210.4	0.00235
210.6	0.002129
210.8	0.002187
211.0	0.002001
211.2	0.002059
211.4	0.002094
211.6	0.002036
211.8	0.002199
212.0	0.00242
212.2	0.002362
212.4	0.002606
212.6	0.00242
212.8	0.002862
213.0	0.002944
213.2	0.002513
213.4	0.00235
213.6	0.001978
213.8	0.002478
214.0	0.002106
214.2	0.002036
214.4	0.002106
214.6	0.001803
214.8	0.001885
215.0	0.002094
215.2	0.002281
215.4	0.00242
215.6	0.002432
215.8	0.00249
216.0	0.002711
216.2	0.002676
216.4	0.002246
216.6	0.001815
216.8	0.002281
217.0	0.002269
217.2	0.002467
217.4	0.002746
217.6	0.002199
217.8	0.002199
218.0	0.001943
218.2	0.002513
218.4	0.002676
218.6	0.002385
218.8	0.002129
219.0	0.002304
219.2	0.001978
219.4	0.002129
219.6	0.002059
219.8	0.002036
220.0	0.002281
220.2	0.002455
220.4	0.002246
220.6	0.002653
220.8	0.002769
221.0	0.002455
221.2	0.002304
221.4	0.002397
221.6	0.002827
221.8	0.002513
222.0	0.002827
222.2	0.002641
222.4	0.002606
222.6	0.00242
222.8	0.002106
223.0	0.002397
223.2	0.002269
223.4	0.002665
223.6	0.002769
223.8	0.003072
224.0	0.002769
224.2	0.00242
224.4	0.00199
224.6	0.002211
224.8	0.002513
225.0	0.002478
225.2	0.002362
225.4	0.002304
225.6	0.002443
225.8	0.002513
226.0	0.002665
226.2	0.002513
226.4	0.003153
226.6	0.003048
226.8	0.002734
227.0	0.002862
227.2	0.003083
227.4	0.003479
227.6	0.004096
227.8	0.003677
228.0	0.004038
228.2	0.004026
228.4	0.003956
228.6	0.003688
228.8	0.003665
229.0	0.00313
229.2	0.003083
229.4	0.002699
229.6	0.002897
229.8	0.003072
230.0	0.002432
230.2	0.002467
230.4	0.002618
230.6	0.002304
230.8	0.002013
231.0	0.002257
231.2	0.002083
231.4	0.002246
231.6	0.002304
231.8	0.002071
232.0	0.001966
232.2	0.002094
232.4	0.002339
232.6	0.002502
232.8	0.002734
233.0	0.002827
233.2	0.002851
233.4	0.002827
233.6	0.002793
233.8	0.00256
234.0	0.002339
234.2	0.00192
234.4	0.002025
234.6	0.002141
234.8	0.002339
235.0	0.002467
235.2	0.002455
235.4	0.002862
235.6	0.003153
235.8	0.00306
236.0	0.003025
236.2	0.002804
236.4	0.002234
236.6	0.002478
236.8	0.002595
237.0	0.002816
237.2	0.002781
237.4	0.002653
237.6	0.002583
237.8	0.002246
238.0	0.002909
238.2	0.003211
238.4	0.003665
238.6	0.003642
238.8	0.003793
239.0	0.004584
239.2	0.00491
239.4	0.004992
239.6	0.00491
239.8	0.004968
240.0	0.004852
240.2	0.004782
240.4	0.004747
240.6	0.004049
240.8	0.003921
241.0	0.004026
241.2	0.003607
241.4	0.003758
241.6	0.003351
241.8	0.002897
242.0	0.002944
242.2	0.003025
242.4	0.003095
242.6	0.003223
242.8	0.003665
243.0	0.003735
243.2	0.003677
243.4	0.004014
243.6	0.004561
243.8	0.004549
244.0	0.004724
244.2	0.004189
244.4	0.003851
244.6	0.003398
244.8	0.003479
245.0	0.0037
245.2	0.003712
245.4	0.004224
245.6	0.003828
245.8	0.003735
246.0	0.003491
246.2	0.003607
246.4	0.003584
246.6	0.003828
246.8	0.003549
247.0	0.002932
247.2	0.002746
247.4	0.003223
247.6	0.003107
247.8	0.00306
248.0	0.003002
248.2	0.003176
248.4	0.003386
248.6	0.002955
248.8	0.002618
249.0	0.002653
249.2	0.003107
249.4	0.003014
249.6	0.002513
249.8	0.002409
250.0	0.002129
250.2	0.002164
250.4	0.002153
250.6	0.002106
250.8	0.002176
251.0	0.002118
251.2	0.002327
251.4	0.002711
251.6	0.003025
251.8	0.002921
252.0	0.002851
252.2	0.002979
252.4	0.002758
252.6	0.003107
252.8	0.003584
253.0	0.003584
253.2	0.003502
253.4	0.003328
253.6	0.003479
253.8	0.003677
254.0	0.003188
254.2	0.002862
254.4	0.002734
254.6	0.002537
254.8	0.002653
255.0	0.002595
255.2	0.002525
255.4	0.00256
255.6	0.002362
255.8	0.002385
256.0	0.002339
256.2	0.002374
256.4	0.002537
256.6	0.002711
256.8	0.002583
257.0	0.00263
257.2	0.002385
257.4	0.002013
257.6	0.002059
257.8	0.001862
258.0	0.002385
258.2	0.002897
258.4	0.003118
258.6	0.002804
258.8	0.002979
259.0	0.003235
259.2	0.003339
259.4	0.003747
259.6	0.003654
259.8	0.003991
260.0	0.004293
260.2	0.004433
260.4	0.004003
260.6	0.003921
260.8	0.004212
261.0	0.003863
261.2	0.003584
261.4	0.003712
261.6	0.00363
261.8	0.003654
262.0	0.0032
262.2	0.002944
262.4	0.002804
262.6	0.002804
262.8	0.003083
263.0	0.002897
263.2	0.002979
263.4	0.003072
263.6	0.002827
263.8	0.002746
264.0	0.002455
264.2	0.002583
264.4	0.002513
264.6	0.002315
264.8	0.002083
265.0	0.002234
265.2	0.002478
265.4	0.002665
265.6	0.002583
265.8	0.002699
266.0	0.002955
266.2	0.002699
266.4	0.002443
266.6	0.002641
266.8	0.002618
267.0	0.002502
267.2	0.002548
267.4	0.002432
267.6	0.002385
267.8	0.002665
268.0	0.003083
268.2	0.002711
268.4	0.002851
268.6	0.002688
268.8	0.002839
269.0	0.002688
269.2	0.002909
269.4	0.003211
269.6	0.003165
269.8	0.003188
270.0	0.003339
270.2	0.003118
270.4	0.003107
270.6	0.003479
270.8	0.003421
271.0	0.002944
271.2	0.003363
271.4	0.003246
271.6	0.003258
271.8	0.003107
272.0	0.003281
272.2	0.00306
272.4	0.003502
272.6	0.003363
272.8	0.003316
273.0	0.002944
273.2	0.003142
273.4	0.003374
273.6	0.003398
273.8	0.00327
274.0	0.002967
274.2	0.002851
274.4	0.002909
274.6	0.002897
274.8	0.003083
275.0	0.002851
275.2	0.002921
275.4	0.002955
275.6	0.002909
275.8	0.003235
276.0	0.003456
276.2	0.003142
276.4	0.003386
276.6	0.003782
276.8	0.003933
277.0	0.004131
277.2	0.004003
277.4	0.003968
277.6	0.003793
277.8	0.003712
278.0	0.003758
278.2	0.003432
278.4	0.003235
278.6	0.003083
278.8	0.003072
279.0	0.00299
279.2	0.002944
279.4	0.00299
279.6	0.002595
279.8	0.002443
280.0	0.002443
280.2	0.00185
280.4	0.001501
280.6	0.002048
280.8	0.001955
281.0	0.002315
281.2	0.002699
281.4	0.002665
281.6	0.002665
281.8	0.002711
282.0	0.003107
282.2	0.002827
282.4	0.002571
282.6	0.002374
282.8	0.002362
283.0	0.002222
283.2	0.002304
283.4	0.002478
283.6	0.002595
283.8	0.002548
284.0	0.002257
284.2	0.002397
284.4	0.002083
284.6	0.002269
284.8	0.00235
285.0	0.002641
285.2	0.002641
285.4	0.002374
285.6	0.00199
285.8	0.001943
286.0	0.001815
286.2	0.002176
286.4	0.002397
286.6	0.002979
286.8	0.003002
287.0	0.003176
287.2	0.003246
287.4	0.002955
287.6	0.002304
287.8	0.002478
288.0	0.002595
288.2	0.002571
288.4	0.002851
288.6	0.003374
288.8	0.002921
289.0	0.002921
289.2	0.002746
289.4	0.002397
289.6	0.002339
289.8	0.002362
290.0	0.002281
290.2	0.002734
290.4	0.002862
290.6	0.003037
290.8	0.002513
291.0	0.002362
291.2	0.002071
291.4	0.002606
291.6	0.00256
291.8	0.002513
292.0	0.002851
292.2	0.002944
292.4	0.003188
292.6	0.002525
292.8	0.002409
293.0	0.002327
293.2	0.002234
293.4	0.002409
293.6	0.002048
293.8	0.002257
294.0	0.001943
294.2	0.001722
294.4	0.002013
294.6	0.002397
294.8	0.002048
295.0	0.00171
295.2	0.001827
295.4	0.001734
295.6	0.001734
295.8	0.001745
296.0	0.002222
296.2	0.002141
296.4	0.002129
296.6	0.002362
296.8	0.002211
297.0	0.00235
297.2	0.002176
297.4	0.002269
297.6	0.002304
297.8	0.002176
298.0	0.002211
298.2	0.001978
298.4	0.002129
298.6	0.002315
298.8	0.00242
299.0	0.002676
299.2	0.002327
299.4	0.002455
299.6	0.002385
299.8	0.002618
300.0	0.002688
300.2	0.002665
300.4	0.002455
300.6	0.002385
300.8	0.002141
301.0	0.002234
301.2	0.002327
301.4	0.002071
301.6	0.002571
301.8	0.002618
302.0	0.002734
302.2	0.003037
302.4	0.003095
302.6	0.003293
302.8	0.002839
303.0	0.002525
303.2	0.002641
303.4	0.002723
303.6	0.001908
303.8	0.002397
304.0	0.002246
304.2	0.001943
304.4	0.001908
304.6	0.002071
304.8	0.00235
305.0	0.002665
305.2	0.002746
305.4	0.003118
305.6	0.002921
305.8	0.002432
306.0	0.002455
306.2	0.002653
306.4	0.00306
306.6	0.00299
306.8	0.003176
307.0	0.003014
307.2	0.003095
307.4	0.003293
307.6	0.003095
307.8	0.003095
308.0	0.002886
308.2	0.002955
308.4	0.003002
308.6	0.003072
308.8	0.002874
309.0	0.002734
309.2	0.003025
309.4	0.003572
309.6	0.002921
309.8	0.002676
310.0	0.002711
310.2	0.002164
310.4	0.002571
310.6	0.002071
310.8	0.002001
311.0	0.002199
311.2	0.002327
311.4	0.002187
311.6	0.002094
311.8	0.002292
312.0	0.001838
312.2	0.002001
312.4	0.002467
312.6	0.00249
312.8	0.002537
313.0	0.002758
313.2	0.002874
313.4	0.003246
313.6	0.003014
313.8	0.002711
314.0	0.002688
314.2	0.002502
314.4	0.002211
314.6	0.002257
314.8	0.002048
315.0	0.002222
315.2	0.00235
315.4	0.00256
315.6	0.002327
315.8	0.002327
316.0	0.002571
316.2	0.002606
316.4	0.002246
316.6	0.002106
316.8	0.001862
317.0	0.002176
317.2	0.002211
317.4	0.002478
317.6	0.002734
317.8	0.002618
318.0	0.002723
318.2	0.002781
318.4	0.003083
318.6	0.003235
318.8	0.003328
319.0	0.002781
319.2	0.002979
319.4	0.002897
319.6	0.003002
319.8	0.003083
320.0	0.003048
320.2	0.003677
320.4	0.003642
320.6	0.00377
320.8	0.003875
321.0	0.00384
321.2	0.003828
321.4	0.003688
321.6	0.003491
321.8	0.003386
322.0	0.003432
322.2	0.003491
322.4	0.003409
322.6	0.003456
322.8	0.003107
323.0	0.002909
323.2	0.002874
323.4	0.002199
323.6	0.002001
323.8	0.002257
324.0	0.002432
324.2	0.002339
324.4	0.002385
324.6	0.002781
324.8	0.003048
325.0	0.003095
325.2	0.002909
325.4	0.002478
325.6	0.002432
325.8	0.002059
326.0	0.002222
326.2	0.002339
326.4	0.002304
326.6	0.002211
326.8	0.002327
327.0	0.00256
327.2	0.002909
327.4	0.0032
327.6	0.003118
327.8	0.003165
328.0	0.003293
328.2	0.003502
328.4	0.003374
328.6	0.003351
328.8	0.003642
329.0	0.003479
329.2	0.004038
329.4	0.003863
329.6	0.003584
329.8	0.003025
330.0	0.002955
330.2	0.002862
330.4	0.003188
330.6	0.002304
330.8	0.002723
331.0	0.002769
331.2	0.002921
331.4	0.00313
331.6	0.003107
331.8	0.002816
332.0	0.0032
332.2	0.003281
332.4	0.003351
332.6	0.003165
332.8	0.003572
333.0	0.003444
333.2	0.003816
333.4	0.003747
333.6	0.003479
333.8	0.003246
334.0	0.003409
334.2	0.003735
334.4	0.003083
334.6	0.003014
334.8	0.00299
335.0	0.002723
335.2	0.002734
335.4	0.002839
335.6	0.002793
335.8	0.003048
336.0	0.00299
336.2	0.003107
336.4	0.002932
336.6	0.00263
336.8	0.003037
337.0	0.002967
337.2	0.002606
337.4	0.002304
337.6	0.002315
337.8	0.002432
338.0	0.002606
338.2	0.002641
338.4	0.002711
338.6	0.002886
338.8	0.002827
339.0	0.002758
339.2	0.00256
339.4	0.002734
339.6	0.002793
339.8	0.002781
340.0	0.002129
340.2	0.002595
340.4	0.002525
340.6	0.002816
340.8	0.002769
341.0	0.002618
341.2	0.002618
341.4	0.002618
341.6	0.002641
341.8	0.002478
342.0	0.002502
342.2	0.002583
342.4	0.002409
342.6	0.002071
342.8	0.002758
343.0	0.002688
343.2	0.003014
343.4	0.003107
343.6	0.003421
343.8	0.003246
344.0	0.003083
344.2	0.003188
344.4	0.003467
344.6	0.002874
344.8	0.002595
345.0	0.002665
345.2	0.002583
345.4	0.003037
345.6	0.003235
345.8	0.003246
346.0	0.003363
346.2	0.003537
346.4	0.002711
346.6	0.003223
346.8	0.002804
347.0	0.002897
347.2	0.002897
347.4	0.00249
347.6	0.002478
347.8	0.002711
348.0	0.002746
348.2	0.003316
348.4	0.003118
348.6	0.002944
348.8	0.002827
349.0	0.003037
349.2	0.002851
349.4	0.002758
349.6	0.002618
349.8	0.002804
350.0	0.003048
350.2	0.00299
350.4	0.002932
350.6	0.002851
350.8	0.0032
351.0	0.002967
351.2	0.003258
351.4	0.002955
351.6	0.002897
351.8	0.002979
352.0	0.00256
352.2	0.00256
352.4	0.002187
352.6	0.002583
352.8	0.002362
353.0	0.002571
353.2	0.002478
353.4	0.002816
353.6	0.002432
353.8	0.002711
354.0	0.002758
354.2	0.002944
354.4	0.003002
354.6	0.002827
354.8	0.002758
355.0	0.003025
355.2	0.002862
355.4	0.002769
355.6	0.003107
355.8	0.003304
356.0	0.003514
356.2	0.003304
356.4	0.003398
356.6	0.003398
356.8	0.003444
357.0	0.00306
357.2	0.002525
357.4	0.00178
357.6	0.001931
357.8	0.002478
358.0	0.002525
358.2	0.002769
358.4	0.002827
358.6	0.002641
358.8	0.0032
359.0	0.002955
359.2	0.00306
359.4	0.00313
359.6	0.003176
359.8	0.002897
360.0	0.00306
360.2	0.003083
360.4	0.003875
360.6	0.003142
360.8	0.003712
361.0	0.003991
361.2	0.003351
361.4	0.003153
361.6	0.002769
361.8	0.002897
362.0	0.003048
362.2	0.003072
362.4	0.002921
362.6	0.002723
362.8	0.002711
363.0	0.003142
363.2	0.003223
363.4	0.003444
363.6	0.003816
363.8	0.003723
364.0	0.003735
364.2	0.003688
364.4	0.004061
364.6	0.004212
364.8	0.003816
365.0	0.003514
365.2	0.003351
365.4	0.003176
365.6	0.003549
365.8	0.003712
366.0	0.003456
366.2	0.003642
366.4	0.003537
366.6	0.003537
366.8	0.00356
367.0	0.003712

&

