0.2	0.001215
0.4	0.004861
0.6	0.004861
0.8	0.000486
1.0	-0.002431
1.2	-0.001701
1.4	0.000729
1.6	0.003403
1.8	0.005104
2.0	0.015313
2.2	0.017744
2.4	0.016042
2.6	0.015556
2.8	0.019688
3.0	0.016528
3.2	0.017744
3.4	0.018473
3.6	0.005104
3.8	0.006563
4.0	0.000486
4.2	-0.002431
4.4	-0.00559
4.6	-0.004375
4.8	0.000972
5.0	0.002188
5.2	-0.004132
5.4	-0.006806
5.6	-0.009966
5.8	-0.013125
6.0	-0.005104
6.2	0.012882
6.4	0.012882
6.6	0.011181
6.8	-0.001458
7.0	-0.002917
7.2	0.000729
7.4	-0.000729
7.6	-0.00632
7.8	0.002674
8.0	0.00559
8.2	0.012396
8.4	0.022362
8.6	0.020174
8.8	0.014098
9.0	0.020174
9.2	0.010452
9.4	-0.000486
9.6	-0.002674
9.8	0.001458
10.0	0.002431
10.2	0.000972
10.4	-0.001458
10.6	-0.001701
10.8	-0.002431
11.0	0.007292
11.2	0.006077
11.4	0.017014
11.6	0.013612
11.8	0.013368
12.0	0.004618
12.2	0.001945
12.4	0.00316
12.6	0.006563
12.8	0.005104
13.0	0.010452
13.2	0.010695
13.4	0.002188
13.6	-0.000972
13.8	-0.00559
14.0	0.0
14.2	-0.002431
14.4	-0.007535
14.6	-0.006806
14.8	-0.006806
15.0	0.003403
15.2	-0.004618
15.4	0.000486
15.6	-0.000243
15.8	0.004861
16.0	-0.001701
16.2	0.00632
16.4	0.00875
16.6	0.002674
16.8	0.010209
17.0	0.022362
17.2	0.018473
17.4	0.016042
17.6	0.020417
17.8	0.020417
18.0	0.00316
18.2	0.001458
18.4	-0.00632
18.6	-0.00316
18.8	-0.002188
19.0	-0.001945
19.2	-0.009479
19.4	-0.00632
19.6	-0.001701
19.8	-0.000486
20.0	0.00632
20.2	0.004375
20.4	0.008507
20.6	0.007778
20.8	0.006563
21.0	0.010938
21.2	0.008993
21.4	0.018716
21.6	0.014098
21.8	0.020174
22.0	0.019688
22.2	0.004861
22.4	0.002188
22.6	0.001701
22.8	0.003646
23.0	0.009236
23.2	0.01191
23.4	0.001458
23.6	-0.010209
23.8	-0.004861
24.0	0.000729
24.2	0.004375
24.4	0.010209
24.6	0.016285
24.8	0.013125
25.0	0.00875
25.2	0.002674
25.4	0.014584
25.6	0.020417
25.8	0.021876
26.0	0.009966
26.2	0.007535
26.4	0.015799
26.6	0.007778
26.8	-0.01507
27.0	-0.013368
27.2	-0.008264
27.4	-0.014584
27.6	-0.014341
27.8	-0.005347
28.0	-0.00316
28.2	-0.004861
28.4	-0.015799
28.6	-0.000729
28.8	0.001945
29.0	0.004861
29.2	0.005347
29.4	0.000729
29.6	-0.014827
29.8	-0.016042
30.0	-0.00632
30.2	-0.016528
30.4	-0.011181
30.6	-0.019445
30.8	-0.005104
31.0	-0.004618
31.2	-0.005347
31.4	-0.002431
31.6	-0.000243
31.8	-0.009479
32.0	0.000243
32.2	-0.003646
32.4	-0.001945
32.6	-0.001215
32.8	0.003889
33.0	0.006077
33.2	0.001701
33.4	0.00316
33.6	0.006563
33.8	0.006563
34.0	0.011181
34.2	0.003403
34.4	0.006077
34.6	0.004132
34.8	-0.000729
35.0	-0.00559
35.2	-0.010695
35.4	-0.000972
35.6	-0.000972
35.8	-0.000243
36.0	0.0
36.2	-0.001215
36.4	-0.012396
36.6	-0.012153
36.8	-0.016285
37.0	-0.004132
37.2	-0.00632
37.4	-0.002674
37.6	-0.00875
37.8	0.0
38.0	0.009236
38.2	0.007049
38.4	0.002431
38.6	-0.003646
38.8	-0.00632
39.0	-0.009723
39.2	-0.004618
39.4	0.002431
39.6	-0.002674
39.8	0.00875
40.0	0.001458
40.2	-0.00316
40.4	0.005104
40.6	0.009723
40.8	-0.008264
41.0	-0.007535
41.2	-0.003403
41.4	0.002431
41.6	-0.000243
41.8	0.002674
42.0	0.005347
42.2	0.013368
42.4	0.011424
42.6	0.013368
42.8	-0.00316
43.0	0.000972
43.2	-0.00316
43.4	0.004618
43.6	0.000486
43.8	0.000243
44.0	0.001945
44.2	-0.003646
44.4	-0.013368
44.6	-0.015313
44.8	-0.020174
45.0	-0.01823
45.2	-0.015313
45.4	-0.003646
45.6	0.003646
45.8	-0.004861
46.0	-0.00559
46.2	0.001945
46.4	-0.003646
46.6	-0.009479
46.8	-0.008264
47.0	-0.011181
47.2	-0.013368
47.4	-0.01191
47.6	-0.009236
47.8	-0.005104
48.0	-0.003646
48.2	0.007535
48.4	0.007049
48.6	-0.00316
48.8	0.000486
49.0	-0.004861
49.2	-0.004618
49.4	-0.017744
49.6	-0.009479
49.8	-0.013368
50.0	-0.007049
50.2	0.00316
50.4	0.000729
50.6	0.01191
50.8	0.022362
51.0	0.013855
51.2	0.016771
51.4	0.010452
51.6	0.023091
51.8	0.022848
52.0	0.014584
52.2	0.016042
52.4	0.024792
52.6	0.008993
52.8	0.003646
53.0	-0.005104
53.2	-0.00875
53.4	-0.01191
53.6	-0.012639
53.8	-0.019202
54.0	-0.022119
54.2	-0.00875
54.4	-0.004132
54.6	-0.006806
54.8	-0.011181
55.0	0.000729
55.2	0.006563
55.4	-0.008507
55.6	0.000243
55.8	0.016771
56.0	-0.000243
56.2	0.009236
56.4	-0.000486
56.6	-0.021876
56.8	-0.025765
57.0	-0.023334
57.2	-0.014098
57.4	-0.01191
57.6	-0.004861
57.8	-0.014827
58.0	-0.016285
58.2	-0.027223
58.4	-0.026494
58.6	-0.017014
58.8	-0.007778
59.0	-0.005834
59.2	0.003889
59.4	0.002431
59.6	0.004375
59.8	0.004132
60.0	0.010452
60.2	0.001458
60.4	0.00316
60.6	0.002917
60.8	0.00316
61.0	0.000729
61.2	0.002917
61.4	-0.005834
61.6	0.003889
61.8	0.013855
62.0	-0.00559
62.2	-0.013612
62.4	-0.013612
62.6	-0.020903
62.8	-0.012639
63.0	-0.01191
63.2	-0.008021
63.4	-0.01191
63.6	-0.010452
63.8	-0.008021
64.0	0.000243
64.2	0.011181
64.4	0.019688
64.6	0.017014
64.8	0.018959
65.0	0.016042
65.2	0.016285
65.4	0.007292
65.6	0.011667
65.8	0.012153
66.0	0.022362
66.2	0.008507
66.4	0.00632
66.6	-0.01507
66.8	-0.014827
67.0	-0.017501
67.2	-0.014584
67.4	-0.01191
67.6	-0.009479
67.8	-0.008993
68.0	0.00316
68.2	-0.004375
68.4	-0.001701
68.6	0.007778
68.8	-0.006806
69.0	-0.010938
69.2	-0.017987
69.4	-0.012882
69.6	-0.009966
69.8	-0.007535
70.0	-0.007778
70.2	0.010938
70.4	0.006563
70.6	0.009236
70.8	0.004618
71.0	0.004375
71.2	-0.001215
71.4	-0.002917
71.6	-0.008993
71.8	-0.005834
72.0	-0.014827
72.2	-0.011424
72.4	-0.003403
72.6	-0.009723
72.8	0.000243
73.0	0.01191
73.2	0.008264
73.4	0.011424
73.6	0.000729
73.8	-0.000486
74.0	0.000972
74.2	0.000729
74.4	0.004132
74.6	0.009236
74.8	0.013125
75.0	-0.000729
75.2	0.008507
75.4	0.012639
75.6	0.012396
75.8	0.005104
76.0	0.010209
76.2	0.007049
76.4	0.008021
76.6	-0.003646
76.8	-0.000486
77.0	0.000486
77.2	-0.000243
77.4	0.006806
77.6	0.009966
77.8	-0.002188
78.0	-0.003646
78.2	-0.000486
78.4	-0.009479
78.6	-0.012153
78.8	-0.009966
79.0	-0.012639
79.2	-0.010938
79.4	-0.014584
79.6	-0.006077
79.8	0.002431
80.0	0.003403
80.2	0.001945
80.4	0.000243
80.6	0.004618
80.8	0.000243
81.0	-0.001458
81.2	-0.003889
81.4	0.003403
81.6	0.009236
81.8	0.007049
82.0	-0.022605
82.2	-0.015799
82.4	-0.014098
82.6	-0.022848
82.8	-0.026737
83.0	-0.025036
83.2	-0.024306
83.4	-0.017987
83.6	-0.016042
83.8	-0.019931
84.0	-0.029168
84.2	-0.040105
84.4	-0.0333
84.6	-0.022605
84.8	-0.008021
85.0	-0.008264
85.2	-0.008507
85.4	-0.007535
85.6	-0.003403
85.8	0.005347
86.0	-0.003646
86.2	-0.000729
86.4	-0.011667
86.6	-0.008264
86.8	-0.013855
87.0	-0.013612
87.2	-0.005347
87.4	0.002188
87.6	0.006077
87.8	-0.009966
88.0	-0.000972
88.2	-0.006806
88.4	-0.010209
88.6	-0.005834
88.8	-0.000486
89.0	-0.007292
89.2	-0.000729
89.4	-0.011181
89.6	-0.00559
89.8	0.00316
90.0	-0.002188
90.2	-0.00316
90.4	0.002674
90.6	0.014827
90.8	0.010695
91.0	-0.005347
91.2	0.008264
91.4	0.010209
91.6	0.009723
91.8	0.006077
92.0	0.011181
92.2	0.013368
92.4	0.007049
92.6	-0.004618
92.8	-0.003889
93.0	-0.008993
93.2	0.005104
93.4	0.00316
93.6	0.004618
93.8	0.005347
94.0	-0.002917
94.2	-0.00316
94.4	-0.013368
94.6	-0.009723
94.8	-0.01507
95.0	-0.012396
95.2	-0.003646
95.4	-0.002431
95.6	-0.000243
95.8	0.010452
96.0	0.002188
96.2	0.016528
96.4	0.017501
96.6	0.012396
96.8	-0.000729
97.0	0.002674
97.2	0.008993
97.4	0.012639
97.6	0.004861
97.8	0.001215
98.0	-0.007049
98.2	-0.00316
98.4	-0.001945
98.6	-0.00316
98.8	0.000486
99.0	0.019202
99.2	0.026494
99.4	0.02066
99.6	0.013612
99.8	0.012153
100.0	0.008507
100.2	0.005834
100.4	0.006563
100.6	0.002188
100.8	0.01191
101.0	0.009236
101.2	0.002431
101.4	-0.002917
101.6	0.001215
101.8	-0.001458
102.0	0.000729
102.2	-0.005834
102.4	-0.016042
102.6	0.003646
102.8	0.001701
103.0	0.00875
103.2	0.010209
103.4	0.006563
103.6	0.001701
103.8	-0.000243
104.0	0.00316
104.2	0.000972
104.4	0.0
104.6	-0.012882
104.8	-0.009236
105.0	-0.014827
105.2	-0.018716
105.4	-0.009236
105.6	0.011667
105.8	0.016285
106.0	0.006563
106.2	-0.004618
106.4	-0.001215
106.6	-0.005834
106.8	0.001945
107.0	0.012396
107.2	0.011424
107.4	0.010209
107.6	0.012396
107.8	0.003889
108.0	0.004861
108.2	0.008264
108.4	0.009479
108.6	0.009479
108.8	0.009479
109.0	0.009966
109.2	0.00875
109.4	0.01191
109.6	0.009236
109.8	0.003889
110.0	-0.001945
110.2	0.005347
110.4	0.018716
110.6	0.011667
110.8	0.010938
111.0	0.010209
111.2	-0.009479
111.4	-0.009966
111.6	0.002674
111.8	0.002917
112.0	-0.002917
112.2	-0.009479
112.4	-0.001945
112.6	-0.001458
112.8	0.000486
113.0	-0.02382
113.2	-0.02382
113.4	-0.017014
113.6	-0.021633
113.8	-0.009479
114.0	-0.010209
114.2	0.004618
114.4	0.011181
114.6	0.009479
114.8	0.008264
115.0	0.008264
115.2	0.004375
115.4	-0.018473
115.6	-0.026251
115.8	-0.024063
116.0	-0.022848
116.2	-0.013612
116.4	-0.004132
116.6	-0.008264
116.8	0.003646
117.0	0.000486
117.2	-0.012396
117.4	-0.016285
117.6	-0.012396
117.8	-0.003646
118.0	-0.009723
118.2	-0.00632
118.4	-0.003889
118.6	0.003403
118.8	0.007292
119.0	0.010452
119.2	-0.002188
119.4	0.004618
119.6	0.003889
119.8	-0.003403
120.0	-0.017014
120.2	-0.012639
120.4	-0.016042
120.6	-0.012396
120.8	-0.014827
121.0	-0.020174
121.2	-0.030869
121.4	-0.022848
121.6	-0.008021
121.8	-0.000729
122.0	-0.006077
122.2	-0.012882
122.4	-0.004132
122.6	-0.001458
122.8	-0.005834
123.0	-0.008021
123.2	-0.018473
123.4	-0.014827
123.6	-0.003889
123.8	0.00316
124.0	0.005347
124.2	0.006563
124.4	0.016285
124.6	0.016042
124.8	0.019931
125.0	0.01507
125.2	0.023091
125.4	0.005104
125.6	0.006563
125.8	-0.001945
126.0	-0.001215
126.2	0.005104
126.4	0.008021
126.6	-0.001215
126.8	-0.005347
127.0	-0.01191
127.2	-0.01507
127.4	-0.007049
127.6	-0.005104
127.8	-0.001215
128.0	0.00316
128.2	0.002431
128.4	0.001945
128.6	-0.003403
128.8	-0.009723
129.0	0.004375
129.2	0.007778
129.4	-0.000486
129.6	0.004375
129.8	0.005104
130.0	0.001215
130.2	-0.007292
130.4	-0.008021
130.6	-0.001458
130.8	0.001215
131.0	-0.000972
131.2	0.007292
131.4	0.00875
131.6	0.005347
131.8	0.01191
132.0	0.006077
132.2	-0.001701
132.4	0.0
132.6	-0.00632
132.8	-0.013855
133.0	-0.016771
133.2	-0.022605
133.4	-0.016528
133.6	-0.008264
133.8	-0.003889
134.0	-0.003889
134.2	0.006806
134.4	0.004618
134.6	-0.010695
134.8	0.000243
135.0	0.008264
135.2	0.022848
135.4	0.017014
135.6	0.001945
135.8	-0.00316
136.0	0.010452
136.2	0.012153
136.4	0.014098
136.6	0.012396
136.8	0.017014
137.0	-0.006806
137.2	-0.002674
137.4	-0.003403
137.6	0.013612
137.8	0.023334
138.0	0.009723
138.2	0.012396
138.4	0.010209
138.6	0.013612
138.8	0.002431
139.0	-0.002431
139.2	0.0
139.4	0.003403
139.6	-0.002188
139.8	-0.001215
140.0	-0.005834
140.2	-0.016042
140.4	-0.006563
140.6	-0.012882
140.8	-0.011181
141.0	-0.020903
141.2	-0.017501
141.4	-0.010452
141.6	0.000729
141.8	0.003403
142.0	0.012639
142.2	0.004132
142.4	-0.001215
142.6	-0.006806
142.8	-0.004132
143.0	-0.010209
143.2	-0.005347
143.4	-0.000729
143.6	-0.005834
143.8	-0.00316
144.0	-0.009479
144.2	-0.00875
144.4	-0.006077
144.6	-0.003646
144.8	0.009236
145.0	-0.001701
145.2	-0.004132
145.4	-0.015556
145.6	-0.003403
145.8	-0.004375
146.0	0.007535
146.2	0.00316
146.4	0.006077
146.6	0.00316
146.8	-0.007049
147.0	-0.016042
147.2	-0.008264
147.4	-0.005834
147.6	-0.00875
147.8	-0.002431
148.0	-0.003889
148.2	0.001215
148.4	-0.001458
148.6	0.001945
148.8	0.003403
149.0	0.002188
149.2	0.010209
149.4	-0.004132
149.6	-0.013855
149.8	-0.014827
150.0	-0.015313
150.2	-0.010938
150.4	-0.003646
150.6	0.013855
150.8	0.004861
151.0	-0.007292
151.2	-0.010938
151.4	-0.003646
151.6	-0.009723
151.8	-0.007778
152.0	-0.013855
152.2	-0.001215
152.4	0.00316
152.6	0.000972
152.8	-0.003889
153.0	0.000729
153.2	-0.01191
153.4	-0.013855
153.6	-0.003646
153.8	0.002188
154.0	0.009236
154.2	0.012639
154.4	0.011424
154.6	0.016771
154.8	0.013612
155.0	0.000243
155.2	-0.003889
155.4	0.008021
155.6	0.000486
155.8	0.00316
156.0	-0.012882
156.2	-0.009966
156.4	-0.009966
156.6	-0.000729
156.8	0.003403
157.0	0.009236
157.2	0.014827
157.4	0.020903
157.6	0.020174
157.8	0.021147
158.0	0.006806
158.2	-0.006563
158.4	-0.010695
158.6	-0.001945
158.8	-0.003646
159.0	-0.00559
159.2	-0.003403
159.4	0.013125
159.6	0.010938
159.8	0.004132
160.0	-0.002188
160.2	0.006806
160.4	0.014098
160.6	0.007049
160.8	0.009479
161.0	0.007049
161.2	0.012882
161.4	0.016285
161.6	0.015313
161.8	0.013855
162.0	0.016042
162.2	0.025036
162.4	0.025279
162.6	0.019931
162.8	0.009723
163.0	0.009236
163.2	0.001701
163.4	-0.008507
163.6	-0.014098
163.8	-0.007778
164.0	-0.014584
164.2	0.005104
164.4	0.004618
164.6	0.0
164.8	0.011667
165.0	0.013125
165.2	0.010452
165.4	0.002917
165.6	-0.006077
165.8	-0.009479
166.0	-0.00632
166.2	-0.00875
166.4	-0.004132
166.6	0.013125
166.8	0.012153
167.0	0.003646
167.2	0.005104
167.4	0.002431
167.6	0.009723
167.8	0.019688
168.0	0.025279
168.2	0.019931
168.4	0.019202
168.6	0.01191
168.8	0.012882
169.0	0.020174
169.2	0.017014
169.4	0.017744
169.6	0.007292
169.8	0.013855
170.0	0.00875
170.2	0.007535
170.4	0.010209
170.6	0.010209
170.8	0.007292
171.0	0.009723
171.2	0.005104
171.4	-0.010695
171.6	-0.001458
171.8	-0.010695
172.0	-0.015313
172.2	-0.024792
172.4	-0.018473
172.6	-0.008507
172.8	-0.003646
173.0	-0.004861
173.2	-0.012153
173.4	0.00632
173.6	0.004861
173.8	0.010695
174.0	0.018959
174.2	0.019445
174.4	0.023334
174.6	0.017987
174.8	0.014584
175.0	0.024306
175.2	0.014827
175.4	0.010695
175.6	0.007292
175.8	0.010695
176.0	0.01507
176.2	0.008507
176.4	0.014341
176.6	0.022362
176.8	0.016042
177.0	0.012882
177.2	0.008264
177.4	0.004861
177.6	0.002431
177.8	0.000972
178.0	0.012639
178.2	0.009236
178.4	0.006806
178.6	0.000972
178.8	0.005104
179.0	0.008264
179.2	0.006563
179.4	-0.000243
179.6	0.0
179.8	-0.005347
180.0	-0.00559
180.2	-0.000486
180.4	0.004375
180.6	0.002431
180.8	0.013125
181.0	0.025036
181.2	0.018959
181.4	0.012639
181.6	0.009236
181.8	0.001701
182.0	0.002917
182.2	0.007535
182.4	0.000486
182.6	-0.013612
182.8	-0.023334
183.0	-0.01507
183.2	-0.015556
183.4	-0.006563
183.6	-0.019202
183.8	-0.012639
184.0	-0.014827
184.2	-0.012882
184.4	-0.011181
184.6	-0.008021
184.8	0.005834
185.0	0.010695
185.2	0.002188
185.4	0.005347
185.6	0.00559
185.8	0.007292
186.0	-0.00875
186.2	-0.001458
186.4	-0.008264
186.6	-0.014584
186.8	-0.019202
187.0	-0.002188
187.2	-0.00316
187.4	0.00316
187.6	0.010938
187.8	0.010938
188.0	0.020174
188.2	0.01191
188.4	0.000972
188.6	-0.000243
188.8	0.007292
189.0	0.010209
189.2	-0.002431
189.4	0.002188
189.6	0.004132
189.8	0.004375
190.0	0.027466
190.2	0.016528
190.4	0.00632
190.6	0.012639
190.8	0.009723
191.0	0.013368
191.2	0.010452
191.4	0.016285
191.6	0.018716
191.8	0.012882
192.0	0.006806
192.2	0.014341
192.4	0.017987
192.6	0.013612
192.8	0.010209
193.0	-0.002188
193.2	-0.005834
193.4	-0.004861
193.6	0.002674
193.8	0.001701
194.0	0.003889
194.2	0.000243
194.4	0.005347
194.6	0.009479
194.8	0.017501
195.0	0.008507
195.2	0.008993
195.4	0.006806
195.6	0.002917
195.8	-0.002431
196.0	-0.003889
196.2	-0.004132
196.4	-0.010938
196.6	0.001701
196.8	-0.001215
197.0	-0.001701
197.2	-0.004861
197.4	-0.00559
197.6	-0.004132
197.8	0.007778
198.0	-0.006077
198.2	0.005104
198.4	0.000972
198.6	-0.000972
198.8	-0.005347
199.0	0.002674
199.2	0.002674
199.4	0.004132
199.6	0.014098
199.8	0.009966
200.0	0.00875
200.2	0.007535
200.4	0.013125
200.6	0.00316
200.8	0.007049
201.0	0.016528
201.2	0.008264
201.4	0.006077
201.6	0.016042
201.8	0.007292
202.0	-0.004375
202.2	-0.014341
202.4	-0.013855
202.6	-0.015799
202.8	-0.028681
203.0	-0.017987
203.2	-0.000972
203.4	-0.011181
203.6	-0.008507
203.8	-0.004618
204.0	-0.00559
204.2	0.001215
204.4	0.011424
204.6	0.009479
204.8	0.012639
205.0	0.013125
205.2	0.013125
205.4	0.010452
205.6	0.004861
205.8	0.000243
206.0	0.003889
206.2	0.002917
206.4	-0.002917
206.6	-0.00316
206.8	0.002431
207.0	0.000729
207.2	0.008021
207.4	-0.005834
207.6	-0.008993
207.8	0.008264
208.0	0.016528
208.2	0.013612
208.4	0.004132
208.6	0.006806
208.8	0.011181
209.0	0.007049
209.2	0.009723
209.4	0.000729
209.6	0.001215
209.8	0.01191
210.0	0.004618
210.2	0.002674
210.4	0.00316
210.6	-0.004618
210.8	-0.005834
211.0	-0.012396
211.2	-0.012153
211.4	-0.020903
211.6	-0.016771
211.8	-0.011424
212.0	-0.009723
212.2	-0.010695
212.4	-0.010452
212.6	-0.015313
212.8	-0.003403
213.0	-0.012153
213.2	-0.012639
213.4	-0.014584
213.6	-0.017987
213.8	-0.01191
214.0	-0.01191
214.2	-0.001215
214.4	-0.009723
214.6	-0.010938
214.8	-0.007535
215.0	0.002431
215.2	-0.008507
215.4	-0.015313
215.6	-0.018959
215.8	-0.01191
216.0	-0.000243
216.2	-0.006077
216.4	-0.009236
216.6	-0.00559
216.8	0.000972
217.0	-0.001458
217.2	-0.009723
217.4	-0.013125
217.6	-0.01507
217.8	-0.010209
218.0	-0.015556
218.2	-0.017501
218.4	-0.016528
218.6	-0.020417
218.8	-0.007778
219.0	0.004861
219.2	0.009723
219.4	0.001215
219.6	0.003646
219.8	0.000972
220.0	-0.010452
220.2	-0.006806
220.4	-0.007292
220.6	0.001215
220.8	0.004861
221.0	0.008021
221.2	0.004132
221.4	0.002431
221.6	0.001215
221.8	0.01191
222.0	0.0
222.2	-0.001215
222.4	0.002431
222.6	0.006806
222.8	-0.001458
223.0	-0.00632
223.2	-0.005347
223.4	-0.006806
223.6	-0.002917
223.8	0.003646
224.0	0.001215
224.2	-0.002674
224.4	-0.008507
224.6	-0.004132
224.8	-0.00316
225.0	0.000243
225.2	0.002188
225.4	-0.00559
225.6	-0.007535
225.8	-0.00632
226.0	-0.005104
226.2	-0.003646
226.4	0.001215
226.6	0.000243
226.8	-0.00632
227.0	-0.012153
227.2	0.000486
227.4	0.009236
227.6	0.001945
227.8	0.000729
228.0	-0.001215
228.2	-0.012639
228.4	-0.014827
228.6	-0.015313
228.8	-0.015313
229.0	-0.016042
229.2	0.005347
229.4	0.009723
229.6	-0.002674
229.8	-0.020417
230.0	-0.011181
230.2	-0.000486
230.4	-0.007292
230.6	0.006563
230.8	-0.008264
231.0	-0.017744
231.2	-0.019688
231.4	-0.018716
231.6	-0.007049
231.8	-0.012396
232.0	-0.010695
232.2	0.004375
232.4	0.00559
232.6	0.005104
232.8	0.012153
233.0	0.010209
233.2	0.008264
233.4	-0.002188
233.6	-0.001701
233.8	0.000486
234.0	0.006077
234.2	-0.003646
234.4	-0.003889
234.6	-0.004618
234.8	-0.007292
235.0	-0.008507
235.2	-0.003403
235.4	0.000486
235.6	0.002431
235.8	0.002674
236.0	0.002431
236.2	-0.014584
236.4	-0.013855
236.6	-0.017501
236.8	-0.023334
237.0	-0.019202
237.2	-0.013612
237.4	-0.005347
237.6	0.00316
237.8	0.001701
238.0	0.015799
238.2	0.009723
238.4	-0.009966
238.6	0.009479
238.8	0.00559
239.0	-0.000243
239.2	0.000243
239.4	0.004618
239.6	0.003646
239.8	0.007049
240.0	-0.004375
240.2	-0.01507
240.4	-0.014341
240.6	-0.013855
240.8	-0.009723
241.0	-0.010209
241.2	-0.004861
241.4	0.004375
241.6	0.004618
241.8	0.012639
242.0	-0.003403
242.2	-0.006806
242.4	-0.007535
242.6	-0.010209
242.8	-0.017257
243.0	-0.013855
243.2	-0.007292
243.4	0.004861
243.6	0.010209
243.8	0.022119
244.0	0.003646
244.2	0.000243
244.4	0.005834
244.6	0.012882
244.8	0.009966
245.0	0.012639
245.2	0.019445
245.4	0.017014
245.6	0.006077
245.8	0.001215
246.0	0.014341
246.2	0.010209
246.4	0.009479
246.6	0.014098
246.8	0.003889
247.0	0.007778
247.2	-0.001215
247.4	0.006806
247.6	0.015799
247.8	0.012639
248.0	0.021147
248.2	0.026737
248.4	0.025765
248.6	0.019445
248.8	0.026008
249.0	0.024306
249.2	0.014584
249.4	0.011181
249.6	0.015799
249.8	0.012396
250.0	0.009966
250.2	0.019688
250.4	0.009966
250.6	0.00875
250.8	0.012639
251.0	0.022605
251.2	0.022119
251.4	0.01823
251.6	0.02066
251.8	0.02382
252.0	0.020174
252.2	0.011424
252.4	0.015556
252.6	0.009966
252.8	0.012639
253.0	0.006806
253.2	0.002674
253.4	0.005347
253.6	0.018473
253.8	0.020903
254.0	0.017501
254.2	0.013612
254.4	0.003889
254.6	0.004132
254.8	0.008507
255.0	0.002188
255.2	0.002917
255.4	0.005104
255.6	-0.001458
255.8	-0.026251
256.0	-0.019202
256.2	-0.019445
256.4	0.002188
256.6	0.001945
256.8	0.005347
257.0	0.001215
257.2	0.009236
257.4	0.007049
257.6	0.011181
257.8	0.009479
258.0	0.009723
258.2	0.009723
258.4	-0.008264
258.6	-0.004618
258.8	-0.008993
259.0	-0.002188
259.2	-0.001458
259.4	0.011181
259.6	0.01507
259.8	0.011424
260.0	0.005834
260.2	-0.001458
260.4	-0.006563
260.6	-0.000972
260.8	0.002674
261.0	-0.001458
261.2	-0.005104
261.4	-0.009723
261.6	-0.003403
261.8	-0.000243
262.0	0.013855
262.2	0.004375
262.4	0.003403
262.6	0.010452
262.8	0.010695
263.0	0.002674
263.2	0.010209
263.4	0.01191
263.6	0.007535
263.8	0.007778
264.0	0.00632
264.2	0.000972
264.4	-0.00316
264.6	-0.001458
264.8	-0.002188
265.0	0.004375
265.2	0.008021
265.4	0.012153
265.6	0.009236
265.8	0.003403
266.0	0.011424
266.2	0.00316
266.4	-0.004618
266.6	-0.008021
266.8	0.010452
267.0	0.002188
267.2	0.008993
267.4	0.006563
267.6	0.001458
267.8	-0.012882
268.0	-0.004618
268.2	-0.010452
268.4	-0.007292
268.6	-0.004618
268.8	-0.002917
269.0	0.007535
269.2	0.010938
269.4	0.003403
269.6	0.007049
269.8	0.008993
270.0	0.012396
270.2	0.009723
270.4	0.005834
270.6	-0.008507
270.8	-0.00632
271.0	-0.010695
271.2	-0.006563
271.4	0.002917
271.6	0.001701
271.8	-0.001215
272.0	-0.003403
272.2	-0.008507
272.4	-0.014098
272.6	-0.004861
272.8	-0.002431
273.0	-0.000486
273.2	-0.00559
273.4	-0.001215
273.6	0.009966
273.8	0.012639
274.0	0.012153
274.2	0.008021
274.4	0.011667
274.6	0.017257
274.8	0.020903
275.0	0.017501
275.2	0.007535
275.4	0.00632
275.6	-0.005104
275.8	-0.004375
276.0	-0.007049
276.2	-0.00559
276.4	-0.002674
276.6	-0.00559
276.8	-0.00875
277.0	-0.013612
277.2	-0.010938
277.4	0.007535
277.6	-0.00316
277.8	-0.004618
278.0	-0.009723
278.2	-0.007535
278.4	0.007292
278.6	0.012882
278.8	0.012882
279.0	0.007778
279.2	0.01823
279.4	0.009723
279.6	0.011667
279.8	0.004132
280.0	-0.001458
280.2	-0.001458
280.4	0.005347
280.6	0.007049
280.8	0.005104
281.0	0.003646
281.2	0.007292
281.4	0.009723
281.6	0.014827
281.8	0.017744
282.0	0.013368
282.2	-0.000243
282.4	0.002917
282.6	-0.006077
282.8	-0.000243
283.0	-0.003646
283.2	0.015799
283.4	0.014827
283.6	0.021147
283.8	0.019445
284.0	0.019688
284.2	0.01507
284.4	0.014827
284.6	0.000972
284.8	-0.000243
285.0	-0.001945
285.2	-0.000243
285.4	0.000243
285.6	0.003646
285.8	0.008264
286.0	0.005834
286.2	0.012153
286.4	0.012153
286.6	0.016528
286.8	0.011667
287.0	0.013855
287.2	0.008507
287.4	0.005347
287.6	0.007535
287.8	-0.004375
288.0	-0.001701
288.2	-0.000486
288.4	-0.000243
288.6	0.00632
288.8	0.001945
289.0	-0.005834
289.2	-0.009723
289.4	-0.001701
289.6	0.008507
289.8	0.004375
290.0	0.002188
290.2	0.007778
290.4	0.0
290.6	0.010209
290.8	-0.001701
291.0	-0.013612
291.2	-0.016042
291.4	-0.013125
291.6	-0.016528
291.8	-0.007292
292.0	-0.017987
292.2	-0.015556
292.4	0.001215
292.6	0.000729
292.8	0.006563
293.0	0.00559
293.2	-0.00559
293.4	0.000972
293.6	-0.006563
293.8	-0.000486
294.0	0.000243
294.2	-0.002188
294.4	0.000486
294.6	-0.002917
294.8	-0.005347
295.0	-0.014098
295.2	-0.018959
295.4	-0.011424
295.6	-0.013368
295.8	-0.015313
296.0	-0.012639
296.2	-0.012639
296.4	-0.005104
296.6	0.004132
296.8	0.008507
297.0	0.00316
297.2	0.004618
297.4	0.008021
297.6	0.004861
297.8	0.009236
298.0	-0.003403
298.2	-0.008993
298.4	0.006563
298.6	0.014827
298.8	0.012639
299.0	0.007535
299.2	0.007535
299.4	0.009966
299.6	0.012882
299.8	0.012396
300.0	0.006077
300.2	0.004861
300.4	0.00316
300.6	0.000243
300.8	0.002188
301.0	0.00559
301.2	0.002674
301.4	0.004861
301.6	0.017744
301.8	0.010695
302.0	0.005347
302.2	-0.000486
302.4	-0.008264
302.6	-0.012396
302.8	-0.002917
303.0	0.00316
303.2	-0.003646
303.4	-0.00632
303.6	-0.012882
303.8	-0.019445
304.0	-0.005834
304.2	-0.004375
304.4	-0.006077
304.6	-0.021147
304.8	-0.013612
305.0	-0.023577
305.2	-0.002917
305.4	-0.004132
305.6	-0.014098
305.8	-0.008993
306.0	-0.013612
306.2	-0.016771
306.4	-0.004132
306.6	0.004618
306.8	-0.005834
307.0	0.003403
307.2	-0.003646
307.4	-0.005104
307.6	-0.005347
307.8	-0.008021
308.0	-0.008021

&

0.2	-0.002674
0.4	-0.001945
0.6	-0.001945
0.8	0.002674
1.0	0.002188
1.2	0.001945
1.4	-0.003646
1.6	0.005104
1.8	0.000972
2.0	-0.000243
2.2	0.007049
2.4	0.010695
2.6	0.009723
2.8	0.009723
3.0	0.009479
3.2	0.014098
3.4	0.007292
3.6	0.010209
3.8	0.010209
4.0	0.00875
4.2	0.008264
4.4	0.005104
4.6	-0.003403
4.8	-0.004618
5.0	0.0
5.2	0.012639
5.4	0.007535
5.6	0.007778
5.8	0.010938
6.0	0.010452
6.2	0.013125
6.4	0.013612
6.6	0.010209
6.8	0.011181
7.0	0.013612
7.2	0.008021
7.4	0.012153
7.6	0.006806
7.8	-0.001215
8.0	-0.004375
8.2	-0.001945
8.4	-0.005104
8.6	-0.01191
8.8	-0.00632
9.0	-0.003403
9.2	0.009236
9.4	-0.00316
9.6	0.000729
9.8	0.008264
10.0	0.0
10.2	-0.012639
10.4	-0.009479
10.6	-0.00875
10.8	-0.000972
11.0	-0.002917
11.2	0.00316
11.4	-0.005834
11.6	-0.003403
11.8	-0.009966
12.0	-0.012153
12.2	-0.011667
12.4	-0.014098
12.6	-0.000972
12.8	0.003646
13.0	0.0
13.2	-0.004375
13.4	-0.004132
13.6	0.001701
13.8	0.00632
14.0	0.002674
14.2	-0.007292
14.4	-0.008264
14.6	-0.017501
14.8	-0.021876
15.0	-0.017257
15.2	-0.016528
15.4	-0.009479
15.6	-0.009236
15.8	-0.004375
16.0	-0.000972
16.2	0.002188
16.4	-0.003403
16.6	0.00632
16.8	-0.000972
17.0	0.002917
17.2	0.004861
17.4	-0.001215
17.6	-0.00316
17.8	-0.006077
18.0	0.004618
18.2	0.001701
18.4	-0.002917
18.6	0.00316
18.8	0.001701
19.0	-0.004618
19.2	0.004132
19.4	-0.000243
19.6	-0.008264
19.8	0.000972
20.0	-0.005347
20.2	-0.007049
20.4	0.000243
20.6	-0.004618
20.8	-0.010695
21.0	-0.00875
21.2	-0.008507
21.4	-0.005104
21.6	-0.002917
21.8	-0.006806
22.0	-0.002674
22.2	-0.017744
22.4	-0.025765
22.6	-0.025279
22.8	-0.015313
23.0	-0.005104
23.2	-0.004132
23.4	0.004618
23.6	0.006563
23.8	0.00875
24.0	0.0
24.2	-0.002431
24.4	0.000729
24.6	0.001701
24.8	0.007535
25.0	0.001215
25.2	-0.00316
25.4	-0.010938
25.6	-0.019688
25.8	-0.01507
26.0	-0.007049
26.2	-0.013612
26.4	-0.007049
26.6	-0.010695
26.8	-0.015799
27.0	-0.011667
27.2	-0.007292
27.4	0.003403
27.6	0.000243
27.8	-0.005104
28.0	0.012882
28.2	0.01507
28.4	0.012882
28.6	-0.008507
28.8	-0.011424
29.0	-0.015556
29.2	-0.002188
29.4	0.002188
29.6	0.007778
29.8	0.003403
30.0	0.00316
30.2	-0.000729
30.4	-0.010452
30.6	-0.00632
30.8	0.00316
31.0	-0.004618
31.2	-0.004861
31.4	-0.00632
31.6	-0.006806
31.8	-0.001215
32.0	-0.007778
32.2	-0.008507
32.4	-0.002674
32.6	0.002188
32.8	-0.002674
33.0	0.002917
33.2	0.001215
33.4	0.013612
33.6	0.013125
33.8	0.018473
34.0	0.025036
34.2	0.021147
34.4	0.022119
34.6	0.017014
34.8	0.011667
35.0	0.001945
35.2	-0.000729
35.4	0.003646
35.6	0.008021
35.8	0.00316
36.0	0.006806
36.2	0.006563
36.4	-0.003889
36.6	-0.001215
36.8	0.001701
37.0	0.008507
37.2	-0.007049
37.4	-0.00632
37.6	-0.014098
37.8	-0.013855
38.0	0.000486
38.2	-0.003403
38.4	0.004375
38.6	-0.00559
38.8	-0.005104
39.0	-0.008993
39.2	-0.00875
39.4	-0.002188
39.6	-0.000972
39.8	-0.00632
40.0	-0.001701
40.2	-0.002917
40.4	-0.00875
40.6	-0.001701
40.8	-0.003889
41.0	-0.00559
41.2	0.016042
41.4	0.017987
41.6	0.01507
41.8	0.020174
42.0	0.022362
42.2	0.017744
42.4	0.012396
42.6	0.017014
42.8	0.009236
43.0	0.015313
43.2	0.009966
43.4	0.010452
43.6	0.001701
43.8	0.001701
44.0	0.001945
44.2	0.002188
44.4	0.007535
44.6	0.005104
44.8	0.014341
45.0	0.00316
45.2	-0.014098
45.4	0.001701
45.6	-0.001458
45.8	-0.012396
46.0	0.001945
46.2	-0.000729
46.4	-0.002674
46.6	-0.010452
46.8	-0.009479
47.0	-0.007049
47.2	-0.007535
47.4	-0.006563
47.6	-0.007778
47.8	-0.005347
48.0	0.013368
48.2	0.0
48.4	0.000243
48.6	0.007049
48.8	0.011181
49.0	-0.000972
49.2	0.003403
49.4	-0.007778
49.6	-0.017257
49.8	-0.009723
50.0	-0.005347
50.2	0.000972
50.4	0.0
50.6	0.000729
50.8	0.004132
51.0	-0.003646
51.2	0.002188
51.4	0.015313
51.6	0.017501
51.8	0.002431
52.0	0.004375
52.2	0.017744
52.4	0.006077
52.6	0.007778
52.8	0.01507
53.0	0.021633
53.2	0.019931
53.4	0.033543
53.6	0.027223
53.8	0.022362
54.0	0.022605
54.2	0.025036
54.4	0.03014
54.6	0.028925
54.8	0.014341
55.0	0.01507
55.2	0.015556
55.4	-0.002917
55.6	0.017987
55.8	0.00875
56.0	-0.013855
56.2	-0.016771
56.4	-0.00559
56.6	0.005347
56.8	0.006563
57.0	0.00559
57.2	0.00632
57.4	0.008993
57.6	0.006077
57.8	0.013612
58.0	0.010452
58.2	0.010209
58.4	0.002917
58.6	-0.006077
58.8	-0.002431
59.0	-0.001215
59.2	-0.006077
59.4	-0.018473
59.6	-0.020903
59.8	-0.015313
60.0	0.004132
60.2	0.00632
60.4	0.004132
60.6	0.006563
60.8	-0.003889
61.0	0.002431
61.2	0.000486
61.4	0.006077
61.6	0.014584
61.8	0.021633
62.0	0.016285
62.2	0.00559
62.4	0.00316
62.6	-0.008507
62.8	-0.00316
63.0	-0.010209
63.2	-0.002917
63.4	-0.00316
63.6	0.004132
63.8	0.008021
64.0	0.008264
64.2	0.007049
64.4	0.010452
64.6	0.010695
64.8	-0.001458
65.0	-0.010452
65.2	-0.018959
65.4	-0.011667
65.6	-0.014584
65.8	-0.016042
66.0	-0.017014
66.2	-0.02139
66.4	-0.016285
66.6	-0.014584
66.8	-0.010695
67.0	-0.009236
67.2	-0.003646
67.4	-0.008507
67.6	-0.001215
67.8	-0.000243
68.0	-0.003403
68.2	-0.000486
68.4	-0.00316
68.6	-0.000972
68.8	0.003646
69.0	-0.003403
69.2	0.001458
69.4	-0.00559
69.6	-0.001215
69.8	0.002917
70.0	-0.003889
70.2	0.002188
70.4	-0.005104
70.6	-0.010209
70.8	-0.008993
71.0	0.009236
71.2	-0.000486
71.4	0.005347
71.6	-0.005347
71.8	-0.012396
72.0	-0.017257
72.2	-0.00875
72.4	-0.00632
72.6	-0.024306
72.8	-0.025279
73.0	-0.029411
73.2	-0.019688
73.4	0.001701
73.6	0.009479
73.8	0.002917
74.0	-0.007778
74.2	-0.012153
74.4	-0.001215
74.6	0.007778
74.8	-0.002188
75.0	-0.008507
75.2	-0.015799
75.4	-0.025522
75.6	-0.010938
75.8	-0.00632
76.0	0.000972
76.2	-0.00875
76.4	-0.007049
76.6	0.017744
76.8	0.013612
77.0	0.010452
77.2	0.00875
77.4	0.010695
77.6	-0.000729
77.8	0.004132
78.0	0.0
78.2	0.011667
78.4	-0.005104
78.6	-0.00316
78.8	-0.001215
79.0	-0.002431
79.2	-0.002431
79.4	-0.000486
79.6	0.002674
79.8	0.004861
80.0	0.002674
80.2	0.014098
80.4	0.022848
80.6	0.02382
80.8	0.012639
81.0	-0.001945
81.2	-0.000243
81.4	-0.009966
81.6	-0.020903
81.8	-0.00875
82.0	-0.00559
82.2	0.000243
82.4	-0.001945
82.6	-0.010452
82.8	-0.014827
83.0	-0.009479
83.2	-0.011181
83.4	-0.008507
83.6	-0.011667
83.8	-0.000972
84.0	0.004132
84.2	-0.000486
84.4	-0.007292
84.6	-0.00559
84.8	0.0
85.0	0.009723
85.2	0.000243
85.4	-0.005104
85.6	-0.009236
85.8	-0.00316
86.0	-0.017014
86.2	-0.00632
86.4	-0.020174
86.6	-0.014827
86.8	-0.022362
87.0	-0.022848
87.2	-0.022362
87.4	-0.014341
87.6	-0.01191
87.8	-0.017744
88.0	-0.016528
88.2	0.000972
88.4	0.00316
88.6	0.001945
88.8	0.0
89.0	0.005104
89.2	-0.000486
89.4	0.000972
89.6	-0.002188
89.8	-0.006563
90.0	-0.006563
90.2	0.002431
90.4	-0.001701
90.6	0.002188
90.8	0.004618
91.0	0.00875
91.2	0.001945
91.4	-0.017987
91.6	-0.016285
91.8	-0.024063
92.0	-0.016285
92.2	-0.014584
92.4	-0.018959
92.6	-0.015799
92.8	-0.014341
93.0	-0.005347
93.2	-0.006806
93.4	0.002431
93.6	0.001215
93.8	0.001701
94.0	-0.016285
94.2	-0.010452
94.4	-0.009966
94.6	-0.002674
94.8	-0.005347
95.0	-0.018473
95.2	-0.025765
95.4	-0.022362
95.6	-0.018473
95.8	-0.017987
96.0	-0.009479
96.2	-0.00559
96.4	0.003403
96.6	0.000972
96.8	0.004132
97.0	0.001458
97.2	0.001458
97.4	0.000729
97.6	-0.004132
97.8	0.004375
98.0	0.00559
98.2	-0.001701
98.4	-0.006806
98.6	-0.00559
98.8	-0.004375
99.0	-0.002188
99.2	-0.00875
99.4	0.001215
99.6	-0.004375
99.8	-0.013612
100.0	-0.017014
100.2	-0.017987
100.4	-0.022119
100.6	-0.017501
100.8	-0.014098
101.0	-0.00875
101.2	-0.016771
101.4	-0.008021
101.6	-0.010452
101.8	-0.001701
102.0	0.009236
102.2	0.013612
102.4	0.005834
102.6	0.005834
102.8	0.004861
103.0	0.000486
103.2	-0.002674
103.4	-0.00316
103.6	-0.002431
103.8	-0.003646
104.0	-0.000729
104.2	0.00316
104.4	0.007535
104.6	0.009236
104.8	0.008021
105.0	0.014827
105.2	0.010209
105.4	-0.008264
105.6	0.004618
105.8	0.000972
106.0	-0.005834
106.2	-0.010452
106.4	-0.007292
106.6	-0.002431
106.8	0.003889
107.0	0.000972
107.2	0.013855
107.4	0.008993
107.6	0.003403
107.8	0.011667
108.0	0.005104
108.2	-0.000972
108.4	-0.009236
108.6	-0.004861
108.8	0.002431
109.0	0.002431
109.2	-0.007292
109.4	-0.007292
109.6	-0.016042
109.8	-0.014098
110.0	-0.006806
110.2	-0.00875
110.4	-0.004132
110.6	-0.003403
110.8	0.004861
111.0	-0.004861
111.2	0.004132
111.4	0.007535
111.6	0.015313
111.8	0.017501
112.0	0.011667
112.2	0.004132
112.4	0.010695
112.6	0.004132
112.8	0.008264
113.0	0.013612
113.2	-0.001458
113.4	0.00559
113.6	0.006563
113.8	0.006563
114.0	-0.002188
114.2	-0.008264
114.4	-0.022362
114.6	-0.006563
114.8	-0.000729
115.0	-0.004861
115.2	0.004861
115.4	0.00875
115.6	0.007049
115.8	0.017744
116.0	0.00875
116.2	0.004861
116.4	-0.007535
116.6	-0.003646
116.8	-0.000972
117.0	-0.015313
117.2	-0.017014
117.4	-0.010452
117.6	-0.00559
117.8	-0.009723
118.0	-0.010695
118.2	-0.00632
118.4	-0.005834
118.6	-0.002674
118.8	0.001458
119.0	0.011181
119.2	0.00559
119.4	0.002917
119.6	-0.000972
119.8	-0.001701
120.0	-0.003646
120.2	-0.004861
120.4	0.008993
120.6	0.002917
120.8	0.00316
121.0	0.000972
121.2	0.005834
121.4	0.00559
121.6	0.004132
121.8	0.004618
122.0	0.008264
122.2	0.012396
122.4	0.012639
122.6	0.018473
122.8	0.019931
123.0	0.003403
123.2	-0.007778
123.4	-0.010695
123.6	-0.010695
123.8	-0.005104
124.0	-0.007292
124.2	-0.006806
124.4	-0.007778
124.6	-0.010209
124.8	-0.007778
125.0	0.0
125.2	-0.00316
125.4	-0.004618
125.6	-0.019931
125.8	-0.005834
126.0	-0.003646
126.2	-0.007049
126.4	-0.000729
126.6	-0.000243
126.8	-0.001945
127.0	0.002188
127.2	0.009723
127.4	0.021633
127.6	0.004132
127.8	-0.000243
128.0	-0.00559
128.2	-0.002674
128.4	-0.010938
128.6	-0.009236
128.8	-0.011181
129.0	-0.007535
129.2	-0.001215
129.4	0.004861
129.6	0.000486
129.8	0.012396
130.0	0.015313
130.2	0.005104
130.4	-0.005347
130.6	-0.007049
130.8	0.00875
131.0	-0.00316
131.2	-0.001701
131.4	-0.007778
131.6	0.0
131.8	0.00875
132.0	-0.000243
132.2	0.007535
132.4	0.007292
132.6	0.007292
132.8	-0.001701
133.0	0.011667
133.2	0.001215
133.4	0.006563
133.6	0.010452
133.8	0.008264
134.0	-0.000729
134.2	0.003889
134.4	0.005104
134.6	0.009236
134.8	0.009479
135.0	0.017501
135.2	0.016042
135.4	0.012153
135.6	0.0
135.8	-0.002431
136.0	-0.002431
136.2	-0.004861
136.4	-0.003889
136.6	-0.016285
136.8	-0.017014
137.0	-0.020174
137.2	-0.012882
137.4	-0.001458
137.6	-0.016528
137.8	-0.009236
138.0	-0.008507
138.2	-0.01507
138.4	-0.002188
138.6	-0.010209
138.8	-0.004132
139.0	-0.014098
139.2	-0.008264
139.4	-0.004375
139.6	-0.006077
139.8	-0.012153
140.0	-0.011667
140.2	0.006806
140.4	-0.002674
140.6	0.000972
140.8	0.002431
141.0	0.0
141.2	-0.001458
141.4	0.002917
141.6	-0.013855
141.8	-0.010695
142.0	0.002188
142.2	-0.012882
142.4	-0.002917
142.6	-0.001701
142.8	-0.014584
143.0	-0.000243
143.2	0.008507
143.4	0.012639
143.6	0.008264
143.8	0.011181
144.0	0.009966
144.2	0.003646
144.4	-0.001945
144.6	0.003889
144.8	0.006806
145.0	0.008021
145.2	0.006077
145.4	0.005834
145.6	-0.000486
145.8	-0.008993
146.0	0.007049
146.2	-0.006563
146.4	-0.009966
146.6	-0.006806
146.8	0.008507
147.0	0.017257
147.2	0.000729
147.4	0.007535
147.6	0.000486
147.8	0.001945
148.0	-0.010938
148.2	-0.014827
148.4	-0.005347
148.6	0.00559
148.8	0.00316
149.0	0.001215
149.2	0.004132
149.4	0.001215
149.6	-0.003889
149.8	0.000486
150.0	0.001701
150.2	0.004861
150.4	0.004861
150.6	0.008993
150.8	-0.004618
151.0	-0.000486
151.2	-0.003646
151.4	-0.002674
151.6	-0.006077
151.8	-0.004132
152.0	0.001701
152.2	0.000243
152.4	-0.004132
152.6	-0.00875
152.8	-0.001458
153.0	-0.000729
153.2	-0.002431
153.4	-0.004132
153.6	-0.004375
153.8	-0.015556
154.0	-0.011424
154.2	-0.009236
154.4	-0.007292
154.6	-0.009479
154.8	-0.017987
155.0	-0.008993
155.2	-0.003889
155.4	0.000243
155.6	-0.007778
155.8	-0.017987
156.0	-0.015313
156.2	-0.022119
156.4	-0.017987
156.6	-0.014584
156.8	-0.014341
157.0	-0.02382
157.2	-0.01507
157.4	-0.011667
157.6	-0.008264
157.8	-0.002188
158.0	-0.003889
158.2	-0.002188
158.4	-0.006077
158.6	-0.000243
158.8	-0.001458
159.0	-0.010452
159.2	-0.016528
159.4	-0.012639
159.6	-0.001701
159.8	-0.014341
160.0	-0.001458
160.2	-0.001458
160.4	0.000486
160.6	-0.00632
160.8	-0.006563
161.0	-0.002917
161.2	-0.012639
161.4	-0.009723
161.6	-0.022848
161.8	-0.021876
162.0	-0.007535
162.2	-0.007535
162.4	-0.004132
162.6	-0.010209
162.8	-0.003889
163.0	0.0
163.2	-0.006563
163.4	0.002674
163.6	-0.00632
163.8	-0.014098
164.0	-0.012882
164.2	-0.000729
164.4	0.001215
164.6	0.0
164.8	-0.004618
165.0	-0.017014
165.2	-0.022605
165.4	-0.013125
165.6	-0.016285
165.8	-0.009236
166.0	-0.012639
166.2	-0.00875
166.4	-0.014584
166.6	-0.019688
166.8	-0.016042
167.0	-0.02382
167.2	-0.026008
167.4	-0.025522
167.6	-0.019445
167.8	-0.011181
168.0	-0.023577
168.2	-0.00875
168.4	-0.012639
168.6	-0.009236
168.8	-0.005834
169.0	-0.010938
169.2	0.000243
169.4	0.002917
169.6	-0.001458
169.8	-0.001701
170.0	-0.00316
170.2	-0.006806
170.4	-0.007778
170.6	-0.007292
170.8	-0.002674
171.0	-0.007049
171.2	-0.008507
171.4	-0.003889
171.6	-0.000972
171.8	-0.001701
172.0	-0.003889
172.2	-0.007535
172.4	0.000486
172.6	0.00316
172.8	0.002674
173.0	0.008021
173.2	0.000729
173.4	0.002917
173.6	0.004618
173.8	0.005104
174.0	0.00632
174.2	0.006806
174.4	0.002188
174.6	-0.009479
174.8	-0.007778
175.0	0.001945
175.2	0.002431
175.4	-0.001215
175.6	0.007292
175.8	-0.002188
176.0	0.004375
176.2	-0.00632
176.4	0.009723
176.6	0.011181
176.8	0.016042
177.0	0.022605
177.2	0.023334
177.4	0.013612
177.6	0.00875
177.8	-0.009479
178.0	-0.005347
178.2	0.0
178.4	0.002431
178.6	-0.005347
178.8	-0.001215
179.0	-0.000243
179.2	0.001458
179.4	-0.006563
179.6	-0.013368
179.8	0.0
180.0	0.00632
180.2	-0.000243
180.4	0.012882
180.6	0.008993
180.8	-0.006077
181.0	0.007778
181.2	0.013612
181.4	0.009236
181.6	-0.001215
181.8	-0.002917
182.0	-0.012396
182.2	-0.003889
182.4	-0.007049
182.6	0.009723
182.8	0.004861
183.0	-0.000729
183.2	0.012639
183.4	0.026251
183.6	0.025279
183.8	0.021147
184.0	0.016528
184.2	0.016771
184.4	0.010452
184.6	0.017014
184.8	0.02382
185.0	0.029654
185.2	0.026251
185.4	0.003889
185.6	0.007049
185.8	0.000729
186.0	-0.004375
186.2	-0.003646
186.4	0.002188
186.6	0.008993
186.8	-0.001215
187.0	0.001215
187.2	0.004861
187.4	0.013612
187.6	0.013125
187.8	-0.000972
188.0	-0.003646
188.2	0.003403
188.4	0.008993
188.6	-0.002188
188.8	0.007778
189.0	0.007292
189.2	0.006077
189.4	-0.000972
189.6	-0.000486
189.8	-0.000243
190.0	-0.001945
190.2	-0.007292
190.4	-0.00875
190.6	-0.006077
190.8	-0.011424
191.0	-0.010695
191.2	-0.008993
191.4	-0.012882
191.6	-0.019202
191.8	-0.026251
192.0	-0.033543
192.2	-0.016042
192.4	-0.013368
192.6	-0.025279
192.8	-0.028681
193.0	-0.018959
193.2	-0.014098
193.4	-0.020174
193.6	-0.017744
193.8	-0.010209
194.0	-0.001458
194.2	0.004132
194.4	0.003646
194.6	0.01191
194.8	-0.008264
195.0	-0.008021
195.2	0.002188
195.4	0.005834
195.6	0.003646
195.8	0.00632
196.0	0.004132
196.2	0.005834
196.4	-0.000486
196.6	0.003403
196.8	0.005834
197.0	0.007049
197.2	0.007049
197.4	0.003646
197.6	0.009966
197.8	-0.01507
198.0	-0.012396
198.2	0.021147
198.4	0.029411
198.6	0.031112
198.8	0.017501
199.0	0.012882
199.2	0.014827
199.4	0.010209
199.6	0.009236
199.8	0.00632
200.0	0.02382
200.2	0.023334
200.4	0.02139
200.6	0.012396
200.8	-0.005834
201.0	-0.001701
201.2	0.002431
201.4	0.001945
201.6	-0.016285
201.8	-0.015799
202.0	-0.004132
202.2	-0.010209
202.4	-0.005104
202.6	0.001215
202.8	0.003646
203.0	-0.005347
203.2	0.001215
203.4	0.000729
203.6	0.007292
203.8	0.010695
204.0	0.005834
204.2	0.00632
204.4	-0.009723
204.6	-0.001458
204.8	0.009236
205.0	0.004132
205.2	-0.001945
205.4	-0.003403
205.6	-0.012153
205.8	-0.025279
206.0	-0.016042
206.2	-0.002917
206.4	-0.010695
206.6	-0.011181
206.8	-0.008993
207.0	-0.000486
207.2	-0.005834
207.4	0.002674
207.6	0.010938
207.8	0.005347
208.0	0.010695
208.2	0.009479
208.4	0.016285
208.6	0.003646
208.8	-0.002431
209.0	-0.005834
209.2	-0.009479
209.4	-0.014341
209.6	-0.008507
209.8	-0.002917
210.0	-0.011181
210.2	-0.00559
210.4	-0.006077
210.6	0.003889
210.8	-0.001701
211.0	0.001945
211.2	-0.001458
211.4	0.000486
211.6	0.00316
211.8	0.000243
212.0	-0.002674
212.2	-0.004618
212.4	-0.00559
212.6	-0.005834
212.8	0.004132
213.0	0.000486
213.2	-0.002431
213.4	0.000243
213.6	0.001701
213.8	-0.000972
214.0	-0.006806
214.2	-0.000729
214.4	0.001215
214.6	-0.002917
214.8	-0.011667
215.0	-0.001215
215.2	-0.004375
215.4	-0.007049
215.6	-0.002431
215.8	-0.011181
216.0	-0.007535
216.2	-0.006077
216.4	-0.000729
216.6	-0.001701
216.8	-0.00559
217.0	-0.009479
217.2	0.001701
217.4	0.000972
217.6	-0.003403
217.8	-0.004861
218.0	-0.003403
218.2	-0.005104
218.4	0.007535
218.6	0.013612
218.8	0.009236
219.0	0.006077
219.2	0.006077
219.4	0.006077
219.6	0.000486
219.8	0.004618
220.0	0.001458
220.2	-0.000243
220.4	0.006563
220.6	0.00632
220.8	0.005347
221.0	0.005834
221.2	0.008021
221.4	-0.006806
221.6	0.000972
221.8	0.00632
222.0	0.005834
222.2	-0.002674
222.4	0.00559
222.6	-0.001701
222.8	-0.002917
223.0	0.001458
223.2	0.006563
223.4	0.013125
223.6	0.015799
223.8	0.003889
224.0	-0.008264
224.2	-0.014098
224.4	-0.011181
224.6	0.001215
224.8	-0.000972
225.0	0.000486
225.2	0.011667
225.4	0.017987
225.6	0.012882
225.8	0.022362
226.0	0.010209
226.2	0.000972
226.4	0.006806
226.6	0.003403
226.8	0.009236
227.0	0.017744
227.2	0.013612
227.4	-0.001701
227.6	-0.000486
227.8	0.010452
228.0	0.012396
228.2	-0.001215
228.4	-0.009236
228.6	-0.004375
228.8	-0.008993
229.0	-0.008021
229.2	0.008264
229.4	0.001215
229.6	0.011424
229.8	-0.004132
230.0	-0.003646
230.2	-0.005834
230.4	-0.010452
230.6	-0.00559
230.8	-0.004132
231.0	-0.005347
231.2	-0.000729
231.4	0.0
231.6	0.003646
231.8	-0.003889
232.0	-0.009723
232.2	-0.004132
232.4	-0.01191
232.6	-0.013855
232.8	-0.008507
233.0	-0.008507
233.2	-0.00632
233.4	0.004132
233.6	-0.001215
233.8	0.004861
234.0	0.00875
234.2	0.005347
234.4	0.007535
234.6	0.007292
234.8	0.000729
235.0	0.001215
235.2	-0.009479
235.4	-0.008021
235.6	-0.008264
235.8	-0.02139
236.0	-0.014341
236.2	-0.016285
236.4	-0.019202
236.6	-0.008507
236.8	-0.017744
237.0	-0.004618
237.2	-0.001458
237.4	0.003646
237.6	0.005834
237.8	0.001945
238.0	0.00875
238.2	0.01507
238.4	0.000486
238.6	0.000486
238.8	0.000243
239.0	-0.002188
239.2	0.005104
239.4	0.004618
239.6	0.008993
239.8	0.002674
240.0	0.004375
240.2	-0.002431
240.4	0.005834
240.6	0.001458
240.8	0.004861
241.0	0.007778
241.2	0.007292
241.4	0.01507
241.6	0.002674
241.8	-0.002431
242.0	-0.00559
242.2	-0.009236
242.4	-0.016285
242.6	-0.007778
242.8	-0.001215
243.0	0.001701
243.2	0.010209
243.4	-0.004132
243.6	0.005104
243.8	-0.013125
244.0	-0.014827
244.2	-0.01507
244.4	-0.021876
244.6	-0.006806
244.8	-0.005834
245.0	-0.006806
245.2	-0.006806
245.4	0.005104
245.6	0.004618
245.8	0.008021
246.0	0.009479
246.2	0.007292
246.4	0.006806
246.6	0.001945
246.8	-0.006563
247.0	-0.005347
247.2	0.00316
247.4	-0.00632
247.6	-0.002188
247.8	-0.007778
248.0	-0.003889
248.2	-0.005834
248.4	-0.002917
248.6	-0.006077
248.8	-0.004861
249.0	-0.00559
249.2	-0.019688
249.4	-0.013368
249.6	-0.026494
249.8	-0.021633
250.0	-0.02066
250.2	-0.018716
250.4	-0.024549
250.6	-0.027223
250.8	-0.020903
251.0	-0.025765
251.2	-0.022848
251.4	-0.031112
251.6	-0.029897
251.8	-0.025036
252.0	-0.020174
252.2	-0.025765
252.4	-0.024792
252.6	-0.006077
252.8	-0.002917
253.0	-0.003889
253.2	-0.008264
253.4	-0.005834
253.6	-0.01823
253.8	-0.01507
254.0	-0.013125
254.2	-0.009479
254.4	-0.003889
254.6	-0.004618
254.8	0.004375
255.0	0.004618
255.2	0.006563
255.4	0.004861
255.6	-0.00316
255.8	0.0
256.0	0.006077
256.2	0.005834
256.4	0.006806
256.6	0.007049
256.8	0.002431
257.0	-0.002917
257.2	0.013368
257.4	0.012882
257.6	0.006806
257.8	-0.001701
258.0	0.005834
258.2	-0.001458
258.4	0.007778
258.6	0.008993
258.8	0.010452
259.0	0.014098
259.2	0.004618
259.4	0.008264
259.6	0.014827
259.8	0.01507
260.0	0.018716
260.2	0.016285
260.4	0.015799
260.6	0.011424
260.8	0.016771
261.0	0.022605
261.2	0.021633
261.4	0.02066
261.6	0.012639
261.8	0.011424
262.0	-0.000243
262.2	-0.005834
262.4	-0.003889
262.6	-0.001215
262.8	-0.022362
263.0	-0.02066
263.2	-0.017744
263.4	-0.01191
263.6	-0.013368
263.8	-0.01507
264.0	-0.013368
264.2	-0.015556
264.4	-0.000243
264.6	0.004375
264.8	0.001701
265.0	0.002917
265.2	-0.003403
265.4	-0.00316
265.6	-0.008264
265.8	-0.011424
266.0	-0.004132
266.2	-0.014098
266.4	-0.01823
266.6	-0.019931
266.8	-0.010452
267.0	0.0
267.2	0.007049
267.4	0.006563
267.6	0.006806
267.8	0.004861
268.0	-0.002431
268.2	0.004618
268.4	0.003646
268.6	-0.007535
268.8	-0.008264
269.0	-0.003646
269.2	-0.007292
269.4	-0.009966
269.6	-0.009723
269.8	-0.013125
270.0	-0.016771
270.2	-0.017744
270.4	-0.013612
270.6	0.001215
270.8	0.010209
271.0	-0.008507
271.2	0.001458
271.4	-0.001701
271.6	0.001701
271.8	-0.002188
272.0	0.008021
272.2	0.010452
272.4	0.002674
272.6	-0.001945
272.8	-0.004132
273.0	-0.000729
273.2	-0.002188
273.4	0.003889
273.6	0.004861
273.8	0.016285
274.0	0.01191
274.2	0.018473
274.4	0.000972
274.6	-0.008021
274.8	0.000972
275.0	-0.005347
275.2	-0.011181
275.4	-0.010452
275.6	-0.010938
275.8	-0.012882
276.0	-0.00875
276.2	-0.006806
276.4	-0.008507
276.6	-0.009966
276.8	-0.002431
277.0	-0.008993
277.2	0.004375
277.4	0.003403
277.6	0.004132
277.8	-0.003646
278.0	-0.014584
278.2	-0.012153
278.4	-0.020417
278.6	-0.00559
278.8	0.005347
279.0	0.00632
279.2	0.014341
279.4	0.012639
279.6	0.017987
279.8	0.011424
280.0	0.018959
280.2	0.027223
280.4	0.013612
280.6	0.013125
280.8	0.004132
281.0	0.00559
281.2	-0.00632
281.4	-0.006563
281.6	-0.012396
281.8	-0.009966
282.0	-0.006806
282.2	-0.002917
282.4	0.00559
282.6	0.010938
282.8	0.014098
283.0	0.017501
283.2	0.007292
283.4	0.00632
283.6	-0.001945
283.8	0.000972
284.0	-0.012882
284.2	-0.002188
284.4	-0.022362
284.6	-0.017501
284.8	-0.016285
285.0	-0.016285
285.2	-0.021876
285.4	-0.014584
285.6	-0.007049
285.8	-0.006806
286.0	-0.007778
286.2	-0.011181
286.4	-0.009236
286.6	0.007292
286.8	0.011181
287.0	0.003403
287.2	0.012153
287.4	0.012396
287.6	0.014584
287.8	0.004132
288.0	0.004861
288.2	0.010452
288.4	0.008021
288.6	0.011181
288.8	0.010695
289.0	0.001701
289.2	0.004618
289.4	0.005834
289.6	0.006563
289.8	0.008264
290.0	-0.000243
290.2	0.000486
290.4	0.002917
290.6	0.000486
290.8	0.004618
291.0	0.005347
291.2	0.009479
291.4	0.007778
291.6	0.003889
291.8	0.00559
292.0	-0.002917
292.2	-0.012153
292.4	-0.008021
292.6	-0.01191
292.8	-0.01191
293.0	-0.011667
293.2	-0.015313
293.4	-0.009479
293.6	-0.012882
293.8	-0.001701
294.0	0.000972
294.2	0.001945
294.4	-0.009236
294.6	-0.007049
294.8	-0.003646
295.0	-0.009479
295.2	0.0
295.4	-0.002917
295.6	-0.008021
295.8	-0.012882
296.0	-0.014584
296.2	-0.013612
296.4	-0.003403
296.6	-0.004618
296.8	-0.001215
297.0	0.009236
297.2	0.003646
297.4	0.010452
297.6	0.010209
297.8	0.016285
298.0	0.008993
298.2	0.009236
298.4	0.002917
298.6	0.008507
298.8	0.025279
299.0	0.013125
299.2	0.014098
299.4	0.017014
299.6	0.008507
299.8	0.008021
300.0	-0.012153
300.2	-0.005104
300.4	0.007535
300.6	-0.002431
300.8	-0.010695
301.0	-0.013855
301.2	0.007049
301.4	0.001215
301.6	-0.002431
301.8	-0.008507
302.0	-0.006806
302.2	-0.002431
302.4	-0.001458
302.6	-0.001215
302.8	0.014341
303.0	0.011181
303.2	0.016285
303.4	0.012396
303.6	0.00632
303.8	0.00316
304.0	-0.001458
304.2	-0.007778
304.4	-0.017501
304.6	-0.013125
304.8	-0.001215
305.0	-0.010209
305.2	-0.010452
305.4	0.003646
305.6	-0.002188
305.8	-0.001458
306.0	0.009236
306.2	0.010452
306.4	0.012396
306.6	0.010695
306.8	-0.005104
307.0	-0.000972
307.2	-0.00316
307.4	-0.012639
307.6	-0.015799
307.8	-0.021147
308.0	-0.021147

&

0.2	7e-05
0.4	0.000233
0.6	0.000233
0.8	0.00078
1.0	0.00078
1.2	0.000896
1.4	0.001024
1.6	0.000896
1.8	0.000896
2.0	0.000814
2.2	0.000861
2.4	0.001047
2.6	0.00114
2.8	0.001268
3.0	0.001361
3.2	0.001245
3.4	0.001117
3.6	0.001408
3.8	0.001385
4.0	0.001815
4.2	0.001676
4.4	0.001955
4.6	0.001885
4.8	0.002502
5.0	0.002897
5.2	0.003176
5.4	0.003037
5.6	0.003386
5.8	0.003153
6.0	0.002746
6.2	0.002781
6.4	0.002827
6.6	0.002793
6.8	0.002793
7.0	0.002699
7.2	0.002909
7.4	0.002618
7.6	0.002769
7.8	0.002793
8.0	0.002781
8.2	0.002665
8.4	0.002618
8.6	0.002909
8.8	0.003235
9.0	0.003153
9.2	0.003316
9.4	0.004038
9.6	0.00377
9.8	0.0037
10.0	0.00391
10.2	0.003514
10.4	0.003176
10.6	0.003223
10.8	0.002793
11.0	0.003002
11.2	0.002699
11.4	0.002467
11.6	0.002164
11.8	0.002094
12.0	0.002199
12.2	0.002211
12.4	0.002153
12.6	0.002199
12.8	0.002071
13.0	0.002548
13.2	0.002793
13.4	0.002467
13.6	0.002641
13.8	0.002409
14.0	0.002129
14.2	0.002257
14.4	0.001897
14.6	0.001652
14.8	0.001652
15.0	0.001501
15.2	0.001617
15.4	0.001734
15.6	0.001431
15.8	0.001699
16.0	0.001641
16.2	0.001873
16.4	0.001908
16.6	0.002153
16.8	0.001955
17.0	0.002234
17.2	0.00235
17.4	0.00192
17.6	0.002409
17.8	0.002502
18.0	0.002746
18.2	0.002525
18.4	0.002234
18.6	0.002187
18.8	0.002374
19.0	0.002409
19.2	0.002374
19.4	0.002827
19.6	0.002781
19.8	0.002723
20.0	0.00256
20.2	0.002548
20.4	0.002699
20.6	0.002758
20.8	0.002781
21.0	0.002827
21.2	0.003072
21.4	0.002979
21.6	0.002537
21.8	0.002665
22.0	0.002793
22.2	0.002944
22.4	0.002827
22.6	0.002711
22.8	0.002513
23.0	0.002176
23.2	0.002234
23.4	0.002571
23.6	0.002874
23.8	0.002606
24.0	0.002246
24.2	0.00242
24.4	0.002246
24.6	0.002723
24.8	0.002176
25.0	0.002292
25.2	0.002443
25.4	0.002339
25.6	0.002153
25.8	0.002281
26.0	0.002374
26.2	0.001943
26.4	0.002001
26.6	0.00242
26.8	0.002734
27.0	0.002525
27.2	0.002676
27.4	0.002699
27.6	0.002816
27.8	0.002595
28.0	0.002886
28.2	0.003072
28.4	0.003118
28.6	0.002955
28.8	0.002758
29.0	0.002746
29.2	0.00299
29.4	0.002653
29.6	0.002478
29.8	0.00235
30.0	0.002595
30.2	0.002432
30.4	0.002176
30.6	0.002537
30.8	0.00256
31.0	0.002118
31.2	0.002141
31.4	0.002327
31.6	0.002129
31.8	0.002234
32.0	0.002176
32.2	0.002304
32.4	0.002222
32.6	0.00235
32.8	0.002525
33.0	0.002455
33.2	0.002304
33.4	0.002385
33.6	0.002874
33.8	0.00313
34.0	0.002851
34.2	0.00299
34.4	0.002583
34.6	0.002758
34.8	0.00306
35.0	0.003339
35.2	0.003479
35.4	0.003758
35.6	0.003409
35.8	0.003048
36.0	0.002793
36.2	0.002932
36.4	0.003293
36.6	0.003363
36.8	0.003165
37.0	0.003444
37.2	0.003526
37.4	0.0032
37.6	0.002979
37.8	0.003479
38.0	0.003398
38.2	0.003363
38.4	0.003304
38.6	0.003211
38.8	0.002851
39.0	0.002525
39.2	0.002525
39.4	0.002688
39.6	0.002851
39.8	0.003072
40.0	0.003339
40.2	0.002874
40.4	0.003014
40.6	0.002897
40.8	0.003211
41.0	0.003025
41.2	0.003165
41.4	0.003444
41.6	0.003083
41.8	0.003235
42.0	0.002676
42.2	0.002676
42.4	0.00242
42.6	0.002641
42.8	0.002641
43.0	0.002804
43.2	0.002141
43.4	0.002257
43.6	0.002362
43.8	0.002281
44.0	0.002397
44.2	0.002281
44.4	0.00256
44.6	0.00249
44.8	0.002723
45.0	0.002583
45.2	0.002851
45.4	0.003048
45.6	0.002595
45.8	0.002758
46.0	0.002851
46.2	0.002711
46.4	0.002676
46.6	0.002397
46.8	0.002432
47.0	0.002525
47.2	0.002211
47.4	0.002071
47.6	0.002257
47.8	0.002618
48.0	0.002374
48.2	0.002432
48.4	0.002234
48.6	0.002606
48.8	0.00249
49.0	0.00249
49.2	0.002641
49.4	0.002804
49.6	0.002746
49.8	0.00327
50.0	0.003153
50.2	0.00299
50.4	0.003246
50.6	0.003165
50.8	0.003386
51.0	0.003118
51.2	0.003607
51.4	0.003863
51.6	0.004619
51.8	0.003863
52.0	0.0037
52.2	0.003502
52.4	0.003968
52.6	0.004061
52.8	0.004084
53.0	0.003537
53.2	0.003421
53.4	0.003944
53.6	0.003793
53.8	0.003735
54.0	0.0037
54.2	0.003526
54.4	0.003339
54.6	0.003246
54.8	0.003432
55.0	0.003875
55.2	0.003921
55.4	0.003642
55.6	0.003758
55.8	0.003828
56.0	0.003304
56.2	0.0032
56.4	0.003339
56.6	0.002979
56.8	0.00313
57.0	0.002804
57.2	0.003048
57.4	0.002932
57.6	0.00327
57.8	0.003107
58.0	0.003142
58.2	0.003211
58.4	0.002758
58.6	0.002734
58.8	0.003025
59.0	0.003037
59.2	0.00306
59.4	0.003048
59.6	0.003328
59.8	0.002723
60.0	0.002467
60.2	0.002397
60.4	0.003048
60.6	0.002944
60.8	0.002711
61.0	0.002641
61.2	0.002653
61.4	0.002595
61.6	0.00242
61.8	0.002304
62.0	0.002537
62.2	0.002641
62.4	0.002409
62.6	0.002059
62.8	0.002153
63.0	0.002315
63.2	0.002525
63.4	0.002257
63.6	0.002257
63.8	0.002141
64.0	0.002432
64.2	0.002478
64.4	0.00249
64.6	0.00256
64.8	0.002234
65.0	0.002571
65.2	0.002827
65.4	0.002932
65.6	0.002862
65.8	0.002955
66.0	0.003048
66.2	0.003456
66.4	0.003386
66.6	0.003328
66.8	0.002851
67.0	0.003235
67.2	0.003386
67.4	0.003188
67.6	0.002862
67.8	0.002769
68.0	0.003223
68.2	0.002397
68.4	0.002141
68.6	0.002374
68.8	0.002478
69.0	0.002478
69.2	0.001955
69.4	0.002304
69.6	0.002304
69.8	0.002432
70.0	0.002513
70.2	0.002048
70.4	0.002094
70.6	0.002025
70.8	0.001885
71.0	0.001978
71.2	0.00199
71.4	0.001862
71.6	0.002059
71.8	0.002502
72.0	0.002606
72.2	0.003083
72.4	0.002467
72.6	0.002304
72.8	0.002571
73.0	0.002211
73.2	0.002455
73.4	0.003095
73.6	0.003281
73.8	0.003514
74.0	0.00384
74.2	0.004038
74.4	0.003747
74.6	0.003537
74.8	0.003502
75.0	0.003467
75.2	0.003444
75.4	0.003176
75.6	0.003677
75.8	0.003176
76.0	0.003188
76.2	0.002874
76.4	0.003188
76.6	0.002513
76.8	0.002537
77.0	0.002641
77.2	0.002944
77.4	0.002886
77.6	0.002793
77.8	0.003002
78.0	0.002641
78.2	0.002187
78.4	0.002397
78.6	0.002525
78.8	0.002816
79.0	0.003235
79.2	0.003432
79.4	0.00356
79.6	0.003235
79.8	0.003421
80.0	0.00327
80.2	0.003351
80.4	0.00327
80.6	0.003386
80.8	0.003409
81.0	0.003747
81.2	0.00327
81.4	0.00306
81.6	0.002769
81.8	0.003037
82.0	0.003654
82.2	0.003793
82.4	0.00377
82.6	0.003875
82.8	0.003549
83.0	0.00384
83.2	0.00384
83.4	0.003619
83.6	0.00377
83.8	0.003514
84.0	0.002944
84.2	0.00299
84.4	0.002641
84.6	0.002909
84.8	0.003037
85.0	0.002955
85.2	0.003165
85.4	0.003188
85.6	0.003188
85.8	0.003176
86.0	0.003456
86.2	0.003898
86.4	0.003595
86.6	0.003851
86.8	0.003688
87.0	0.004096
87.2	0.003677
87.4	0.0037
87.6	0.003816
87.8	0.003398
88.0	0.003491
88.2	0.003118
88.4	0.003153
88.6	0.002537
88.8	0.002537
89.0	0.002944
89.2	0.002804
89.4	0.002374
89.6	0.002699
89.8	0.002746
90.0	0.002746
90.2	0.002432
90.4	0.002001
90.6	0.002094
90.8	0.002339
91.0	0.002443
91.2	0.002234
91.4	0.002397
91.6	0.002478
91.8	0.002467
92.0	0.002618
92.2	0.002362
92.4	0.002641
92.6	0.002537
92.8	0.002292
93.0	0.002432
93.2	0.002129
93.4	0.002059
93.6	0.001396
93.8	0.001524
94.0	0.001664
94.2	0.001582
94.4	0.001815
94.6	0.002036
94.8	0.001745
95.0	0.001594
95.2	0.002036
95.4	0.002118
95.6	0.002199
95.8	0.002409
96.0	0.002467
96.2	0.002595
96.4	0.002816
96.6	0.002758
96.8	0.002699
97.0	0.00313
97.2	0.00313
97.4	0.003037
97.6	0.002641
97.8	0.002315
98.0	0.002699
98.2	0.002699
98.4	0.002467
98.6	0.002537
98.8	0.002723
99.0	0.003095
99.2	0.002944
99.4	0.002746
99.6	0.001908
99.8	0.001955
100.0	0.001897
100.2	0.002467
100.4	0.002467
100.6	0.00199
100.8	0.00199
101.0	0.002118
101.2	0.002083
101.4	0.002059
101.6	0.002094
101.8	0.002292
102.0	0.002246
102.2	0.00235
102.4	0.003025
102.6	0.002595
102.8	0.002595
103.0	0.002025
103.2	0.002176
103.4	0.00235
103.6	0.002478
103.8	0.002606
104.0	0.002723
104.2	0.002804
104.4	0.002688
104.6	0.002525
104.8	0.002478
105.0	0.002793
105.2	0.002804
105.4	0.002816
105.6	0.002734
105.8	0.002874
106.0	0.002967
106.2	0.003072
106.4	0.002129
106.6	0.002141
106.8	0.002397
107.0	0.002315
107.2	0.001769
107.4	0.001641
107.6	0.00171
107.8	0.001699
108.0	0.00178
108.2	0.002374
108.4	0.002665
108.6	0.002502
108.8	0.002897
109.0	0.003037
109.2	0.003048
109.4	0.003456
109.6	0.003142
109.8	0.003002
110.0	0.003398
110.2	0.003304
110.4	0.002932
110.6	0.00263
110.8	0.002595
111.0	0.002537
111.2	0.002746
111.4	0.002886
111.6	0.003072
111.8	0.002769
112.0	0.002723
112.2	0.002886
112.4	0.002653
112.6	0.002734
112.8	0.00256
113.0	0.002583
113.2	0.002653
113.4	0.002478
113.6	0.003514
113.8	0.003165
114.0	0.003153
114.2	0.003642
114.4	0.004282
114.6	0.004096
114.8	0.004014
115.0	0.004445
115.2	0.003979
115.4	0.003979
115.6	0.004154
115.8	0.00391
116.0	0.003979
116.2	0.004398
116.4	0.003933
116.6	0.004317
116.8	0.004619
117.0	0.004829
117.2	0.004689
117.4	0.004538
117.6	0.004677
117.8	0.004596
118.0	0.004282
118.2	0.004282
118.4	0.004491
118.6	0.004154
118.8	0.003654
119.0	0.002688
119.2	0.002839
119.4	0.002921
119.6	0.002862
119.8	0.003153
120.0	0.00306
120.2	0.002862
120.4	0.002851
120.6	0.002665
120.8	0.002583
121.0	0.002874
121.2	0.003316
121.4	0.0032
121.6	0.003467
121.8	0.003421
122.0	0.003898
122.2	0.003886
122.4	0.003851
122.6	0.00377
122.8	0.00391
123.0	0.003735
123.2	0.00384
123.4	0.003712
123.6	0.003491
123.8	0.003258
124.0	0.003002
124.2	0.003409
124.4	0.003293
124.6	0.003281
124.8	0.003165
125.0	0.002909
125.2	0.002723
125.4	0.002932
125.6	0.002758
125.8	0.002653
126.0	0.002653
126.2	0.002374
126.4	0.002327
126.6	0.002048
126.8	0.002141
127.0	0.002211
127.2	0.002653
127.4	0.002676
127.6	0.003002
127.8	0.002955
128.0	0.002583
128.2	0.002292
128.4	0.002409
128.6	0.002187
128.8	0.002257
129.0	0.002758
129.2	0.002525
129.4	0.00249
129.6	0.002513
129.8	0.002606
130.0	0.002537
130.2	0.002665
130.4	0.002502
130.6	0.002711
130.8	0.002385
131.0	0.002688
131.2	0.002944
131.4	0.002676
131.6	0.003025
131.8	0.00313
132.0	0.003258
132.2	0.003002
132.4	0.003235
132.6	0.003002
132.8	0.003281
133.0	0.003293
133.2	0.003467
133.4	0.003688
133.6	0.003316
133.8	0.00363
134.0	0.003712
134.2	0.003165
134.4	0.003048
134.6	0.003118
134.8	0.002839
135.0	0.003165
135.2	0.002979
135.4	0.002769
135.6	0.003188
135.8	0.003712
136.0	0.003875
136.2	0.003793
136.4	0.003281
136.6	0.003398
136.8	0.003211
137.0	0.003688
137.2	0.0037
137.4	0.00377
137.6	0.003421
137.8	0.003584
138.0	0.003432
138.2	0.003526
138.4	0.002967
138.6	0.002955
138.8	0.002897
139.0	0.002955
139.2	0.002816
139.4	0.002513
139.6	0.002723
139.8	0.00299
140.0	0.002513
140.2	0.002699
140.4	0.002793
140.6	0.002618
140.8	0.00249
141.0	0.002234
141.2	0.002257
141.4	0.002315
141.6	0.002606
141.8	0.002932
142.0	0.002921
142.2	0.002816
142.4	0.002502
142.6	0.001873
142.8	0.002106
143.0	0.002409
143.2	0.002851
143.4	0.002711
143.6	0.00249
143.8	0.002455
144.0	0.00242
144.2	0.002455
144.4	0.002665
144.6	0.002758
144.8	0.002932
145.0	0.002746
145.2	0.002211
145.4	0.00235
145.6	0.00249
145.8	0.002688
146.0	0.003048
146.2	0.002932
146.4	0.002467
146.6	0.001803
146.8	0.002443
147.0	0.002571
147.2	0.00199
147.4	0.002409
147.6	0.002397
147.8	0.00249
148.0	0.002339
148.2	0.002374
148.4	0.00242
148.6	0.002688
148.8	0.002688
149.0	0.002816
149.2	0.003176
149.4	0.002839
149.6	0.002711
149.8	0.002851
150.0	0.002816
150.2	0.002525
150.4	0.002967
150.6	0.003048
150.8	0.002874
151.0	0.002862
151.2	0.002816
151.4	0.002793
151.6	0.002292
151.8	0.002665
152.0	0.002513
152.2	0.002769
152.4	0.002909
152.6	0.002839
152.8	0.003025
153.0	0.002839
153.2	0.00306
153.4	0.002816
153.6	0.002874
153.8	0.002944
154.0	0.002595
154.2	0.002443
154.4	0.002455
154.6	0.00263
154.8	0.00235
155.0	0.002769
155.2	0.002443
155.4	0.002699
155.6	0.002653
155.8	0.002409
156.0	0.002211
156.2	0.001862
156.4	0.00185
156.6	0.001897
156.8	0.002246
157.0	0.002234
157.2	0.002199
157.4	0.002443
157.6	0.002362
157.8	0.002304
158.0	0.00256
158.2	0.002979
158.4	0.002827
158.6	0.003223
158.8	0.002897
159.0	0.002886
159.2	0.003118
159.4	0.003095
159.6	0.002886
159.8	0.002862
160.0	0.00327
160.2	0.003165
160.4	0.002886
160.6	0.002804
160.8	0.002746
161.0	0.002548
161.2	0.003153
161.4	0.003153
161.6	0.002478
161.8	0.002525
162.0	0.002199
162.2	0.001652
162.4	0.001385
162.6	0.00121
162.8	0.001699
163.0	0.001699
163.2	0.001978
163.4	0.002001
163.6	0.002001
163.8	0.002304
164.0	0.002176
164.2	0.002467
164.4	0.002327
164.6	0.002211
164.8	0.001827
165.0	0.002327
165.2	0.002234
165.4	0.001908
165.6	0.002001
165.8	0.002153
166.0	0.002164
166.2	0.002164
166.4	0.001943
166.6	0.002409
166.8	0.002653
167.0	0.002571
167.2	0.002164
167.4	0.002409
167.6	0.002606
167.8	0.002595
168.0	0.002781
168.2	0.002769
168.4	0.002851
168.6	0.003176
168.8	0.003153
169.0	0.003165
169.2	0.002874
169.4	0.003037
169.6	0.002793
169.8	0.002723
170.0	0.002595
170.2	0.002478
170.4	0.00256
170.6	0.003002
170.8	0.003293
171.0	0.003176
171.2	0.003258
171.4	0.003491
171.6	0.003142
171.8	0.002921
172.0	0.002851
172.2	0.002851
172.4	0.002746
172.6	0.002513
172.8	0.00235
173.0	0.002129
173.2	0.002292
173.4	0.002513
173.6	0.002688
173.8	0.00313
174.0	0.003351
174.2	0.003165
174.4	0.003526
174.6	0.003223
174.8	0.003048
175.0	0.003351
175.2	0.003456
175.4	0.003083
175.6	0.003304
175.8	0.003293
176.0	0.003374
176.2	0.003502
176.4	0.003479
176.6	0.003584
176.8	0.003816
177.0	0.003211
177.2	0.003072
177.4	0.002886
177.6	0.003421
177.8	0.003688
178.0	0.003537
178.2	0.003025
178.4	0.003165
178.6	0.003235
178.8	0.002979
179.0	0.002827
179.2	0.002781
179.4	0.00263
179.6	0.002595
179.8	0.002327
180.0	0.002153
180.2	0.002315
180.4	0.002874
180.6	0.003456
180.8	0.003223
181.0	0.003107
181.2	0.002769
181.4	0.002862
181.6	0.00306
181.8	0.003409
182.0	0.003432
182.2	0.00306
182.4	0.003386
182.6	0.003444
182.8	0.003398
183.0	0.003758
183.2	0.003747
183.4	0.003851
183.6	0.003991
183.8	0.003619
184.0	0.003502
184.2	0.003188
184.4	0.003153
184.6	0.002688
184.8	0.002257
185.0	0.002234
185.2	0.002176
185.4	0.002118
185.6	0.00235
185.8	0.002292
186.0	0.00249
186.2	0.002176
186.4	0.002176
186.6	0.002106
186.8	0.002234
187.0	0.002187
187.2	0.002222
187.4	0.002641
187.6	0.002455
187.8	0.002292
188.0	0.002048
188.2	0.00192
188.4	0.00178
188.6	0.001792
188.8	0.00256
189.0	0.002513
189.2	0.002315
189.4	0.002199
189.6	0.002292
189.8	0.002432
190.0	0.002385
190.2	0.00256
190.4	0.00235
190.6	0.002129
190.8	0.002246
191.0	0.002595
191.2	0.002257
191.4	0.002374
191.6	0.002141
191.8	0.002711
192.0	0.003095
192.2	0.00299
192.4	0.003107
192.6	0.003188
192.8	0.00256
193.0	0.001873
193.2	0.002048
193.4	0.001873
193.6	0.001769
193.8	0.00171
194.0	0.001652
194.2	0.002094
194.4	0.002106
194.6	0.002094
194.8	0.001955
195.0	0.002071
195.2	0.002141
195.4	0.002118
195.6	0.002013
195.8	0.001955
196.0	0.002129
196.2	0.002315
196.4	0.002455
196.6	0.002176
196.8	0.002222
197.0	0.002118
197.2	0.002339
197.4	0.00249
197.6	0.002606
197.8	0.003025
198.0	0.00263
198.2	0.002537
198.4	0.002385
198.6	0.002443
198.8	0.002257
199.0	0.002327
199.2	0.002513
199.4	0.002874
199.6	0.00263
199.8	0.002571
200.0	0.002513
200.2	0.002665
200.4	0.002676
200.6	0.003304
200.8	0.003432
201.0	0.003502
201.2	0.003467
201.4	0.0032
201.6	0.002921
201.8	0.002874
202.0	0.003014
202.2	0.003432
202.4	0.003607
202.6	0.003095
202.8	0.003107
203.0	0.003072
203.2	0.003014
203.4	0.002781
203.6	0.002199
203.8	0.002176
204.0	0.002292
204.2	0.002153
204.4	0.002246
204.6	0.002315
204.8	0.002141
205.0	0.002199
205.2	0.002467
205.4	0.002385
205.6	0.00249
205.8	0.002734
206.0	0.003002
206.2	0.002816
206.4	0.003025
206.6	0.003432
206.8	0.003153
207.0	0.003107
207.2	0.002827
207.4	0.002967
207.6	0.002606
207.8	0.002443
208.0	0.00235
208.2	0.002455
208.4	0.002071
208.6	0.002106
208.8	0.002164
209.0	0.002222
209.2	0.002385
209.4	0.001815
209.6	0.001862
209.8	0.00192
210.0	0.002315
210.2	0.002374
210.4	0.00242
210.6	0.002362
210.8	0.002176
211.0	0.002409
211.2	0.001676
211.4	0.001769
211.6	0.001769
211.8	0.002048
212.0	0.002246
212.2	0.002292
212.4	0.00249
212.6	0.001943
212.8	0.00199
213.0	0.002001
213.2	0.002048
213.4	0.002106
213.6	0.002083
213.8	0.00199
214.0	0.001897
214.2	0.00235
214.4	0.002688
214.6	0.002758
214.8	0.00313
215.0	0.002897
215.2	0.002781
215.4	0.002769
215.6	0.002979
215.8	0.003316
216.0	0.003142
216.2	0.003072
216.4	0.002641
216.6	0.002699
216.8	0.002362
217.0	0.002199
217.2	0.002781
217.4	0.002839
217.6	0.002583
217.8	0.00235
218.0	0.002467
218.2	0.002292
218.4	0.002059
218.6	0.002281
218.8	0.002118
219.0	0.001943
219.2	0.001687
219.4	0.001606
219.6	0.001687
219.8	0.001966
220.0	0.002106
220.2	0.002083
220.4	0.002059
220.6	0.002246
220.8	0.002723
221.0	0.002874
221.2	0.002839
221.4	0.003165
221.6	0.003409
221.8	0.003293
222.0	0.003258
222.2	0.002839
222.4	0.002804
222.6	0.002571
222.8	0.002653
223.0	0.002839
223.2	0.002921
223.4	0.002886
223.6	0.003409
223.8	0.003083
224.0	0.002502
224.2	0.002478
224.4	0.002758
224.6	0.002979
224.8	0.002874
225.0	0.002734
225.2	0.002688
225.4	0.002665
225.6	0.002374
225.8	0.002443
226.0	0.002781
226.2	0.002548
226.4	0.002455
226.6	0.002548
226.8	0.002513
227.0	0.002595
227.2	0.002909
227.4	0.00299
227.6	0.002443
227.8	0.002374
228.0	0.002583
228.2	0.002595
228.4	0.002851
228.6	0.002548
228.8	0.002234
229.0	0.00199
229.2	0.002025
229.4	0.002525
229.6	0.003048
229.8	0.00306
230.0	0.003083
230.2	0.003398
230.4	0.003316
230.6	0.003584
230.8	0.003432
231.0	0.0032
231.2	0.003607
231.4	0.003293
231.6	0.003584
231.8	0.003363
232.0	0.003398
232.2	0.00299
232.4	0.003048
232.6	0.002769
232.8	0.002595
233.0	0.002548
233.2	0.002606
233.4	0.002094
233.6	0.002094
233.8	0.00235
234.0	0.002525
234.2	0.002199
234.4	0.002129
234.6	0.002315
234.8	0.002315
235.0	0.002304
235.2	0.002153
235.4	0.002246
235.6	0.002257
235.8	0.002362
236.0	0.002641
236.2	0.002874
236.4	0.002979
236.6	0.003037
236.8	0.002315
237.0	0.002304
237.2	0.002257
237.4	0.002153
237.6	0.002502
237.8	0.002665
238.0	0.002711
238.2	0.002886
238.4	0.002758
238.6	0.003153
238.8	0.003118
239.0	0.003235
239.2	0.003025
239.4	0.003025
239.6	0.003048
239.8	0.003328
240.0	0.002769
240.2	0.002793
240.4	0.002315
240.6	0.002897
240.8	0.002793
241.0	0.003048
241.2	0.003398
241.4	0.003398
241.6	0.003467
241.8	0.003351
242.0	0.003712
242.2	0.0037
242.4	0.003654
242.6	0.00363
242.8	0.003979
243.0	0.00384
243.2	0.003747
243.4	0.003898
243.6	0.003386
243.8	0.003526
244.0	0.003956
244.2	0.003572
244.4	0.003328
244.6	0.003316
244.8	0.003456
245.0	0.003374
245.2	0.003281
245.4	0.0032
245.6	0.003025
245.8	0.003048
246.0	0.003584
246.2	0.003491
246.4	0.003572
246.6	0.003956
246.8	0.004247
247.0	0.004259
247.2	0.004282
247.4	0.004003
247.6	0.003328
247.8	0.00363
248.0	0.003083
248.2	0.003142
248.4	0.003328
248.6	0.00327
248.8	0.002897
249.0	0.002921
249.2	0.0032
249.4	0.003037
249.6	0.003421
249.8	0.003281
250.0	0.003537
250.2	0.003607
250.4	0.003537
250.6	0.003654
250.8	0.003398
251.0	0.003549
251.2	0.003549
251.4	0.00327
251.6	0.003025
251.8	0.003572
252.0	0.0037
252.2	0.003944
252.4	0.003793
252.6	0.003677
252.8	0.003398
253.0	0.003165
253.2	0.003014
253.4	0.002839
253.6	0.002921
253.8	0.003025
254.0	0.003118
254.2	0.0032
254.4	0.003514
254.6	0.003328
254.8	0.00306
255.0	0.003467
255.2	0.003107
255.4	0.003083
255.6	0.003037
255.8	0.003095
256.0	0.002653
256.2	0.002793
256.4	0.003339
256.6	0.00327
256.8	0.003235
257.0	0.003223
257.2	0.003944
257.4	0.003816
257.6	0.004212
257.8	0.004398
258.0	0.004119
258.2	0.003654
258.4	0.003677
258.6	0.003723
258.8	0.003979
259.0	0.004084
259.2	0.004247
259.4	0.003863
259.6	0.003968
259.8	0.004084
260.0	0.003758
260.2	0.003386
260.4	0.003537
260.6	0.003526
260.8	0.003072
261.0	0.0032
261.2	0.003235
261.4	0.003293
261.6	0.003351
261.8	0.003351
262.0	0.003258
262.2	0.002886
262.4	0.003048
262.6	0.003607
262.8	0.002932
263.0	0.003351
263.2	0.003153
263.4	0.002676
263.6	0.00256
263.8	0.002513
264.0	0.002595
264.2	0.00256
264.4	0.002281
264.6	0.002327
264.8	0.002606
265.0	0.002187
265.2	0.002269
265.4	0.002292
265.6	0.002723
265.8	0.002967
266.0	0.002816
266.2	0.002595
266.4	0.002606
266.6	0.002618
266.8	0.002932
267.0	0.00299
267.2	0.003048
267.4	0.003095
267.6	0.003048
267.8	0.002781
268.0	0.002478
268.2	0.002327
268.4	0.002059
268.6	0.00235
268.8	0.002537
269.0	0.001838
269.2	0.001873
269.4	0.002036
269.6	0.001641
269.8	0.002199
270.0	0.002164
270.2	0.002269
270.4	0.002443
270.6	0.001978
270.8	0.002048
271.0	0.001966
271.2	0.002176
271.4	0.002222
271.6	0.002048
271.8	0.00256
272.0	0.002571
272.2	0.002606
272.4	0.002641
272.6	0.002746
272.8	0.002688
273.0	0.002455
273.2	0.002281
273.4	0.002362
273.6	0.002455
273.8	0.002618
274.0	0.002641
274.2	0.002478
274.4	0.002746
274.6	0.00263
274.8	0.002955
275.0	0.003095
275.2	0.003037
275.4	0.003526
275.6	0.003095
275.8	0.00306
276.0	0.002804
276.2	0.002944
276.4	0.002909
276.6	0.002979
276.8	0.003165
277.0	0.002967
277.2	0.002827
277.4	0.003176
277.6	0.002932
277.8	0.002816
278.0	0.00263
278.2	0.002688
278.4	0.003188
278.6	0.003258
278.8	0.003456
279.0	0.003374
279.2	0.002886
279.4	0.003165
279.6	0.003258
279.8	0.003235
280.0	0.003304
280.2	0.003118
280.4	0.003211
280.6	0.003432
280.8	0.003747
281.0	0.003723
281.2	0.003304
281.4	0.003363
281.6	0.003304
281.8	0.003328
282.0	0.003386
282.2	0.003107
282.4	0.003665
282.6	0.00356
282.8	0.002967
283.0	0.002502
283.2	0.002595
283.4	0.002944
283.6	0.002944
283.8	0.003281
284.0	0.003165
284.2	0.00313
284.4	0.003083
284.6	0.003421
284.8	0.003165
285.0	0.003316
285.2	0.003316
285.4	0.00313
285.6	0.002513
285.8	0.002071
286.0	0.002048
286.2	0.001862
286.4	0.002094
286.6	0.002187
286.8	0.002374
287.0	0.002339
287.2	0.002385
287.4	0.002292
287.6	0.002315
287.8	0.001803
288.0	0.001897
288.2	0.001943
288.4	0.001908
288.6	0.002304
288.8	0.002304
289.0	0.002129
289.2	0.002385
289.4	0.002711
289.6	0.002094
289.8	0.002281
290.0	0.00249
290.2	0.002234
290.4	0.002164
290.6	0.002071
290.8	0.002281
291.0	0.002304
291.2	0.002455
291.4	0.002071
291.6	0.002164
291.8	0.002199
292.0	0.002257
292.2	0.002327
292.4	0.002374
292.6	0.00249
292.8	0.002467
293.0	0.002525
293.2	0.00249
293.4	0.002222
293.6	0.002281
293.8	0.002339
294.0	0.002409
294.2	0.002595
294.4	0.002443
294.6	0.002129
294.8	0.002129
295.0	0.002246
295.2	0.002606
295.4	0.002827
295.6	0.002653
295.8	0.002653
296.0	0.002769
296.2	0.002886
296.4	0.002711
296.6	0.002932
296.8	0.002955
297.0	0.002688
297.2	0.002979
297.4	0.002467
297.6	0.00235
297.8	0.002502
298.0	0.002176
298.2	0.002176
298.4	0.002315
298.6	0.002769
298.8	0.002676
299.0	0.002502
299.2	0.002385
299.4	0.002362
299.6	0.002397
299.8	0.002327
300.0	0.002106
300.2	0.002083
300.4	0.002234
300.6	0.002222
300.8	0.002153
301.0	0.002164
301.2	0.002374
301.4	0.002478
301.6	0.002246
301.8	0.002292
302.0	0.00235
302.2	0.002583
302.4	0.002606
302.6	0.002606
302.8	0.002851
303.0	0.003014
303.2	0.002606
303.4	0.002246
303.6	0.002432
303.8	0.002478
304.0	0.002653
304.2	0.003095
304.4	0.002758
304.6	0.002641
304.8	0.002665
305.0	0.002641
305.2	0.002851
305.4	0.003258
305.6	0.003363
305.8	0.00306
306.0	0.003398
306.2	0.003467
306.4	0.003281
306.6	0.002641
306.8	0.002478
307.0	0.002583
307.2	0.00249
307.4	0.002525
307.6	0.002455
307.8	0.002583
308.0	0.002583

&

