0.1	0.004238
0.2	0.004238
0.3	0.004238
0.4	0.004238
0.5	0.004238
0.6	0.004238
0.7	0.004768
0.8	0.004768
0.9	0.004768
1.0	0.004768
1.1	0.004768
1.2	0.004945
1.3	0.004945
1.4	0.00053
1.5	-0.000177
1.6	-0.001236
1.7	-0.000177
1.8	-0.000353
1.9	-0.003002
2.0	-0.003002
2.1	-0.003002
2.2	-0.009359
2.3	-0.016953
2.4	-0.018189
2.5	-0.012891
2.6	-0.016953
2.7	-0.017483
2.8	-0.009889
2.9	-0.000353
3.0	0.004415
3.1	0.004062
3.2	0.003708
3.3	0.0166
3.4	0.009713
3.5	0.010066
3.6	0.013068
3.7	0.011302
3.8	0.013068
3.9	0.00883
4.0	0.006887
4.1	0.011479
4.2	0.013068
4.3	0.011832
4.4	0.00724
4.5	0.01554
4.6	0.010242
4.7	0.003885
4.8	0.012891
4.9	0.010949
5.0	0.009713
5.1	0.007064
5.2	0.011832
5.3	0.011125
5.4	0.009713
5.5	0.003002
5.6	-0.013244
5.7	-0.011125
5.8	-0.00724
5.9	-0.017659
6.0	-0.012362
6.1	-0.015717
6.2	-0.01713
6.3	-0.026312
6.4	-0.020838
6.5	-0.019602
6.6	-0.013068
6.7	-0.014657
6.8	-0.012008
6.9	-0.012891
7.0	-0.009183
7.1	-0.007594
7.2	-0.01501
7.3	-0.018366
7.4	-0.023487
7.5	-0.023134
7.6	-0.016953
7.7	-0.006357
7.8	-0.001413
7.9	0.009536
8.0	0.005651
8.1	0.009183
8.2	0.010419
8.3	0.014657
8.4	0.012538
8.5	-0.003355
8.6	-0.003885
8.7	0.000706
8.8	-0.003002
8.9	-0.002296
9.0	0.003002
9.1	0.014481
9.2	0.012715
9.3	0.005298
9.4	0.003355
9.5	0.001589
9.6	0.00883
9.7	0.018013
9.8	0.016247
9.9	0.011832
10.0	0.005828
10.1	0.010949
10.2	0.004768
10.3	0.00777
10.4	0.009006
10.5	-0.001236
10.6	0.003355
10.7	0.003885
10.8	0.006181
10.9	-0.004062
11.0	-0.006887
11.1	-0.010242
11.2	-0.006887
11.3	-0.00777
11.4	-0.009183
11.5	-0.019249
11.6	-0.020308
11.7	-0.011302
11.8	-0.010242
11.9	-0.001766
12.0	-0.000883
12.1	0.00106
12.2	-0.008653
12.3	-0.005828
12.4	-0.005121
12.5	-0.008476
12.6	-0.002649
12.7	0.011832
12.8	0.009536
12.9	0.009183
13.0	0.009359
13.1	0.012185
13.2	0.009713
13.3	0.005298
13.4	-0.001766
13.5	0.005474
13.6	0.000706
13.7	0.005298
13.8	0.011125
13.9	0.005121
14.0	-0.008476
14.1	-0.003355
14.2	0.002119
14.3	-0.004591
14.4	-0.007417
14.5	-0.006711
14.6	-0.012362
14.7	-0.005828
14.8	-0.001413
14.9	-0.012008
15.0	0.00106
15.1	-0.001943
15.2	-0.014481
15.3	-0.00724
15.4	0.006004
15.5	0.007594
15.6	0.01554
15.7	0.025783
15.8	0.030904
15.9	0.028785
16.0	0.026136
16.1	0.034965
16.2	0.041853
16.3	0.030551
16.4	0.030374
16.5	0.036025
16.6	0.030727
16.7	0.025959
16.8	0.009536
16.9	0.003532
17.0	0.012185
17.1	0.013068
17.2	0.004945
17.3	0.004415
17.4	0.000353
17.5	0.012008
17.6	0.00053
17.7	0.012538
17.8	-0.000177
17.9	0.009006
18.0	-0.004238
18.1	-0.018719
18.2	-0.016423
18.3	-0.03214
18.4	-0.021898
18.5	-0.017836
18.6	-0.02437
18.7	-0.032846
18.8	-0.040793
18.9	-0.041499
19.0	-0.037438
19.1	-0.040616
19.2	-0.05651
19.3	-0.046091
19.4	-0.03267
19.5	-0.042206
19.6	-0.031963
19.7	-0.036908
19.8	-0.043795
19.9	-0.036202
20.0	-0.04044
20.1	-0.03161
20.2	-0.032493
20.3	-0.037791
20.4	-0.035495
20.5	-0.036378
20.6	-0.044325
20.7	-0.049093
20.8	-0.047327
20.9	-0.039733
21.0	-0.03885
21.1	-0.033376
21.2	-0.04097
21.3	-0.041146
21.4	-0.035319
21.5	-0.042029
21.6	-0.03991
21.7	-0.033023
21.8	-0.025429
21.9	-0.033023
22.0	-0.035142
22.1	-0.033729
22.2	-0.039204
22.3	-0.036378
22.4	-0.049799
22.5	-0.060218
22.6	-0.057746
22.7	-0.057923
22.8	-0.050329
22.9	-0.044148
23.0	-0.03991
23.1	-0.03938
23.2	-0.043265
23.3	-0.042029
23.4	-0.031434
23.5	-0.024723
23.6	-0.028432
23.7	-0.024723
23.8	-0.03267
23.9	-0.026312
24.0	-0.037261
24.1	-0.035319
24.2	-0.022781
24.3	-0.027019
24.4	-0.018542
24.5	0.000706
24.6	-0.003885
24.7	-0.003885
24.8	-0.010066
24.9	-0.006711
25.0	-0.007064
25.1	-0.007594
25.2	0.003885
25.3	-0.006887
25.4	-0.012008
25.5	0.00053
25.6	0.006004
25.7	0.023663
25.8	0.021015
25.9	0.019602
26.0	0.017659
26.1	0.022957
26.2	0.028785
26.3	0.034612
26.4	0.041323
26.5	0.038321
26.6	0.028961
26.7	0.019955
26.8	0.01713
26.9	0.022427
27.0	0.023134
27.1	0.027372
27.2	0.015364
27.3	0.00724
27.4	-0.003885
27.5	-0.000177
27.6	-0.014657
27.7	-0.00777
27.8	-0.023134
27.9	-0.024193
28.0	-0.039557
28.1	-0.025606
28.2	-0.017659
28.3	-0.009889
28.4	0.001766
28.5	0.007947
28.6	0.017306
28.7	0.0083
28.8	-0.018719
28.9	-0.012538
29.0	-0.019778
29.1	-0.012185
29.2	-0.025076
29.3	-0.020485
29.4	-0.027549
29.5	-0.054391
29.6	-0.043089
29.7	-0.021898
29.8	-0.03214
29.9	-0.031787
30.0	-0.026312
30.1	-0.014657
30.2	-0.004238
30.3	-0.014481
30.4	-0.009713
30.5	-0.020132
30.6	-0.012891
30.7	-0.020485
30.8	-0.009889
30.9	-0.008653
31.0	-0.014834
31.1	-0.017483
31.2	-0.034259
31.3	-0.044148
31.4	-0.025253
31.5	-0.009889
31.6	-0.020132
31.7	-0.025606
31.8	-0.029844
31.9	-0.03108
32.0	-0.029314
32.1	-0.0332
32.2	-0.030727
32.3	-0.029138
32.4	-0.028432
32.5	-0.013598
32.6	-0.018366
32.7	-0.023487
32.8	-0.019249
32.9	-0.024017
33.0	-0.021544
33.1	-0.019955
33.2	-0.00724
33.3	0.004238
33.4	0.013421
33.5	0.012715
33.6	-0.007594
33.7	0.001413
33.8	0.006357
33.9	0.004062
34.0	0.003355
34.1	0.012362
34.2	0.018542
34.3	0.027019
34.4	0.010949
34.5	0.010066
34.6	0.000353
34.7	-0.020485
34.8	-0.022427
34.9	-0.025959
35.0	-0.027902
35.1	-0.034436
35.2	-0.035142
35.3	-0.035319
35.4	-0.041676
35.5	-0.046621
35.6	-0.058629
35.7	-0.07152
35.8	-0.067635
35.9	-0.059159
36.0	-0.055627
36.1	-0.038497
36.2	-0.039027
36.3	-0.036025
36.4	-0.0332
36.5	-0.033729
36.6	-0.025429
36.7	-0.031257
36.8	-0.00883
36.9	-0.005121
37.0	0.015187
37.1	0.005651
37.2	-0.007064
37.3	-0.000706
37.4	0.001413
37.5	-0.0083
37.6	0.005474
37.7	0.018719
37.8	0.018366
37.9	0.005121
38.0	0.0083
38.1	0.016247
38.2	0.01607
38.3	0.008123
38.4	0.003002
38.5	0.017659
38.6	0.014657
38.7	0.009183
38.8	0.000177
38.9	-0.012362
39.0	-0.000353
39.1	-0.009359
39.2	-0.004415
39.3	0.003885
39.4	0.014657
39.5	0.017483
39.6	0.015364
39.7	0.037261
39.8	0.041323
39.9	0.049269
40.0	0.063044
40.1	0.070637
40.2	0.063574
40.3	0.074699
40.4	0.081586
40.5	0.088473
40.6	0.068695
40.7	0.058629
40.8	0.059335
40.9	0.052095
41.0	0.052801
41.1	0.069754
41.2	0.06481
41.3	0.076818
41.4	0.071873
41.5	0.068165
41.6	0.060571
41.7	0.05492
41.8	0.0332
41.9	0.020132
42.0	0.027372
42.1	0.029491
42.2	0.037261
42.3	0.042206
42.4	0.03161
42.5	0.024546
42.6	0.006181
42.7	0.01607
42.8	0.026489
42.9	0.022781
43.0	-0.003885
43.1	0.00053
43.2	0.028432
43.3	0.037085
43.4	0.01607
43.5	0.026842
43.6	0.018895
43.7	0.019072
43.8	0.012185
43.9	0.024017
44.0	0.032317
44.1	0.036908
44.2	0.055274
44.3	0.058099
44.4	0.055627
44.5	0.052625
44.6	0.046091
44.7	0.051742
44.8	0.054391
44.9	0.025959
45.0	0.036908
45.1	0.009006
45.2	0.025076
45.3	-0.010242
45.4	-0.004062
45.5	0.00106
45.6	0.004591
45.7	-0.004945
45.8	-0.004768
45.9	0.003179
46.0	-0.002119
46.1	0.003885
46.2	0.006004
46.3	0.007064
46.4	0.030197
46.5	0.030904
46.6	0.0249
46.7	0.014657
46.8	0.004238
46.9	-0.006711
47.0	-0.002649
47.1	-0.000353
47.2	-0.002119
47.3	-0.001413
47.4	0.004591
47.5	0.000353
47.6	0.00053
47.7	-0.002649
47.8	-0.02437
47.9	-0.041146
48.0	-0.025076
48.1	-0.015364
48.2	-0.027195
48.3	-0.012891
48.4	-0.033376
48.5	-0.010596
48.6	-0.007064
48.7	-0.015187
48.8	-0.019778
48.9	-0.024723
49.0	-0.013951
49.1	-0.030374
49.2	-0.037614
49.3	-0.028961
49.4	-0.021015
49.5	0.000353
49.6	-0.001943
49.7	-0.001413
49.8	-0.008476
49.9	-0.028785
50.0	-0.035672
50.1	-0.035672
50.2	-0.017306
50.3	-0.026136
50.4	-0.032846
50.5	-0.006711
50.6	0.008476
50.7	0.0332
50.8	0.015187
50.9	0.026842
51.0	0.034436
51.1	0.034259
51.2	0.030551
51.3	0.031787
51.4	0.044148
51.5	0.050152
51.6	0.047504
51.7	0.060042
51.8	0.075582
51.9	0.083882
52.0	0.07929
52.1	0.07311
52.2	0.056863
52.3	0.054391
52.4	0.065339
52.5	0.068165
52.6	0.060925
52.7	0.07205
52.8	0.094477
52.9	0.081939
53.0	0.069931
53.1	0.070461
53.2	0.07258
53.3	0.073816
53.4	0.056333
53.5	0.069401
53.6	0.060395
53.7	0.043265
53.8	0.0332
53.9	0.049269
54.0	0.04097
54.1	0.014127
54.2	0.024017
54.3	0.024546
54.4	0.019602
54.5	0.028961
54.6	0.047327
54.7	0.050859
54.8	0.030727
54.9	0.051918
55.0	0.06428
55.1	0.04874
55.2	0.044325
55.3	0.046444
55.4	0.043619
55.5	0.05545
55.6	0.060571
55.7	0.071697
55.8	0.063927
55.9	0.065693
56.0	0.059688
56.1	0.060925
56.2	0.076641
56.3	0.079467
56.4	0.077171
56.5	0.066929
56.6	0.060218
56.7	0.05598
56.8	0.043442
56.9	0.035848
57.0	0.028608
57.1	0.029314
57.2	0.032493
57.3	-0.000883
57.4	0.016423
57.5	0.021368
57.6	0.035672
57.7	0.048563
57.8	0.040616
57.9	0.044148
58.0	0.009359
58.1	0.009006
58.2	0.011479
58.3	0.014657
58.4	0.020132
58.5	0.025959
58.6	0.014657
58.7	0.018013
58.8	0.008123
58.9	0.016247
59.0	0.013951
59.1	0.029491
59.2	0.015187
59.3	0.015717
59.4	-0.005474
59.5	0.007417
59.6	0.032846
59.7	0.028078
59.8	0.027902
59.9	0.034789
60.0	0.035672
60.1	0.014834
60.2	0.019778
60.3	0.021015
60.4	0.015364
60.5	0.012538
60.6	-0.005651
60.7	-0.018542
60.8	-0.010242
60.9	-0.0166
61.0	-0.021544
61.1	-0.043442
61.2	-0.034789
61.3	-0.024017
61.4	-0.052095
61.5	-0.035848
61.6	-0.035142
61.7	-0.030727
61.8	-0.014657
61.9	-0.006534
62.0	0.006887
62.1	0.006887
62.2	0.003179
62.3	0.001236
62.4	-0.011832
62.5	0.003708
62.6	0.014657
62.7	0.005474
62.8	0.005121
62.9	0.002119
63.0	0.00883
63.1	0.013951
63.2	0.017306
63.3	0.014657
63.4	0.016953
63.5	0.030197
63.6	0.0249
63.7	0.001766
63.8	0.0083
63.9	-0.006357
64.0	-0.003885
64.1	-0.006357
64.2	-0.011302
64.3	-0.026312
64.4	-0.036025
64.5	-0.035672
64.6	-0.030904
64.7	-0.028255
64.8	-0.009183
64.9	0.000706
65.0	0.022957
65.1	0.032317
65.2	0.030727
65.3	0.022251
65.4	0.005474
65.5	0.001943
65.6	-0.00053
65.7	0.019072
65.8	0.024723
65.9	0.030904
66.0	0.021191
66.1	0.020838
66.2	0.004415
66.3	0.012362
66.4	0.025076
66.5	0.021368
66.6	0.023663
66.7	0.013774
66.8	-0.006004
66.9	0.000706
67.0	0.009536
67.1	0.014481
67.2	0.026312
67.3	0.042736
67.4	0.040793
67.5	0.033553
67.6	0.03938
67.7	0.041323
67.8	0.064457
67.9	0.047504
68.0	0.051389
68.1	0.038321
68.2	0.025606
68.3	0.014834
68.4	0.004062
68.5	-0.004945
68.6	-0.009713
68.7	-0.037085
68.8	-0.017306
68.9	-0.02384
69.0	-0.013951
69.1	0.002649
69.2	-0.004238
69.3	-0.011655
69.4	-0.018542
69.5	-0.029491
69.6	-0.020132
69.7	-0.004062
69.8	0.002119
69.9	0.011125
70.0	0.006534
70.1	0.012185
70.2	-0.010949
70.3	-0.009713
70.4	-0.021544
70.5	-0.025606
70.6	-0.047857
70.7	-0.038144
70.8	-0.037614
70.9	-0.027195
71.0	-0.040616
71.1	-0.043089
71.2	-0.03885
71.3	-0.039027
71.4	-0.036025
71.5	-0.04768
71.6	-0.043089
71.7	-0.062514
71.8	-0.064986
71.9	-0.061984
72.0	-0.034965
72.1	-0.034789
72.2	-0.046621
72.3	-0.048563
72.4	-0.032846
72.5	-0.041676
72.6	-0.036731
72.7	-0.029844
72.8	-0.010596
72.9	0.010242
73.0	0.0249
73.1	0.003002
73.2	-0.003179
73.3	0.006887
73.4	0.0
73.5	-0.002649
73.6	-0.013774
73.7	-0.010949
73.8	-0.016423
73.9	-0.005298
74.0	0.002649
74.1	0.012008
74.2	-0.002119
74.3	-0.012891
74.4	-0.049269
74.5	-0.054214
74.6	-0.039027
74.7	-0.046621
74.8	-0.051918
74.9	-0.058276
75.0	-0.04874
75.1	-0.043619
75.2	-0.060571
75.3	-0.075405
75.4	-0.06322
75.5	-0.054744
75.6	-0.048916
75.7	-0.060042
75.8	-0.049446
75.9	-0.042559
76.0	-0.067635
76.1	-0.051389
76.2	-0.038674
76.3	-0.045738
76.4	-0.042029
76.5	-0.06428
76.6	-0.056686
76.7	-0.050329
76.8	-0.040263
76.9	-0.035848
77.0	-0.0249
77.1	-0.033376
77.2	-0.029844
77.3	-0.01713
77.4	-0.010242
77.5	0.006534
77.6	-0.013421
77.7	-0.012185
77.8	0.004945
77.9	0.03161
78.0	0.044855
78.1	0.046797
78.2	0.060218
78.3	0.079467
78.4	0.079467
78.5	0.077524
78.6	0.060571
78.7	0.042736
78.8	0.037968
78.9	0.04874
79.0	0.059159
79.1	0.08035
79.2	0.097303
79.3	0.086707
79.4	0.061278
79.5	0.082292
79.6	0.076112
79.7	0.067635
79.8	0.052978
79.9	0.01501
80.0	0.010772
80.1	-0.007064
80.2	-0.012362
80.3	-0.011479
80.4	-0.002296
80.5	-0.006887
80.6	-0.026312
80.7	-0.012362
80.8	-0.014304
80.9	0.000883
81.0	-0.000883
81.1	-0.016247
81.2	-0.016247
81.3	-0.030904
81.4	-0.030374
81.5	-0.04768
81.6	-0.041323
81.7	-0.03214
81.8	-0.024546
81.9	-0.019955
82.0	-0.004238
82.1	-0.009359
82.2	0.020838
82.3	0.029138
82.4	0.018013
82.5	0.001766
82.6	-0.018366
82.7	-0.013598
82.8	-0.043795
82.9	-0.030727
83.0	-0.040263
83.1	-0.020838
83.2	-0.023134
83.3	-0.029668
83.4	-0.020485
83.5	-0.043442
83.6	-0.022074
83.7	-0.0083
83.8	-0.003708
83.9	-0.025253
84.0	-0.013421
84.1	-0.029668
84.2	-0.031787
84.3	-0.045031
84.4	-0.024723
84.5	0.003179
84.6	0.01554
84.7	0.025253
84.8	0.038674
84.9	0.073993
85.0	0.081409
85.1	0.070107
85.2	0.062867
85.3	0.055274
85.4	0.040793
85.5	0.03267
85.6	0.042382
85.7	0.048563
85.8	0.0332
85.9	0.030727
86.0	0.049093
86.1	0.037261
86.2	0.066752
86.3	0.057216
86.4	0.045031
86.5	0.027372
86.6	0.019602
86.7	0.0166
86.8	0.018013
86.9	0.025429
87.0	0.052801
87.1	0.043619
87.2	0.037968
87.3	0.026136
87.4	0.028785
87.5	0.012185
87.6	0.01554
87.7	0.015187
87.8	0.004768
87.9	0.007594
88.0	0.041676
88.1	0.035495
88.2	0.030021
88.3	0.033023
88.4	0.024017
88.5	0.019778
88.6	0.018895
88.7	-0.000177
88.8	0.020485
88.9	0.020132
89.0	0.015364
89.1	0.000883
89.2	0.005828
89.3	0.0
89.4	-0.025959
89.5	-0.017483
89.6	-0.044678
89.7	-0.062161
89.8	-0.074346
89.9	-0.066576
90.0	-0.075405
90.1	-0.065163
90.2	-0.03214
90.3	-0.009536
90.4	-0.013774
90.5	0.005828
90.6	0.009713
90.7	0.00724
90.8	0.007417
90.9	0.028255
91.0	0.017483
91.1	0.016247
91.2	0.012185
91.3	0.019425
91.4	0.039204
91.5	0.044855
91.6	0.034789
91.7	0.007064
91.8	-0.005828
91.9	0.017483
92.0	0.005121
92.1	-0.012891
92.2	-0.024546
92.3	-0.03108
92.4	-0.036378
92.5	-0.05704
92.6	-0.070284
92.7	-0.06481
92.8	-0.070814
92.9	-0.065693
93.0	-0.064457
93.1	-0.05492
93.2	-0.03161
93.3	-0.042559
93.4	-0.034082
93.5	-0.037261
93.6	-0.022074
93.7	-0.019249
93.8	0.004591
93.9	-0.029844
94.0	-0.008476
94.1	0.002649
94.2	0.002649
94.3	-0.000883
94.4	0.005474
94.5	0.003179
94.6	-0.001766
94.7	0.003355
94.8	0.022604
94.9	0.022604
95.0	0.003355
95.1	-0.004945
95.2	-0.031434
95.3	-0.026842
95.4	-0.0166
95.5	-0.016776
95.6	-0.035848
95.7	-0.016247
95.8	-0.024017
95.9	-0.026312
96.0	-0.03161
96.1	-0.021898
96.2	-0.02437
96.3	-0.043265
96.4	-0.045384
96.5	-0.055627
96.6	-0.071697
96.7	-0.091299
96.8	-0.092182
96.9	-0.094477
97.0	-0.093771
97.1	-0.102424
97.2	-0.069578
97.3	-0.071344
97.4	-0.084941
97.5	-0.099599
97.6	-0.104543
97.7	-0.090945
97.8	-0.08865
97.9	-0.102777
98.0	-0.106133
98.1	-0.101188
98.2	-0.105779
98.3	-0.105779
98.4	-0.109311
98.5	-0.109135
98.6	-0.111783
98.7	-0.09536
98.8	-0.097126
98.9	-0.131562
99.0	-0.118671
99.1	-0.117964
99.2	-0.122379
99.3	-0.119024
99.4	-0.094831
99.5	-0.092358
99.6	-0.091652
99.7	-0.074699
99.8	-0.09642
99.9	-0.090945
100.0	-0.058629
100.1	-0.059159
100.2	-0.05598
100.3	-0.059865
100.4	-0.048033
100.5	-0.066222
100.6	-0.050506
100.7	-0.057569
100.8	-0.019955
100.9	-0.014834
101.0	-0.025253
101.1	-0.029491
101.2	-0.029668
101.3	-0.041853
101.4	-0.039204
101.5	-0.051742
101.6	-0.058276
101.7	-0.075935
101.8	-0.046797
101.9	-0.045031
102.0	-0.027902
102.1	-0.04044
102.2	-0.049976
102.3	-0.045738
102.4	-0.046974
102.5	-0.067812
102.6	-0.071344
102.7	-0.066046
102.8	-0.070814
102.9	-0.057569
103.0	-0.054744
103.1	-0.055274
103.2	-0.041499
103.3	-0.032493
103.4	-0.058629
103.5	-0.054744
103.6	-0.06375
103.7	-0.060925
103.8	-0.051918
103.9	-0.045384
104.0	-0.070107
104.1	-0.077348
104.2	-0.066222
104.3	-0.066399
104.4	-0.067282
104.5	-0.052801
104.6	-0.036378
104.7	-0.045914
104.8	-0.045031
104.9	-0.042382
105.0	-0.031963
105.1	-0.020132
105.2	-0.003355
105.3	-0.013421
105.4	0.018366
105.5	0.046974
105.6	0.043972
105.7	0.049269
105.8	0.054744
105.9	0.061631
106.0	0.044855
106.1	0.046267
106.2	0.069401
106.3	0.065339
106.4	0.045914
106.5	0.052625
106.6	0.067282
106.7	0.078054
106.8	0.086531
106.9	0.07152
107.0	0.067282
107.1	0.084058
107.2	0.086354
107.3	0.077348
107.4	0.060748
107.5	0.088826
107.6	0.04044
107.7	0.07099
107.8	0.056863
107.9	0.052095
108.0	0.068165
108.1	0.07258
108.2	0.06375
108.3	0.04768
108.4	0.022957
108.5	0.023487
108.6	0.029314
108.7	0.014834
108.8	0.002649
108.9	0.031787
109.0	0.021368
109.1	0.014834
109.2	0.04097
109.3	0.051389
109.4	0.054391
109.5	0.043265
109.6	0.054567
109.7	0.041853
109.8	0.029314
109.9	0.0249
110.0	0.034789
110.1	0.04097
110.2	0.037438
110.3	0.010066
110.4	-0.000353
110.5	0.025076
110.6	0.021544
110.7	0.01607
110.8	0.019955
110.9	0.03214
111.0	0.010772
111.1	-0.009536
111.2	0.002649
111.3	0.014657
111.4	0.01554
111.5	0.020485
111.6	-0.021544
111.7	-0.037438
111.8	-0.030904
111.9	-0.017836
112.0	-0.03267
112.1	-0.024723
112.2	-0.034259
112.3	-0.03938
112.4	-0.044678
112.5	-0.03267
112.6	-0.032493
112.7	-0.04044
112.8	-0.031787
112.9	-0.025959
113.0	-0.025606
113.1	-0.033376
113.2	-0.035848
113.3	-0.035672
113.4	-0.023487
113.5	-0.004062
113.6	-0.002296
113.7	-0.005298
113.8	-0.021015
113.9	-0.01554
114.0	-0.012538
114.1	0.010949
114.2	0.001766
114.3	-0.014127
114.4	-0.009183
114.5	-0.018013
114.6	-0.024193
114.7	-0.020308
114.8	-0.04044
114.9	-0.029314
115.0	-0.033376
115.1	-0.007947
115.2	0.012008
115.3	0.020132
115.4	0.033906
115.5	0.040263
115.6	0.052625
115.7	0.089003
115.8	0.084235
115.9	0.062867
116.0	0.067635
116.1	0.043972
116.2	0.034082
116.3	0.04768
116.4	0.040263
116.5	0.029844
116.6	0.018366
116.7	0.014127
116.8	0.020485
116.9	0.021191
117.0	0.012891
117.1	-0.022074
117.2	-0.016423
117.3	-0.032846
117.4	-0.045914
117.5	-0.03885
117.6	-0.028785
117.7	-0.013068
117.8	-0.002472
117.9	0.00724
118.0	-0.002119
118.1	-0.025783
118.2	-0.026136
118.3	-0.012362
118.4	0.015893
118.5	0.02437
118.6	0.016247
118.7	0.024193
118.8	0.0166
118.9	0.021544
119.0	0.022957
119.1	0.035319
119.2	0.026842
119.3	0.025429
119.4	0.043795
119.5	0.039557
119.6	0.040616
119.7	0.036908
119.8	0.034436
119.9	0.012891
120.0	-0.008123
120.1	0.006711
120.2	-0.027372
120.3	0.005474
120.4	0.010949
120.5	-0.018542
120.6	-0.006887
120.7	-0.004945
120.8	-0.011655
120.9	0.000177
121.0	-0.025606
121.1	-0.046091
121.2	-0.030197
121.3	-0.057393
121.4	-0.058629
121.5	-0.035848
121.6	-0.060218
121.7	-0.053684
121.8	-0.05545
121.9	-0.054038
122.0	-0.060042
122.1	-0.052978
122.2	-0.08035
122.3	-0.101718
122.4	-0.082822
122.5	-0.057216
122.6	-0.078761
122.7	-0.060748
122.8	-0.052801
122.9	-0.038144
123.0	-0.040616
123.1	-0.021721
123.2	-0.030197
123.3	-0.034082
123.4	-0.041853
123.5	-0.036202
123.6	-0.064633
123.7	-0.078407
123.8	-0.10419
123.9	-0.08918
124.0	-0.08035
124.1	-0.037085
124.2	-0.037438
124.3	-0.031787
124.4	-0.050682
124.5	-0.043442
124.6	-0.057746
124.7	-0.081939
124.8	-0.055803
124.9	-0.076818
125.0	-0.090239
125.1	-0.067105
125.2	-0.074346
125.3	-0.064457
125.4	-0.059512
125.5	-0.033376
125.6	-0.03108
125.7	0.011302
125.8	0.020132
125.9	0.025253
126.0	0.039557
126.1	0.042912
126.2	0.043619
126.3	0.03161
126.4	0.030727
126.5	0.044678
126.6	0.009536
126.7	0.013951
126.8	0.028078
126.9	0.035495
127.0	0.040793
127.1	0.063574
127.2	0.066576
127.3	0.046091
127.4	0.03885
127.5	0.052272
127.6	0.08918
127.7	0.085824
127.8	0.096243
127.9	0.079467
128.0	0.068165
128.1	0.044855
128.2	0.027549
128.3	0.009183
128.4	0.012538
128.5	0.007947
128.6	0.014657
128.7	-0.005298
128.8	0.006711
128.9	-0.009713
129.0	-0.001589
129.1	0.021368
129.2	0.020838
129.3	0.005651
129.4	-0.008123
129.5	-0.019602
129.6	-0.057569
129.7	-0.086177
129.8	-0.081939
129.9	-0.050329
130.0	-0.024546
130.1	-0.027195
130.2	-0.017659
130.3	0.007417
130.4	0.012185
130.5	-0.009536
130.6	-0.008123
130.7	-0.006004
130.8	0.001943
130.9	-0.019249
131.0	-0.013598
131.1	-0.014481
131.2	0.006181
131.3	0.011302
131.4	0.028608
131.5	0.051212
131.6	0.064457
131.7	0.074699
131.8	0.094654
131.9	0.131032
132.0	0.117258
132.1	0.112137
132.2	0.08706
132.3	0.08759
132.4	0.086177
132.5	0.064633
132.6	0.038674
132.7	0.050506
132.8	0.053861
132.9	0.070637
133.0	0.039557
133.1	0.036731
133.2	0.07099
133.3	0.074346
133.4	0.037614
133.5	0.0332
133.6	0.033729
133.7	0.050859
133.8	0.049623
133.9	0.08706
134.0	0.086354
134.1	0.074699
134.2	0.072756
134.3	0.060748
134.4	0.100835
134.5	0.068165
134.6	0.041323
134.7	0.018013
134.8	-0.008476
134.9	-0.004238
135.0	-0.013244
135.1	-0.000353
135.2	-0.002825
135.3	0.014657
135.4	0.031257
135.5	0.019425
135.6	0.006181
135.7	-0.014481
135.8	-0.014481
135.9	0.00883
136.0	0.018895
136.1	0.018366
136.2	0.017306
136.3	-0.015187
136.4	-0.013951
136.5	-0.006004
136.6	-0.022957
136.7	-0.030727
136.8	-0.029491
136.9	-0.013951
137.0	-0.025429
137.1	-0.012008
137.2	-0.03161
137.3	-0.002296
137.4	0.009713
137.5	0.027549
137.6	0.031257
137.7	0.022251
137.8	0.01713
137.9	0.014127
138.0	0.017483
138.1	-0.00777
138.2	-0.008123
138.3	-0.039557
138.4	-0.051212
138.5	-0.045738
138.6	-0.020308
138.7	-0.003355
138.8	0.007064
138.9	0.006887
139.0	0.002296
139.1	-0.011655
139.2	-0.020838
139.3	-0.022427
139.4	-0.008653
139.5	-0.003532
139.6	-0.013598
139.7	-0.024723
139.8	-0.030021
139.9	-0.049799
140.0	-0.050859
140.1	-0.030727
140.2	-0.006004
140.3	-0.028255
140.4	-0.003532
140.5	0.016953
140.6	0.012362
140.7	0.011125
140.8	0.019778
140.9	0.015364
141.0	0.03108
141.1	0.031963
141.2	-0.005121
141.3	-0.004945
141.4	-0.011479
141.5	-0.013068
141.6	-0.018366
141.7	-0.037791
141.8	-0.011655
141.9	-0.029138
142.0	-0.032846
142.1	-0.00724
142.2	-0.00053
142.3	0.0083
142.4	0.003179
142.5	0.028785
142.6	0.037085
142.7	0.030551
142.8	0.033553
142.9	0.043089
143.0	0.069754
143.1	0.087414
143.2	0.058099
143.3	0.047504
143.4	0.029138
143.5	0.047857
143.6	0.03108
143.7	0.031787
143.8	0.031257
143.9	0.034259
144.0	-0.009006
144.1	-0.018895
144.2	-0.005121
144.3	-0.03267
144.4	-0.034789
144.5	-0.027549
144.6	-0.0249
144.7	-0.02437
144.8	-0.011125
144.9	-0.005651
145.0	-0.016247
145.1	-0.004945
145.2	-0.007594
145.3	-0.006534
145.4	-0.041676
145.5	-0.037438
145.6	-0.046267
145.7	-0.034082
145.8	-0.039204
145.9	-0.028255
146.0	-0.049976
146.1	-0.028961
146.2	-0.007064
146.3	-0.034965
146.4	-0.021898
146.5	-0.037614
146.6	-0.028432
146.7	-0.062161
146.8	-0.086177
146.9	-0.056157
147.0	-0.058276
147.1	-0.069225
147.2	-0.047857
147.3	-0.028785
147.4	-0.069754
147.5	-0.069401
147.6	-0.056863
147.7	-0.061984
147.8	-0.083175
147.9	-0.066399
148.0	-0.066752
148.1	-0.056863
148.2	-0.063927
148.3	-0.075229
148.4	-0.070284
148.5	-0.057393
148.6	-0.074699
148.7	-0.059159
148.8	-0.049799
148.9	-0.053684
149.0	-0.055627
149.1	-0.009183
149.2	-0.003179
149.3	0.00053
149.4	-0.001766
149.5	-0.000353
149.6	0.00106
149.7	0.009183
149.8	-0.033023
149.9	-0.035495
150.0	-0.041146
150.1	-0.024546
150.2	-0.034259
150.3	0.004768
150.4	0.012538
150.5	0.039027
150.6	0.062691
150.7	0.081586
150.8	0.065339
150.9	0.076288
151.0	0.084058
151.1	0.10419
151.2	0.116728
151.3	0.07982
151.4	0.055627
151.5	0.041146
151.6	0.042559
151.7	0.014657
151.8	-0.009889
151.9	0.012715
152.0	0.06375
152.1	0.073463
152.2	0.061808
152.3	0.077524
152.4	0.059865
152.5	0.06428
152.6	0.051035
152.7	0.060042
152.8	0.04874
152.9	0.034082
153.0	0.035495
153.1	0.028608
153.2	0.011479
153.3	0.027372
153.4	0.003002
153.5	0.011832
153.6	0.019072
153.7	0.033553
153.8	0.041853
153.9	0.046797
154.0	0.053155
154.1	0.046267
154.2	0.057216
154.3	0.050506
154.4	0.042206
154.5	0.058276
154.6	0.061631
154.7	0.100658
154.8	0.110371
154.9	0.151517
155.0	0.167234
155.1	0.151517
155.2	0.140392
155.3	0.151164
155.4	0.147808
155.5	0.16017
155.6	0.159287
155.7	0.17571
155.8	0.136153
155.9	0.117964
156.0	0.11302
156.1	0.119377
156.2	0.157345
156.3	0.147102
156.4	0.160347
156.5	0.147279
156.6	0.149928
156.7	0.156815
156.8	0.174121
156.9	0.144806
157.0	0.143217
157.1	0.13633
157.2	0.145336
157.3	0.194959
157.4	0.152047
157.5	0.148162
157.6	0.146396
157.7	0.177829
157.8	0.199197
157.9	0.211029
158.0	0.201669
158.1	0.179772
158.2	0.133858
158.3	0.1607
158.4	0.130856
158.5	0.126264
158.6	0.118671
158.7	0.116551
158.8	0.091122
158.9	0.097479
159.0	0.109135
159.1	0.125911
159.2	0.115669
159.3	0.081939
159.4	0.077878
159.5	0.067988
159.6	0.045914
159.7	0.083529
159.8	0.093948
159.9	0.081056
160.0	0.049799
160.1	0.022074
160.2	0.024193
160.3	0.049446
160.4	0.065693
160.5	0.058806
160.6	0.058452
160.7	0.033553
160.8	0.016776
160.9	-0.001589
161.0	-0.041323
161.1	-0.07099
161.2	-0.056333
161.3	-0.053155
161.4	-0.053684
161.5	-0.043089
161.6	-0.067812
161.7	-0.072933
161.8	-0.107015
161.9	-0.094831
162.0	-0.081586
162.1	-0.049269
162.2	-0.057923
162.3	-0.025606
162.4	-0.010772
162.5	-0.024723
162.6	-0.016247
162.7	-0.027549
162.8	-0.042736
162.9	-0.068695
163.0	-0.048387
163.1	-0.036202
163.2	-0.038497
163.3	-0.03108
163.4	-0.043619
163.5	-0.029491
163.6	-0.038144
163.7	-0.021898
163.8	-0.015364
163.9	0.026312
164.0	0.056333
164.1	0.046797
164.2	0.023134
164.3	0.030904
164.4	0.03991
164.5	0.034965
164.6	0.076288
164.7	0.074699
164.8	0.048033
164.9	0.037261
165.0	0.023663
165.1	0.046267
165.2	0.062867
165.3	0.04715
165.4	0.091828
165.5	0.085648
165.6	0.08812
165.7	0.119377
165.8	0.110194
165.9	0.125028
166.0	0.091652
166.1	0.07982
166.2	0.086354
166.3	0.10419
166.4	0.090239
166.5	0.09695
166.6	0.092535
166.7	0.102777
166.8	0.088297
166.9	0.101541
167.0	0.117434
167.1	0.075935
167.2	0.076465
167.3	0.098362
167.4	0.112137
167.5	0.12026
167.6	0.122202
167.7	0.129973
167.8	0.125028
167.9	0.101718
168.0	0.099245
168.1	0.11196
168.2	0.108958
168.3	0.101718
168.4	0.058276
168.5	0.030904
168.6	0.016423
168.7	0.0166
168.8	0.026312
168.9	0.035672
169.0	0.071873
169.1	0.03885
169.2	0.054567
169.3	0.087237
169.4	0.096243
169.5	0.115315
169.6	0.11302
169.7	0.099599
169.8	0.125205
169.9	0.124851
170.0	0.109135
170.1	0.093418
170.2	0.07099
170.3	0.065693
170.4	0.073286
170.5	0.090416
170.6	0.092535
170.7	0.079997
170.8	0.08088
170.9	0.093241
171.0	0.088826
171.1	0.07152
171.2	0.074699
171.3	0.062161
171.4	0.040087
171.5	-0.006357
171.6	0.011479
171.7	0.035672
171.8	0.019425
171.9	0.0083
172.0	0.018189
172.1	0.02437
172.2	0.005298
172.3	-0.014834
172.4	-0.016953
172.5	-0.007594
172.6	0.00053
172.7	0.016776
172.8	0.072756
172.9	0.069225
173.0	0.067459
173.1	0.042382
173.2	0.058276
173.3	0.068342
173.4	0.075405
173.5	0.067988
173.6	0.059159
173.7	0.080173
173.8	0.058099
173.9	0.070814
174.0	0.077524
174.1	0.104013
174.2	0.093771
174.3	0.049093
174.4	0.029844
174.5	0.01501
174.6	0.043442
174.7	0.041146
174.8	0.020661
174.9	0.029844
175.0	0.063397
175.1	0.06481
175.2	0.025959
175.3	0.010596
175.4	-0.001943
175.5	-0.016776
175.6	0.004415
175.7	0.009359
175.8	-0.015717
175.9	-0.030727
176.0	-0.010949
176.1	-0.004238
176.2	-0.022781
176.3	-0.013598
176.4	0.002825
176.5	-0.012008
176.6	0.019778
176.7	0.006887
176.8	0.024546
176.9	-0.008476
177.0	-0.035319
177.1	-0.036378
177.2	0.003355
177.3	-0.011125
177.4	-0.005828
177.5	-0.031787
177.6	-0.025783
177.7	-0.014127
177.8	0.014834
177.9	0.006887
178.0	-0.019602
178.1	-0.045384
178.2	-0.040793
178.3	-0.054744
178.4	-0.016247
178.5	0.018719
178.6	0.00777
178.7	0.021191
178.8	0.027902
178.9	-0.00106
179.0	-0.04715
179.1	-0.035848
179.2	-0.02384
179.3	-0.035848
179.4	-0.041499
179.5	-0.026136
179.6	-0.064457
179.7	-0.067812
179.8	-0.111783
179.9	-0.106839
180.0	-0.11302
180.1	-0.099599
180.2	-0.085295
180.3	-0.10525
180.4	-0.118317
180.5	-0.083705
180.6	-0.086707
180.7	-0.089886
180.8	-0.110371
180.9	-0.10525
181.0	-0.077171
181.1	-0.110901
181.2	-0.100658
181.3	-0.089533
181.4	-0.092888
181.5	-0.048033
181.6	-0.041853
181.7	-0.006711
181.8	-0.026842
181.9	0.00053
182.0	0.024546
182.1	0.020661
182.2	0.025253
182.3	0.067105
182.4	0.0166
182.5	0.0332
182.6	0.061101
182.7	0.092535
182.8	0.113373
182.9	0.123792
183.0	0.129443
183.1	0.087414
183.2	0.084588
183.3	0.079467
183.4	0.102247
183.5	0.109488
183.6	0.082469
183.7	0.077701
183.8	0.046267
183.9	0.041146
184.0	0.013951
184.1	0.019072
184.2	0.055097
184.3	0.049446
184.4	0.04874
184.5	0.028432
184.6	0.020132
184.7	0.010066
184.8	0.013421
184.9	0.02331
185.0	0.034789
185.1	0.025076
185.2	0.024546
185.3	0.003532
185.4	-0.004945
185.5	-0.000177
185.6	0.009713
185.7	0.042206
185.8	0.014481
185.9	0.001236
186.0	0.010066
186.1	-0.015364
186.2	-0.017659
186.3	0.018895
186.4	0.045914
186.5	0.024017
186.6	0.027725
186.7	0.010242
186.8	0.006004
186.9	0.029138
187.0	0.030727
187.1	0.020132
187.2	0.021721
187.3	0.008653
187.4	0.01554
187.5	0.03214
187.6	0.048387
187.7	0.065693
187.8	0.069225
187.9	0.078761
188.0	0.091828
188.1	0.121496
188.2	0.098362
188.3	0.058276
188.4	0.057746
188.5	0.066752
188.6	0.093418
188.7	0.111783
188.8	0.136153
188.9	0.138979
189.0	0.189661
189.1	0.204671
189.2	0.173415
189.3	0.186482
189.4	0.169883
189.5	0.173591
189.6	0.162819
189.7	0.155402
189.8	0.135624
189.9	0.121143
190.0	0.098539
190.1	0.079644
190.2	0.061808
190.3	0.034965
190.4	0.050859
190.5	0.056333
190.6	0.061278
190.7	0.067105
190.8	0.048033
190.9	0.084412
191.0	0.112313
191.1	0.090063
191.2	0.111607
191.3	0.101541
191.4	0.100835
191.5	0.071873
191.6	0.05704
191.7	0.091122
191.8	0.087767
191.9	0.057216
192.0	0.07258
192.1	0.086707
192.2	0.097479
192.3	0.071167
192.4	0.041499
192.5	0.036202
192.6	0.033553
192.7	0.017836
192.8	0.041676
192.9	0.035672
193.0	0.041146
193.1	0.048563
193.2	0.071344
193.3	0.035142
193.4	0.0166
193.5	-0.027549
193.6	-0.024546
193.7	-0.020308
193.8	-0.033376
193.9	-0.048563
194.0	-0.057393
194.1	-0.051389
194.2	-0.019602
194.3	-0.013244
194.4	-0.003532
194.5	0.00777
194.6	0.020661
194.7	0.041676
194.8	0.048387
194.9	0.053684
195.0	0.085648
195.1	0.057393
195.2	0.053684
195.3	0.060925
195.4	0.064986
195.5	0.033553
195.6	0.024017
195.7	0.039557
195.8	0.019955
195.9	0.010066
196.0	0.026489
196.1	0.008653
196.2	0.020132
196.3	0.03938
196.4	0.060218
196.5	0.018013
196.6	-0.012538
196.7	0.030904
196.8	0.058276
196.9	0.058982
197.0	0.059335
197.1	0.059335
197.2	0.041853
197.3	0.054038
197.4	0.034612
197.5	0.05545
197.6	0.056863
197.7	0.065339
197.8	0.037614
197.9	0.010772
198.0	-0.002296
198.1	0.004591
198.2	0.005474
198.3	0.009183
198.4	-0.000883
198.5	0.00106
198.6	-0.002649
198.7	0.010596
198.8	0.009536
198.9	0.015893
199.0	0.020838
199.1	0.024017
199.2	0.009713
199.3	0.00724
199.4	0.000883
199.5	0.017483
199.6	0.026666
199.7	0.013598
199.8	-0.003532
199.9	0.011832
200.0	0.00106
200.1	0.024546
200.2	0.038144

&

0.1	0.00053
0.2	-0.007067
0.3	-0.014664
0.4	-0.022261
0.5	-0.029858
0.6	-0.037455
0.7	-0.04205
0.8	-0.049647
0.9	-0.057243
1.0	-0.06484
1.1	-0.072437
1.2	-0.075619
1.3	-0.083216
1.4	-0.088871
1.5	-0.087461
1.6	-0.087288
1.7	-0.091706
1.8	-0.086235
1.9	-0.091713
2.0	-0.09931
2.1	-0.106907
2.2	-0.110089
2.3	-0.113801
2.4	-0.109036
2.5	-0.111512
2.6	-0.110986
2.7	-0.111166
2.8	-0.110816
2.9	-0.10923
3.0	-0.112589
3.1	-0.113652
3.2	-0.116657
3.3	-0.114718
3.4	-0.113132
3.5	-0.112076
3.6	-0.115788
3.7	-0.115438
3.8	-0.124095
3.9	-0.125687
4.0	-0.130106
4.1	-0.125518
4.2	-0.118281
4.3	-0.12835
4.4	-0.120407
4.5	-0.127827
4.6	-0.132775
4.7	-0.140019
4.8	-0.132782
4.9	-0.12943
5.0	-0.133318
5.1	-0.135794
5.2	-0.126791
5.3	-0.125382
5.4	-0.128034
5.5	-0.122387
5.6	-0.101199
5.7	-0.104028
5.8	-0.097674
5.9	-0.098737
6.0	-0.100859
6.1	-0.103688
6.2	-0.110226
6.3	-0.104578
6.4	-0.110762
6.5	-0.113415
6.6	-0.117126
6.7	-0.127019
6.8	-0.112542
6.9	-0.130205
7.0	-0.138155
7.1	-0.138511
7.2	-0.134983
7.3	-0.132514
7.4	-0.141877
7.5	-0.145589
7.6	-0.147535
7.7	-0.153366
7.8	-0.162728
7.9	-0.1675
8.0	-0.161499
8.1	-0.16839
8.2	-0.173161
8.3	-0.17493
8.4	-0.177583
8.5	-0.186239
8.6	-0.172468
8.7	-0.164878
8.8	-0.153226
8.9	-0.156232
9.0	-0.152174
9.1	-0.150058
9.2	-0.156949
9.3	-0.156246
9.4	-0.153424
9.5	-0.155369
9.6	-0.151488
9.7	-0.147959
9.8	-0.14549
9.9	-0.150792
10.0	-0.160861
10.1	-0.166339
10.2	-0.161221
10.3	-0.16246
10.4	-0.152398
10.5	-0.156993
10.6	-0.156996
10.7	-0.153468
10.8	-0.159652
10.9	-0.167072
11.0	-0.176259
11.1	-0.18209
11.2	-0.180327
11.3	-0.158963
11.4	-0.164441
11.5	-0.180161
11.6	-0.181577
11.7	-0.18317
11.8	-0.182643
11.9	-0.180881
12.0	-0.183003
12.1	-0.19166
12.2	-0.201729
12.3	-0.199437
12.4	-0.200323
12.5	-0.204741
12.6	-0.205981
12.7	-0.196448
12.8	-0.204045
12.9	-0.191687
13.0	-0.19381
13.1	-0.20017
13.2	-0.199821
13.3	-0.194173
13.4	-0.195413
13.5	-0.200361
13.6	-0.206015
13.7	-0.206725
13.8	-0.207611
13.9	-0.193311
14.0	-0.202497
14.1	-0.188373
14.2	-0.183961
14.3	-0.193854
14.4	-0.175668
14.5	-0.162427
14.6	-0.157839
14.7	-0.162611
14.8	-0.15661
14.9	-0.157143
15.0	-0.142842
15.1	-0.135782
15.2	-0.13349
15.3	-0.117247
15.4	-0.109657
15.5	-0.11637
15.6	-0.114078
15.7	-0.109667
15.8	-0.109494
15.9	-0.114971
16.0	-0.11886
16.1	-0.119216
16.2	-0.117101
16.3	-0.117457
16.4	-0.113046
16.5	-0.103337
16.6	-0.110934
16.7	-0.108465
16.8	-0.110234
16.9	-0.107235
17.0	-0.109888
17.1	-0.118544
17.2	-0.129143
17.3	-0.128087
17.4	-0.127384
17.5	-0.13816
17.6	-0.147522
17.7	-0.138166
17.8	-0.136581
17.9	-0.136054
18.0	-0.14524
18.1	-0.144537
18.2	-0.151251
18.3	-0.153727
18.4	-0.152318
18.5	-0.168215
18.6	-0.158682
18.7	-0.16363
18.8	-0.162397
18.9	-0.152688
19.0	-0.154457
19.1	-0.162584
19.2	-0.166826
19.3	-0.171067
19.4	-0.173367
19.5	-0.179197
19.6	-0.179554
19.7	-0.167019
19.8	-0.178855
19.9	-0.182566
20.0	-0.166853
20.1	-0.159263
20.2	-0.154852
20.3	-0.147615
20.4	-0.137905
20.5	-0.134377
20.6	-0.129436
20.7	-0.140035
20.8	-0.14357
20.9	-0.14481
21.0	-0.136866
21.1	-0.147465
21.2	-0.135107
21.3	-0.123985
21.4	-0.120987
21.5	-0.125405
21.6	-0.132119
21.7	-0.146073
21.8	-0.131243
21.9	-0.127714
22.0	-0.119418
22.1	-0.102292
22.2	-0.11448
22.3	-0.113424
22.4	-0.105834
22.5	-0.118905
22.6	-0.116966
22.7	-0.121737
22.8	-0.12333
22.9	-0.13852
23.0	-0.135698
23.1	-0.14824
23.2	-0.158662
23.3	-0.159195
23.4	-0.168912
23.5	-0.170857
23.6	-0.191346
23.7	-0.205477
23.8	-0.216429
23.9	-0.217315
24.0	-0.226148
24.1	-0.206903
24.2	-0.20726
24.3	-0.209029
24.4	-0.212917
24.5	-0.19844
24.6	-0.183786
24.7	-0.180258
24.8	-0.17514
24.9	-0.174614
25.0	-0.178502
25.1	-0.182391
25.2	-0.16756
25.3	-0.154319
25.4	-0.16845
25.5	-0.156268
25.6	-0.160687
25.7	-0.17676
25.8	-0.158221
25.9	-0.143921
26.0	-0.143041
26.1	-0.152051
26.2	-0.147816
26.3	-0.161594
26.4	-0.128044
26.5	-0.135994
26.6	-0.121694
26.7	-0.10598
26.8	-0.115873
26.9	-0.1157
27.0	-0.120118
27.1	-0.115707
27.2	-0.126306
27.3	-0.13249
27.4	-0.126666
27.5	-0.128788
27.6	-0.102832
27.7	-0.114138
27.8	-0.097895
27.9	-0.095249
28.0	-0.097548
28.1	-0.095786
28.2	-0.096319
28.3	-0.114335
28.4	-0.11063
28.5	-0.112929
28.6	-0.116641
28.7	-0.109757
28.8	-0.109584
28.9	-0.109764
29.0	-0.114712
29.1	-0.123722
29.2	-0.139618
29.3	-0.141388
29.4	-0.148631
29.5	-0.152696
29.6	-0.147755
29.7	-0.14511
29.8	-0.14582
29.9	-0.152534
30.0	-0.139292
30.1	-0.150421
30.2	-0.147423
30.3	-0.162436
30.4	-0.169504
30.5	-0.171449
30.6	-0.17057
30.7	-0.175518
30.8	-0.177111
30.9	-0.173406
31.0	-0.176588
31.1	-0.172706
31.2	-0.185954
31.3	-0.187194
31.4	-0.191788
31.5	-0.189673
31.6	-0.185438
31.7	-0.163014
31.8	-0.160368
31.9	-0.163727
32.0	-0.161435
32.1	-0.155434
32.2	-0.167269
32.3	-0.164094
32.4	-0.169572
32.5	-0.173813
32.6	-0.1664
32.7	-0.172761
32.8	-0.170645
32.9	-0.183186
33.0	-0.194845
33.1	-0.189904
33.2	-0.201209
33.3	-0.198034
33.4	-0.201922
33.5	-0.211109
33.6	-0.224357
33.7	-0.233543
33.8	-0.227895
33.9	-0.220658
34.0	-0.2249
34.1	-0.215014
34.2	-0.195946
34.3	-0.16222
34.4	-0.163812
34.5	-0.172822
34.6	-0.181655
34.7	-0.170886
34.8	-0.161884
34.9	-0.162593
35.0	-0.15518
35.1	-0.164896
35.2	-0.157129
35.3	-0.157486
35.4	-0.161551
35.5	-0.183099
35.6	-0.177628
35.7	-0.184518
35.8	-0.178694
35.9	-0.162098
36.0	-0.174816
36.1	-0.143386
36.2	-0.138621
36.3	-0.123791
36.4	-0.130328
36.5	-0.138808
36.6	-0.145875
36.7	-0.135283
36.8	-0.144469
36.9	-0.151536
37.0	-0.14218
37.1	-0.152779
37.2	-0.166733
37.3	-0.193756
37.4	-0.188461
37.5	-0.190584
37.6	-0.190764
37.7	-0.190237
37.8	-0.1913
37.9	-0.193423
38.0	-0.187422
38.1	-0.191664
38.2	-0.189371
38.3	-0.187256
38.4	-0.182138
38.5	-0.195386
38.6	-0.189562
38.7	-0.192037
38.8	-0.180032
38.9	-0.185863
39.0	-0.179333
39.1	-0.156203
39.2	-0.168568
39.3	-0.178637
39.4	-0.17193
39.5	-0.182705
39.6	-0.184651
39.7	-0.179004
39.8	-0.189426
39.9	-0.186251
40.0	-0.170361
40.1	-0.160828
40.2	-0.161538
40.3	-0.154124
40.4	-0.146005
40.5	-0.148127
40.6	-0.138948
40.7	-0.128002
40.8	-0.116527
40.9	-0.117943
41.0	-0.143376
41.1	-0.147265
41.2	-0.156981
41.3	-0.158927
41.4	-0.145862
41.5	-0.139508
41.6	-0.147458
41.7	-0.158587
41.8	-0.158237
41.9	-0.164775
42.0	-0.157185
42.1	-0.144297
42.2	-0.119577
42.3	-0.143774
42.4	-0.157728
42.5	-0.177863
42.6	-0.183341
42.7	-0.167098
42.8	-0.182111
42.9	-0.17046
43.0	-0.167991
43.1	-0.157222
43.2	-0.145217
43.3	-0.144514
43.4	-0.128624
43.5	-0.122447
43.6	-0.119801
43.7	-0.145058
43.8	-0.133582
43.9	-0.127228
44.0	-0.120521
44.1	-0.113108
44.2	-0.123354
44.3	-0.093689
44.4	-0.100933
44.5	-0.110296
44.6	-0.109593
44.7	-0.108007
44.8	-0.102713
44.9	-0.081172
45.0	-0.078879
45.1	-0.076411
45.2	-0.061404
45.3	-0.075181
45.4	-0.081012
45.5	-0.082782
45.6	-0.066362
45.7	-0.067248
45.8	-0.064603
45.9	-0.065842
46.0	-0.063197
46.1	-0.069204
46.2	-0.052078
46.3	-0.05632
46.4	-0.067095
46.5	-0.069218
46.6	-0.081936
46.7	-0.105073
46.8	-0.099073
46.9	-0.110378
47.0	-0.098903
47.1	-0.102261
47.2	-0.109152
47.3	-0.093085
47.4	-0.100682
47.5	-0.091679
47.6	-0.095038
47.7	-0.108816
47.8	-0.104051
47.9	-0.104055
48.0	-0.087811
48.1	-0.072098
48.2	-0.084463
48.3	-0.080405
48.4	-0.081644
48.5	-0.089948
48.6	-0.096838
48.7	-0.090131
48.8	-0.091724
48.9	-0.112212
49.0	-0.116277
49.1	-0.106744
49.2	-0.106395
49.3	-0.088209
49.4	-0.100574
49.5	-0.096692
49.6	-0.088572
49.7	-0.095286
49.8	-0.100588
49.9	-0.100061
50.0	-0.098475
50.1	-0.08806
50.2	-0.084708
50.3	-0.097073
50.4	-0.0886
50.5	-0.104673
50.6	-0.1211
50.7	-0.122163
50.8	-0.125345
50.9	-0.127291
51.0	-0.11246
51.1	-0.12818
51.2	-0.111054
51.3	-0.125715
51.4	-0.143554
51.5	-0.141792
51.6	-0.127668
51.7	-0.137384
51.8	-0.13156
51.9	-0.141099
52.0	-0.145164
52.1	-0.14605
52.2	-0.142169
52.3	-0.145528
52.4	-0.146237
52.5	-0.13282
52.6	-0.143065
52.7	-0.139537
52.8	-0.145015
52.9	-0.151376
53.0	-0.157736
53.1	-0.152089
53.2	-0.155801
53.3	-0.158276
53.4	-0.163048
53.5	-0.162168
53.6	-0.137449
53.7	-0.130565
53.8	-0.136219
53.9	-0.142757
54.0	-0.146468
54.1	-0.160599
54.2	-0.177732
54.3	-0.188155
54.4	-0.205464
54.5	-0.188691
54.6	-0.199997
54.7	-0.203709
54.8	-0.209363
54.9	-0.203892
55.0	-0.236212
55.1	-0.241337
55.2	-0.242223
55.3	-0.206378
55.4	-0.230928
55.5	-0.220512
55.6	-0.198088
55.7	-0.189439
55.8	-0.19421
55.9	-0.189799
56.0	-0.178853
56.1	-0.18592
56.2	-0.192281
56.3	-0.165972
56.4	-0.186284
56.5	-0.21984
56.6	-0.191765
56.7	-0.200951
56.8	-0.18771
56.9	-0.174999
57.0	-0.194428
57.1	-0.192135
57.2	-0.172184
57.3	-0.198676
57.4	-0.15771
57.5	-0.14959
57.6	-0.139528
57.7	-0.134586
57.8	-0.11852
57.9	-0.103689
58.0	-0.088682
58.1	-0.096103
58.2	-0.114648
58.3	-0.074918
58.4	-0.058145
58.5	-0.066625
58.6	-0.092941
58.7	-0.07917
58.8	-0.077761
58.9	-0.042269
59.0	-0.037151
59.1	-0.041216
59.2	-0.050756
59.3	-0.065593
59.4	-0.071247
59.5	-0.085908
59.6	-0.105513
59.7	-0.102691
59.8	-0.115409
59.9	-0.144904
60.0	-0.143494
60.1	-0.166455
60.2	-0.139263
60.3	-0.144388
60.4	-0.16258
60.5	-0.154107
60.6	-0.167002
60.7	-0.167712
60.8	-0.174779
60.9	-0.184495
61.0	-0.161718
61.1	-0.180617
61.2	-0.169141
61.3	-0.162258
61.4	-0.150606
61.5	-0.158909
61.6	-0.171274
61.7	-0.162978
61.8	-0.149383
61.9	-0.143736
62.0	-0.148861
62.1	-0.153455
62.2	-0.145865
62.3	-0.164234
62.4	-0.177482
62.5	-0.157707
62.6	-0.153826
62.7	-0.161069
62.8	-0.162485
62.9	-0.158251
63.0	-0.164082
63.1	-0.175917
63.2	-0.202409
63.3	-0.179102
63.4	-0.179459
63.5	-0.164628
63.6	-0.169047
63.7	-0.176997
63.8	-0.180709
63.9	-0.174708
64.0	-0.164646
64.1	-0.188842
64.2	-0.179839
64.3	-0.160064
64.4	-0.154593
64.5	-0.183381
64.6	-0.183385
64.7	-0.168378
64.8	-0.165556
64.9	-0.155847
65.0	-0.137308
65.1	-0.156383
65.2	-0.163097
65.3	-0.167339
65.4	-0.16487
65.5	-0.176352
65.6	-0.185538
65.7	-0.18872
65.8	-0.184132
65.9	-0.138928
66.0	-0.142286
66.1	-0.146881
66.2	-0.135053
66.3	-0.126933
66.4	-0.119343
66.5	-0.119346
66.6	-0.139835
66.7	-0.153789
66.8	-0.167037
66.9	-0.146379
67.0	-0.164571
67.1	-0.152743
67.2	-0.143387
67.3	-0.155752
67.4	-0.153106
67.5	-0.143221
67.6	-0.138103
67.7	-0.136693
67.8	-0.141112
67.9	-0.152417
68.0	-0.136704
68.1	-0.149422
68.2	-0.123996
68.3	-0.11305
68.4	-0.125769
68.5	-0.129304
68.6	-0.122067
68.7	-0.137257
68.8	-0.140439
68.9	-0.14009
69.0	-0.12314
69.1	-0.110782
69.2	-0.120675
69.3	-0.119618
69.4	-0.114854
69.5	-0.091724
69.6	-0.096495
69.7	-0.104092
69.8	-0.104272
69.9	-0.122464
70.0	-0.105338
70.1	-0.109227
70.2	-0.111173
70.3	-0.120182
70.4	-0.118596
70.5	-0.108534
70.6	-0.108891
70.7	-0.116841
70.8	-0.124791
70.9	-0.10996
71.0	-0.125327
71.1	-0.114382
71.2	-0.13487
71.3	-0.125514
71.4	-0.11192
71.5	-0.122166
71.6	-0.109278
71.7	-0.103984
71.8	-0.132595
71.9	-0.133481
72.0	-0.139312
72.1	-0.150441
72.2	-0.146736
72.3	-0.170933
72.4	-0.186653
72.5	-0.205022
72.6	-0.215974
72.7	-0.217567
72.8	-0.208211
72.9	-0.200091
73.0	-0.199388
73.1	-0.203453
73.2	-0.182265
73.3	-0.190216
73.4	-0.198519
73.5	-0.217948
73.6	-0.213536
73.7	-0.205769
73.8	-0.213013
73.9	-0.232795
74.0	-0.231033
74.1	-0.222383
74.2	-0.223269
74.3	-0.20632
74.4	-0.192019
74.5	-0.217099
74.6	-0.211981
74.7	-0.203331
74.8	-0.203158
74.9	-0.205457
75.0	-0.182857
75.1	-0.191513
75.2	-0.164851
75.3	-0.13554
75.4	-0.130599
75.5	-0.129189
75.6	-0.148971
75.7	-0.162749
75.8	-0.18412
75.9	-0.183064
76.0	-0.19225
76.1	-0.195609
76.2	-0.199144
76.3	-0.195792
76.4	-0.188732
76.5	-0.174255
76.6	-0.171256
76.7	-0.160664
76.8	-0.186273
76.9	-0.174622
77.0	-0.170387
77.1	-0.164563
77.2	-0.15397
77.3	-0.132959
77.4	-0.132256
77.5	-0.123253
77.6	-0.120078
77.7	-0.135269
77.8	-0.137391
77.9	-0.157173
78.0	-0.197616
78.1	-0.219341
78.2	-0.214046
78.3	-0.216345
78.4	-0.21264
78.5	-0.183682
78.6	-0.167616
78.7	-0.185455
78.8	-0.167799
78.9	-0.170628
79.0	-0.153149
79.1	-0.169046
79.2	-0.187591
79.3	-0.140974
79.4	-0.140095
79.5	-0.148045
79.6	-0.145929
79.7	-0.116265
79.8	-0.118917
79.9	-0.083955
80.0	-0.110447
80.1	-0.082549
80.2	-0.086967
80.3	-0.104983
80.4	-0.101631
80.5	-0.101105
80.6	-0.102168
80.7	-0.084336
80.8	-0.052376
80.9	-0.057853
81.0	-0.050087
81.1	-0.057154
81.2	-0.052389
81.3	-0.049214
81.4	-0.058753
81.5	-0.040744
81.6	-0.037392
81.7	-0.02733
81.8	-0.028216
81.9	-0.008088
82.0	-0.021336
82.1	-0.04412
82.2	-0.050304
82.3	-0.061786
82.4	-0.071326
82.5	-0.071682
82.6	-0.072745
82.7	-0.071866
82.8	-0.085467
82.9	-0.09377
83.0	-0.090595
83.1	-0.098898
83.2	-0.103493
83.3	-0.106145
83.4	-0.108091
83.5	-0.113039
83.6	-0.113043
83.7	-0.114812
83.8	-0.127
83.9	-0.120999
84.0	-0.138662
84.1	-0.157208
84.2	-0.178932
84.3	-0.219729
84.4	-0.230857
84.5	-0.246754
84.6	-0.246934
84.7	-0.24217
84.8	-0.240584
84.9	-0.242706
85.0	-0.228582
85.1	-0.240241
85.2	-0.221525
85.3	-0.223118
85.4	-0.218
85.5	-0.233544
85.6	-0.206882
85.7	-0.198762
85.8	-0.205123
85.9	-0.169631
86.0	-0.17864
86.1	-0.176525
86.2	-0.169818
86.3	-0.178827
86.4	-0.158523
86.5	-0.136805
86.6	-0.1248
86.7	-0.149527
86.8	-0.123747
86.9	-0.137172
87.0	-0.157307
87.1	-0.148834
87.2	-0.150073
87.3	-0.142836
87.4	-0.116351
87.5	-0.134543
87.6	-0.135077
87.7	-0.144616
87.8	-0.143913
87.9	-0.1365
88.0	-0.141448
88.1	-0.133504
88.2	-0.136333
88.3	-0.123092
88.4	-0.129276
88.5	-0.104027
88.6	-0.104913
88.7	-0.098559
88.8	-0.106686
88.9	-0.099096
89.0	-0.093802
89.1	-0.093099
89.2	-0.098223
89.3	-0.100522
89.4	-0.092226
89.5	-0.09117
89.6	-0.079518
89.7	-0.047911
89.8	-0.063631
89.9	-0.048095
90.0	-0.04439
90.1	-0.067173
90.2	-0.071062
90.3	-0.087135
90.4	-0.098088
90.5	-0.097031
90.6	-0.117696
90.7	-0.120702
90.8	-0.121941
90.9	-0.096692
91.0	-0.115767
91.1	-0.106764
91.2	-0.0937
91.3	-0.12496
91.4	-0.124611
91.5	-0.147748
91.6	-0.145809
91.7	-0.168416
91.8	-0.160473
91.9	-0.131338
92.0	-0.145116
92.1	-0.179555
92.2	-0.186975
92.3	-0.209229
92.4	-0.217356
92.5	-0.217183
92.6	-0.20147
92.7	-0.205181
92.8	-0.202889
92.9	-0.195652
93.0	-0.193183
93.1	-0.187889
93.2	-0.191777
93.3	-0.176241
93.4	-0.168474
93.5	-0.178543
93.6	-0.165655
93.7	-0.156123
93.8	-0.167781
93.9	-0.175025
94.0	-0.168671
94.1	-0.172383
94.2	-0.17221
94.3	-0.17963
94.4	-0.169391
94.5	-0.160388
94.6	-0.17187
94.7	-0.18141
94.8	-0.196423
94.9	-0.167112
95.0	-0.164114
95.1	-0.168179
95.2	-0.171008
95.3	-0.151586
95.4	-0.155298
95.5	-0.174726
95.6	-0.195744
95.7	-0.184093
95.8	-0.187451
95.9	-0.187102
96.0	-0.169092
96.1	-0.181811
96.2	-0.165921
96.3	-0.159213
96.4	-0.129019
96.5	-0.146329
96.6	-0.154632
96.7	-0.17512
96.8	-0.167884
96.9	-0.17548
97.0	-0.181488
97.1	-0.152883
97.2	-0.148295
97.3	-0.155539
97.4	-0.166491
97.5	-0.166495
97.6	-0.174445
97.7	-0.137364
97.8	-0.127125
97.9	-0.136664
98.0	-0.137904
98.1	-0.130667
98.2	-0.122723
98.3	-0.146567
98.4	-0.147277
98.5	-0.148516
98.6	-0.161411
98.7	-0.164416
98.8	-0.191792
98.9	-0.160008
99.0	-0.165486
99.1	-0.163194
99.2	-0.148364
99.3	-0.14925
99.4	-0.158613
99.5	-0.157027
99.6	-0.168332
99.7	-0.161272
99.8	-0.184762
99.9	-0.209842
100.0	-0.19819
100.1	-0.19943
100.2	-0.164821
100.3	-0.17595
100.4	-0.183193
100.5	-0.178252
100.6	-0.174547
100.7	-0.166957
100.8	-0.162192
100.9	-0.171732
101.0	-0.190101
101.1	-0.184453
101.2	-0.184457
101.3	-0.179339
101.4	-0.160447
101.5	-0.167338
101.6	-0.179526
101.7	-0.156572
101.8	-0.142095
101.9	-0.153047
102.0	-0.128327
102.1	-0.104844
102.2	-0.107849
102.3	-0.104498
102.4	-0.108033
102.5	-0.128521
102.6	-0.133822
102.7	-0.1393
102.8	-0.170384
102.9	-0.182749
103.0	-0.178867
103.1	-0.184345
103.2	-0.18064
103.3	-0.192652
103.4	-0.188064
103.5	-0.158576
103.6	-0.162465
103.7	-0.167059
103.8	-0.177835
103.9	-0.164594
104.0	-0.150117
104.1	-0.156831
104.2	-0.159306
104.3	-0.155601
104.4	-0.149071
104.5	-0.176976
104.6	-0.184749
104.7	-0.166564
104.8	-0.171688
104.9	-0.179285
105.0	-0.201186
105.1	-0.203485
105.2	-0.210906
105.3	-0.205435
105.4	-0.188132
105.5	-0.171889
105.6	-0.182664
105.7	-0.180195
105.8	-0.183731
105.9	-0.176317
106.0	-0.174025
106.1	-0.153544
106.2	-0.142598
106.3	-0.143838
106.4	-0.121061
106.5	-0.141372
106.6	-0.16398
106.7	-0.15639
106.8	-0.134319
106.9	-0.153041
107.0	-0.172646
107.1	-0.164703
107.2	-0.173889
107.3	-0.165063
107.4	-0.18043
107.5	-0.199152
107.6	-0.190326
107.7	-0.160132
107.8	-0.158899
107.9	-0.139301
108.0	-0.166323
108.1	-0.175863
108.2	-0.163858
108.3	-0.190527
108.4	-0.159096
108.5	-0.15804
108.6	-0.153452
108.7	-0.158577
108.8	-0.155755
108.9	-0.147988
109.0	-0.1517
109.1	-0.15082
109.2	-0.203625
109.3	-0.208043
109.4	-0.206811
109.5	-0.172908
109.6	-0.166024
109.7	-0.169207
109.8	-0.177863
109.9	-0.209123
110.0	-0.213542
110.1	-0.215664
110.2	-0.217434
110.3	-0.174878
110.4	-0.162343
110.5	-0.17877
110.6	-0.22557
110.7	-0.212859
110.8	-0.197852
110.9	-0.161654
111.0	-0.194151
111.1	-0.202277
111.2	-0.16449
111.3	-0.175972
111.4	-0.165203
111.5	-0.141543
111.6	-0.141546
111.7	-0.146494
111.8	-0.128132
111.9	-0.143852
112.0	-0.160279
112.1	-0.172291
112.2	-0.1813
112.3	-0.172651
112.4	-0.173184
112.5	-0.173894
112.6	-0.165774
112.7	-0.163835
112.8	-0.133111
112.9	-0.166137
113.0	-0.175853
113.1	-0.194046
113.2	-0.185926
113.3	-0.178865
113.4	-0.160503
113.5	-0.170396
113.6	-0.159627
113.7	-0.147445
113.8	-0.1531
113.9	-0.134914
114.0	-0.127677
114.1	-0.139336
114.2	-0.167418
114.3	-0.19338
114.4	-0.201683
114.5	-0.199568
114.6	-0.200454
114.7	-0.158782
114.8	-0.173442
114.9	-0.190399
115.0	-0.191462
115.1	-0.190759
115.2	-0.192351
115.3	-0.210191
115.4	-0.190416
115.5	-0.194657
115.6	-0.216911
115.7	-0.2125
115.8	-0.195904
115.9	-0.194847
116.0	-0.177721
116.1	-0.122451
116.2	-0.085017
116.3	-0.084667
116.4	-0.076724
116.5	-0.095269
116.6	-0.104102
116.7	-0.122825
116.8	-0.11912
116.9	-0.133074
117.0	-0.113652
117.1	-0.114892
117.2	-0.120016
117.3	-0.111367
117.4	-0.115432
117.5	-0.127443
117.6	-0.104666
117.7	-0.092308
117.8	-0.085425
117.9	-0.070594
118.0	-0.081723
118.1	-0.052412
118.2	-0.087381
118.3	-0.062308
118.4	-0.064607
118.5	-0.075383
118.6	-0.069735
118.7	-0.072387
118.8	-0.07504
118.9	-0.047495
119.0	-0.033724
119.1	-0.033374
119.2	-0.038322
119.3	-0.04998
119.4	-0.015018
119.5	-0.035507
119.6	-0.027563
119.7	-0.014146
119.8	-0.037636
119.9	-0.028633
120.0	-0.056715
120.1	-0.051244
120.2	-0.046303
120.3	-0.064319
120.4	-0.09399
120.5	-0.082868
120.6	-0.097175
120.7	-0.11007
120.8	-0.118197
120.9	-0.118553
121.0	-0.123325
121.1	-0.119796
121.2	-0.102847
121.3	-0.088899
121.4	-0.069301
121.5	-0.098442
121.6	-0.109394
121.7	-0.112576
121.8	-0.119997
121.9	-0.096513
122.0	-0.065789
122.1	-0.074622
122.2	-0.116302
122.3	-0.109948
122.4	-0.082933
122.5	-0.083289
122.6	-0.079408
122.7	-0.090183
122.8	-0.098133
122.9	-0.070588
123.0	-0.0577
123.1	-0.087018
123.2	-0.091966
123.3	-0.104331
123.4	-0.083673
123.5	-0.120231
123.6	-0.097454
123.7	-0.079622
123.8	-0.084393
123.9	-0.078039
124.0	-0.082811
124.1	-0.068333
124.2	-0.098004
124.3	-0.088119
124.4	-0.091124
124.5	-0.059164
124.6	-0.062523
124.7	-0.075418
124.8	-0.10968
124.9	-0.133523
125.0	-0.143769
125.1	-0.16567
125.2	-0.180154
125.3	-0.154552
125.4	-0.179631
125.5	-0.18405
125.6	-0.151207
125.7	-0.174167
125.8	-0.165871
125.9	-0.17488
126.0	-0.186186
126.1	-0.179479
126.2	-0.146459
126.3	-0.188668
126.4	-0.20792
126.5	-0.214281
126.6	-0.221701
126.7	-0.22453
126.8	-0.213055
126.9	-0.199814
127.0	-0.214475
127.1	-0.205825
127.2	-0.193644
127.3	-0.172809
127.4	-0.163453
127.5	-0.162573
127.6	-0.14792
127.7	-0.168938
127.8	-0.173356
127.9	-0.15676
128.0	-0.14034
128.1	-0.157473
128.2	-0.176195
128.3	-0.164013
128.4	-0.14883
128.5	-0.134176
128.6	-0.129941
128.7	-0.121115
128.8	-0.105931
128.9	-0.089865
129.0	-0.065498
129.1	-0.079982
129.2	-0.072392
129.3	-0.042375
129.4	-0.044144
129.5	-0.049799
129.6	-0.083178
129.7	-0.07912
129.8	-0.086187
129.9	-0.11215
130.0	-0.141997
130.1	-0.174847
130.2	-0.177499
130.3	-0.171145
130.4	-0.166557
130.5	-0.158261
130.6	-0.153673
130.7	-0.166744
130.8	-0.153503
130.9	-0.150505
131.0	-0.083226
131.1	-0.086055
131.2	-0.100539
131.3	-0.116612
131.4	-0.088891
131.5	-0.097194
131.6	-0.088544
131.7	-0.10603
131.8	-0.118925
131.9	-0.134469
132.0	-0.124583
132.1	-0.130061
132.2	-0.104281
132.3	-0.083094
132.4	-0.083803
132.5	-0.093166
132.6	-0.102353
132.7	-0.090348
132.8	-0.107834
132.9	-0.145628
133.0	-0.127796
133.1	-0.131507
133.2	-0.125507
133.3	-0.144582
133.4	-0.13293
133.5	-0.147238
133.6	-0.131878
133.7	-0.084907
133.8	-0.0948
133.9	-0.124118
134.0	-0.156085
134.1	-0.187698
134.2	-0.156621
134.3	-0.147795
134.4	-0.148858
134.5	-0.142151
134.6	-0.156105
134.7	-0.153989
134.8	-0.155406
134.9	-0.164768
135.0	-0.192144
135.1	-0.178196
135.2	-0.160187
135.3	-0.152774
135.4	-0.144477
135.5	-0.116579
135.6	-0.100159
135.7	-0.102811
135.8	-0.105817
135.9	-0.094342
136.0	-0.104234
136.1	-0.106004
136.2	-0.122077
136.3	-0.120315
136.4	-0.093123
136.5	-0.091537
136.6	-0.126506
136.7	-0.118739
136.8	-0.09349
136.9	-0.064002
137.0	-0.081135
137.1	-0.105155
137.2	-0.095622
137.3	-0.121762
137.4	-0.136422
137.5	-0.151613
137.6	-0.122302
137.7	-0.135726
137.8	-0.133787
137.9	-0.13538
138.0	-0.151453
138.1	-0.168056
138.2	-0.163468
138.3	-0.1444
138.4	-0.131688
138.5	-0.133634
138.6	-0.141231
138.7	-0.135054
138.8	-0.14477
138.9	-0.167554
139.0	-0.173385
139.1	-0.174977
139.2	-0.162796
139.3	-0.154323
139.4	-0.197768
139.5	-0.209603
139.6	-0.212962
139.7	-0.205372
139.8	-0.172529
139.9	-0.175005
140.0	-0.184368
140.1	-0.155057
140.2	-0.167951
140.3	-0.154534
140.4	-0.17043
140.5	-0.170081
140.6	-0.149599
140.7	-0.135475
140.8	-0.136362
140.9	-0.132127
141.0	-0.143432
141.1	-0.142553
141.2	-0.135669
141.3	-0.120838
141.4	-0.138325
141.5	-0.16623
141.6	-0.146455
141.7	-0.125267
141.8	-0.120679
141.9	-0.14258
142.0	-0.167836
142.1	-0.11963
142.2	-0.130935
142.3	-0.125464
142.4	-0.108514
142.5	-0.116465
142.6	-0.16715
142.7	-0.198057
142.8	-0.213778
142.9	-0.256517
143.0	-0.260405
143.1	-0.24946
143.2	-0.243812
143.3	-0.225626
143.4	-0.220685
143.5	-0.208504
143.6	-0.21716
143.7	-0.228995
143.8	-0.219639
143.9	-0.220349
144.0	-0.220882
144.1	-0.209407
144.2	-0.214002
144.3	-0.198465
144.4	-0.213302
144.5	-0.206772
144.6	-0.199358
144.7	-0.199185
144.8	-0.233801
144.9	-0.231332
145.0	-0.22021
145.1	-0.227101
145.2	-0.227457
145.3	-0.240528
145.4	-0.225698
145.5	-0.215812
145.6	-0.204867
145.7	-0.195864
145.8	-0.188097
145.9	-0.154725
146.0	-0.152786
146.1	-0.160912
146.2	-0.134073
146.3	-0.125424
146.4	-0.113949
146.5	-0.080046
146.6	-0.068394
146.7	-0.081996
146.8	-0.096833
146.9	-0.101428
147.0	-0.075648
147.1	-0.092781
147.2	-0.073713
147.3	-0.059589
147.4	-0.082902
147.5	-0.082199
147.6	-0.101098
147.7	-0.114523
147.8	-0.116469
147.9	-0.136074
148.0	-0.128131
148.1	-0.144734
148.2	-0.180056
148.3	-0.215731
148.4	-0.200548
148.5	-0.190485
148.6	-0.184308
148.7	-0.182192
148.8	-0.167538
148.9	-0.173369
149.0	-0.184675
149.1	-0.19651
149.2	-0.194924
149.3	-0.204993
149.4	-0.213296
149.5	-0.187694
149.6	-0.210478
149.7	-0.206949
149.8	-0.208365
149.9	-0.183293
150.0	-0.147448
150.1	-0.107188
150.2	-0.115844
150.3	-0.124148
150.4	-0.107551
150.5	-0.121682
150.6	-0.128396
150.7	-0.14341
150.8	-0.129992
150.9	-0.111806
151.0	-0.105806
151.1	-0.111107
151.2	-0.077381
151.3	-0.074382
151.4	-0.087983
151.5	-0.098936
151.6	-0.101941
151.7	-0.129846
151.8	-0.123139
151.9	-0.098066
152.0	-0.130916
152.1	-0.140809
152.2	-0.166065
152.3	-0.156356
152.4	-0.110798
152.5	-0.129167
152.6	-0.129877
152.7	-0.108689
152.8	-0.116463
152.9	-0.090684
153.0	-0.106051
153.1	-0.110292
153.2	-0.108883
153.3	-0.133609
153.4	-0.119662
153.5	-0.106244
153.6	-0.085586
153.7	-0.067754
153.8	-0.074644
153.9	-0.088775
154.0	-0.113502
154.1	-0.121452
154.2	-0.138055
154.3	-0.148477
154.4	-0.185565
154.5	-0.200226
154.6	-0.201465
154.7	-0.229724
154.8	-0.226902
154.9	-0.23132
155.0	-0.210485
155.1	-0.193359
155.2	-0.158221
155.3	-0.156105
155.4	-0.173414
155.5	-0.171828
155.6	-0.172891
155.7	-0.169893
155.8	-0.188792
155.9	-0.170783
156.0	-0.151537
156.1	-0.154366
156.2	-0.146246
156.3	-0.158258
156.4	-0.168857
156.5	-0.190581
156.6	-0.187936
156.7	-0.17081
156.8	-0.181232
156.9	-0.172936
157.0	-0.170114
157.1	-0.201021
157.2	-0.21109
157.3	-0.255948
157.4	-0.239175
157.5	-0.216398
157.6	-0.229646
157.7	-0.210754
157.8	-0.190626
157.9	-0.170674
158.0	-0.187454
158.1	-0.18834
158.2	-0.162561
158.3	-0.198236
158.4	-0.198416
158.5	-0.194711
158.6	-0.18306
158.7	-0.192599
158.8	-0.217855
158.9	-0.23181
159.0	-0.216449
159.1	-0.237821
159.2	-0.253541
159.3	-0.2486
159.4	-0.237124
159.5	-0.220705
159.6	-0.20923
159.7	-0.211882
159.8	-0.237844
159.9	-0.223897
160.0	-0.215071
160.1	-0.217017
160.2	-0.229028
160.3	-0.225853
160.4	-0.232744
160.5	-0.229568
160.6	-0.232927
160.7	-0.235756
160.8	-0.229579
160.9	-0.222518
161.0	-0.21122
161.1	-0.216344
161.2	-0.207695
161.3	-0.197632
161.4	-0.202934
161.5	-0.202584
161.6	-0.182279
161.7	-0.175748
161.8	-0.120831
161.9	-0.088871
162.0	-0.110949
162.1	-0.098944
162.2	-0.061863
162.3	-0.063456
162.4	-0.032555
162.5	-0.020727
162.6	-0.025852
162.7	-0.049872
162.8	-0.039633
162.9	-0.063123
163.0	-0.091205
163.1	-0.066308
163.2	-0.050595
163.3	-0.052188
163.4	-0.030294
163.5	-0.036654
163.6	-0.008933
163.7	-0.047787
163.8	-0.060328
163.9	-0.075872
164.0	-0.083115
164.1	-0.089123
164.2	-0.088067
164.3	-0.068998
164.4	-0.051872
164.5	-0.050286
164.6	-0.053821
164.7	-0.044289
164.8	-0.047648
164.9	-0.08244
165.0	-0.102045
165.1	-0.130833
165.2	-0.161917
165.3	-0.176931
165.4	-0.196359
165.5	-0.191771
165.6	-0.206256
165.7	-0.190542
165.8	-0.142512
165.9	-0.155584
166.0	-0.103669
166.1	-0.083364
166.2	-0.057055
166.3	-0.045933
166.4	-0.052823
166.5	-0.056712
166.6	-0.121701
166.7	-0.14943
166.8	-0.163031
166.9	-0.172571
167.0	-0.186172
167.1	-0.19942
167.2	-0.213374
167.3	-0.218675
167.4	-0.203845
167.5	-0.181244
167.6	-0.181424
167.7	-0.202089
167.8	-0.172071
167.9	-0.185849
168.0	-0.17561
168.1	-0.180028
168.2	-0.175617
168.3	-0.203346
168.4	-0.214828
168.5	-0.210769
168.6	-0.213598
168.7	-0.221548
168.8	-0.254221
168.9	-0.228619
169.0	-0.268179
169.1	-0.275246
169.2	-0.263065
169.3	-0.241347
169.4	-0.22581
169.5	-0.207801
169.6	-0.215222
169.7	-0.213283
169.8	-0.212226
169.9	-0.178324
170.0	-0.190689
170.1	-0.215592
170.2	-0.215595
170.3	-0.186991
170.4	-0.171101
170.5	-0.171634
170.6	-0.164927
170.7	-0.168992
170.8	-0.166346
170.9	-0.13368
171.0	-0.123618
171.1	-0.126976
171.2	-0.119386
171.3	-0.127689
171.4	-0.118157
171.5	-0.087786
171.6	-0.081079
171.7	-0.083908
171.8	-0.101217
171.9	-0.118174
172.0	-0.12842
172.1	-0.128246
172.2	-0.120833
172.3	-0.125781
172.4	-0.139205
172.5	-0.142741
172.6	-0.160757
172.7	-0.17012
172.8	-0.141691
172.9	-0.136397
173.0	-0.121213
173.1	-0.127751
173.2	-0.099323
173.3	-0.134998
173.4	-0.133412
173.5	-0.125999
173.6	-0.116466
173.7	-0.105167
173.8	-0.110998
173.9	-0.114887
174.0	-0.117716
174.1	-0.142266
174.2	-0.133792
174.3	-0.16364
174.4	-0.170178
174.5	-0.175832
174.6	-0.186254
174.7	-0.179371
174.8	-0.165247
174.9	-0.145295
175.0	-0.142473
175.1	-0.117577
175.2	-0.094446
175.3	-0.107871
175.4	-0.068847
175.5	-0.090925
175.6	-0.100994
175.7	-0.092874
175.8	-0.080869
175.9	-0.108421
176.0	-0.099242
176.1	-0.097656
176.2	-0.086181
176.3	-0.088833
176.4	-0.081066
176.5	-0.084072
176.6	-0.084252
176.7	-0.10421
176.8	-0.103154
176.9	-0.12117
177.0	-0.125588
177.1	-0.150491
177.2	-0.153673
177.3	-0.185817
177.4	-0.196945
177.5	-0.209134
177.6	-0.204369
177.7	-0.212672
177.8	-0.211793
177.9	-0.189546
178.0	-0.187253
178.1	-0.142755
178.2	-0.16236
178.3	-0.186557
178.4	-0.162897
178.5	-0.159545
178.6	-0.17915
178.7	-0.176682
178.8	-0.192755
178.9	-0.217658
179.0	-0.172277
179.1	-0.14067
179.2	-0.119482
179.3	-0.113658
179.4	-0.131498
179.5	-0.178298
179.6	-0.204437
179.7	-0.212211
179.8	-0.181487
179.9	-0.192263
180.0	-0.187498
180.1	-0.163838
180.2	-0.220175
180.3	-0.249846
180.4	-0.249143
180.5	-0.238197
180.6	-0.234492
180.7	-0.216836
180.8	-0.213485
180.9	-0.229735
181.0	-0.232034
181.1	-0.244399
181.2	-0.233277
181.3	-0.225333
181.4	-0.223571
181.5	-0.211389
181.6	-0.20168
181.7	-0.20963
181.8	-0.200804
181.9	-0.197452
182.0	-0.151365
182.1	-0.131766
182.2	-0.112874
182.3	-0.102459
182.4	-0.092926
182.5	-0.105114
182.6	-0.06821
182.7	-0.064505
182.8	-0.049674
182.9	-0.069103
183.0	-0.102659
183.1	-0.067344
183.2	-0.083594
183.3	-0.112205
183.4	-0.111149
183.5	-0.088902
183.6	-0.086786
183.7	-0.100917
183.8	-0.112752
183.9	-0.08609
184.0	-0.127946
184.1	-0.130775
184.2	-0.121772
184.3	-0.120186
184.4	-0.131138
184.5	-0.106772
184.6	-0.122669
184.7	-0.118081
184.8	-0.118261
184.9	-0.106256
185.0	-0.126744
185.1	-0.117918
185.2	-0.121276
185.3	-0.140882
185.4	-0.154836
185.5	-0.188392
185.6	-0.181862
185.7	-0.17745
185.8	-0.203766
185.9	-0.197235
186.0	-0.191941
186.1	-0.191061
186.2	-0.181352
186.3	-0.135265
186.4	-0.144804
186.5	-0.126265
186.6	-0.102782
186.7	-0.118855
186.8	-0.122567
186.9	-0.113741
187.0	-0.125753
187.1	-0.107744
187.2	-0.12417
187.3	-0.10775
187.4	-0.131417
187.5	-0.124534
187.6	-0.127186
187.7	-0.135136
187.8	-0.119952
187.9	-0.129492
188.0	-0.151393
188.1	-0.125967
188.2	-0.142923
188.3	-0.131448
188.4	-0.163945
188.5	-0.146465
188.6	-0.131282
188.7	-0.110977
188.8	-0.097912
188.9	-0.085201
189.0	-0.070547
189.1	-0.091918
189.2	-0.129006
189.3	-0.168037
189.4	-0.174574
189.5	-0.16822
189.6	-0.143501
189.7	-0.1541
189.8	-0.146686
189.9	-0.129207
190.0	-0.160114
190.1	-0.169477
190.2	-0.158532
190.3	-0.12198
190.4	-0.087548
190.5	-0.076249
190.6	-0.049764
190.7	-0.047825
190.8	-0.084559
190.9	-0.077852
191.0	-0.08333
191.1	-0.089161
191.2	-0.096228
191.3	-0.115127
191.4	-0.10789
191.5	-0.098358
191.6	-0.12538
191.7	-0.142866
191.8	-0.135629
191.9	-0.116384
192.0	-0.157357
192.1	-0.157713
192.2	-0.14924
192.3	-0.142357
192.4	-0.114988
192.5	-0.06272
192.6	-0.094157
192.7	-0.076501
192.8	-0.07933
192.9	-0.023706
193.0	-0.08693
193.1	-0.085168
193.2	-0.096473
193.3	-0.097536
193.4	-0.110607
193.5	-0.093305
193.6	-0.115735
193.7	-0.130573
193.8	-0.104264
193.9	-0.106739
194.0	-0.1131
194.1	-0.110631
194.2	-0.111694
194.3	-0.095451
194.4	-0.087861
194.5	-0.083273
194.6	-0.097227
194.7	-0.06774
194.8	-0.040724
194.9	-0.029779
195.0	-0.046205
195.1	-0.047445
195.2	-0.068816
195.3	-0.059107
195.4	-0.055225
195.5	-0.079952
195.6	-0.063532
195.7	-0.031572
195.8	-0.070249
195.9	-0.087559
196.0	-0.080499
196.1	-0.073085
196.2	-0.064435
196.3	-0.074152
196.4	-0.088106
196.5	-0.088286
196.6	-0.096236
196.7	-0.116724
196.8	-0.101364
196.9	-0.128916
197.0	-0.085654
197.1	-0.082126
197.2	-0.088839
197.3	-0.050875
197.4	-0.054411
197.5	-0.044172
197.6	-0.048413
197.7	-0.056893
197.8	-0.046478
197.9	-0.038887
198.0	-0.029355
198.1	-0.050726
198.2	-0.043489
198.3	-0.086228
198.4	-0.114663
198.5	-0.103541
198.6	-0.076702
198.7	-0.049864
198.8	-0.060639
198.9	-0.037862
199.0	-0.067003
199.1	-0.046522
199.2	-0.039285
199.3	-0.044233
199.4	-0.090327
199.5	-0.093863
199.6	-0.100753
199.7	-0.110822
199.8	-0.091047
199.9	-0.092463
200.0	-0.08452
200.1	-0.071632
200.2	-0.073578

&

0.1	7.9e-05
0.2	0.000103
0.3	0.000182
0.4	0.000315
0.5	0.000504
0.6	0.000747
0.7	0.001021
0.8	0.001353
0.9	0.001739
1.0	0.002181
1.1	0.002678
1.2	0.003195
1.3	0.003769
1.4	0.004392
1.5	0.004917
1.6	0.005826
1.7	0.006434
1.8	0.007164
1.9	0.0079
2.0	0.008591
2.1	0.009337
2.2	0.010005
2.3	0.010994
2.4	0.011628
2.5	0.012445
2.6	0.013139
2.7	0.014028
2.8	0.014963
2.9	0.015781
3.0	0.016704
3.1	0.017493
3.2	0.01837
3.3	0.019261
3.4	0.020031
3.5	0.020888
3.6	0.021491
3.7	0.022427
3.8	0.02345
3.9	0.024344
4.0	0.025098
4.1	0.026283
4.2	0.027159
4.3	0.028063
4.4	0.02908
4.5	0.029993
4.6	0.030796
4.7	0.031878
4.8	0.032991
4.9	0.03399
5.0	0.034872
5.1	0.035843
5.2	0.036953
5.3	0.037777
5.4	0.038858
5.5	0.039683
5.6	0.040704
5.7	0.041531
5.8	0.042114
5.9	0.042925
6.0	0.043505
6.1	0.044341
6.2	0.045214
6.3	0.046007
6.4	0.046878
6.5	0.047698
6.6	0.048524
6.7	0.049298
6.8	0.05041
6.9	0.05122
7.0	0.05204
7.1	0.053152
7.2	0.054146
7.3	0.055137
7.4	0.056096
7.5	0.057166
7.6	0.058201
7.7	0.059434
7.8	0.060499
7.9	0.061817
8.0	0.063025
8.1	0.064111
8.2	0.065366
8.3	0.066579
8.4	0.068161
8.5	0.069254
8.6	0.070592
8.7	0.07191
8.8	0.073061
8.9	0.074215
9.0	0.075388
9.1	0.076691
9.2	0.077762
9.3	0.078868
9.4	0.080096
9.5	0.081106
9.6	0.082294
9.7	0.083395
9.8	0.084482
9.9	0.085678
10.0	0.086701
10.1	0.0879
10.2	0.089112
10.3	0.090185
10.4	0.091569
10.5	0.092615
10.6	0.093778
10.7	0.094898
10.8	0.096113
10.9	0.097272
11.0	0.098626
11.1	0.0998
11.2	0.101307
11.3	0.102428
11.4	0.103616
11.5	0.104815
11.6	0.106295
11.7	0.107555
11.8	0.1089
11.9	0.110263
12.0	0.111747
12.1	0.113094
12.2	0.114321
12.3	0.115902
12.4	0.117372
12.5	0.118735
12.6	0.120439
12.7	0.121883
12.8	0.12327
12.9	0.124707
13.0	0.126032
13.1	0.127716
13.2	0.129154
13.3	0.130659
13.4	0.13212
13.5	0.133442
13.6	0.135047
13.7	0.136525
13.8	0.138062
13.9	0.139514
14.0	0.141059
14.1	0.142566
14.2	0.143814
14.3	0.145144
14.4	0.146564
14.5	0.147921
14.6	0.149188
14.7	0.150358
14.8	0.151525
14.9	0.152571
15.0	0.15387
15.1	0.154875
15.2	0.156009
15.3	0.157009
15.4	0.157778
15.5	0.158672
15.6	0.15945
15.7	0.16017
15.8	0.161155
15.9	0.161948
16.0	0.162627
16.1	0.163842
16.2	0.164443
16.3	0.165471
16.4	0.166267
16.5	0.167272
16.6	0.167959
16.7	0.168781
16.8	0.169703
16.9	0.170435
17.0	0.171401
17.1	0.172179
17.2	0.172948
17.3	0.173885
17.4	0.174877
17.5	0.175777
17.6	0.176812
17.7	0.177929
17.8	0.178997
17.9	0.18003
18.0	0.181039
18.1	0.181902
18.2	0.18307
18.3	0.184193
18.4	0.185305
18.5	0.186371
18.6	0.187777
18.7	0.188989
18.8	0.190152
18.9	0.191414
19.0	0.19245
19.1	0.193575
19.2	0.194783
19.3	0.196112
19.4	0.197341
19.5	0.198592
19.6	0.199942
19.7	0.201235
19.8	0.202444
19.9	0.203774
20.0	0.205252
20.1	0.206368
20.2	0.207599
20.3	0.208819
20.4	0.209831
20.5	0.210797
20.6	0.211746
20.7	0.212834
20.8	0.213841
20.9	0.214807
21.0	0.215957
21.1	0.216992
21.2	0.218056
21.3	0.219119
21.4	0.22012
21.5	0.220857
21.6	0.221924
21.7	0.222848
21.8	0.223962
21.9	0.224898
22.0	0.22587
22.1	0.226649
22.2	0.227475
22.3	0.22839
22.4	0.229268
22.5	0.229811
22.6	0.230832
22.7	0.231779
22.8	0.232592
22.9	0.233569
23.0	0.234763
23.1	0.235679
23.2	0.236675
23.3	0.237944
23.4	0.238909
23.5	0.240278
23.6	0.241691
23.7	0.242882
23.8	0.244531
23.9	0.246193
24.0	0.247791
24.1	0.249403
24.2	0.250824
24.3	0.252442
24.4	0.253917
24.5	0.255562
24.6	0.256858
24.7	0.258289
24.8	0.259662
24.9	0.261026
25.0	0.262319
25.1	0.263588
25.2	0.265067
25.3	0.266223
25.4	0.267369
25.5	0.268646
25.6	0.269778
25.7	0.270835
25.8	0.272144
25.9	0.273406
26.0	0.274398
26.1	0.275511
26.2	0.276646
26.3	0.277694
26.4	0.278979
26.5	0.279894
26.6	0.28097
26.7	0.281813
26.8	0.282542
26.9	0.283453
27.0	0.284471
27.1	0.285263
27.2	0.286017
27.3	0.287084
27.4	0.288146
27.5	0.289087
27.6	0.289914
27.7	0.290641
27.8	0.29155
27.9	0.292273
28.0	0.292942
28.1	0.293613
28.2	0.294511
28.3	0.295174
28.4	0.296047
28.5	0.2969
28.6	0.29772
28.7	0.298595
28.8	0.299635
28.9	0.300032
29.0	0.301021
29.1	0.301858
29.2	0.302854
29.3	0.3039
29.4	0.305029
29.5	0.306105
29.6	0.307255
29.7	0.30822
29.8	0.309266
29.9	0.310391
30.0	0.31168
30.1	0.312649
30.2	0.31356
30.3	0.315062
30.4	0.31586
30.5	0.317198
30.6	0.318474
30.7	0.319859
30.8	0.321099
30.9	0.322399
31.0	0.323657
31.1	0.325018
31.2	0.326374
31.3	0.32745
31.4	0.329043
31.5	0.330479
31.6	0.331815
31.7	0.333191
31.8	0.334419
31.9	0.335604
32.0	0.336728
32.1	0.3381
32.2	0.339285
32.3	0.340506
32.4	0.341682
32.5	0.34283
32.6	0.344219
32.7	0.345353
32.8	0.346591
32.9	0.347831
33.0	0.349298
33.1	0.350687
33.2	0.352049
33.3	0.353599
33.4	0.355151
33.5	0.356455
33.6	0.358313
33.7	0.3596
33.8	0.361598
33.9	0.3632
34.0	0.364775
34.1	0.366643
34.2	0.367884
34.3	0.369265
34.4	0.370686
34.5	0.371831
34.6	0.37313
34.7	0.374516
34.8	0.375731
34.9	0.377016
35.0	0.378219
35.1	0.379179
35.2	0.380456
35.3	0.381744
35.4	0.382784
35.5	0.384003
35.6	0.385377
35.7	0.386746
35.8	0.388209
35.9	0.389414
36.0	0.390522
36.1	0.391908
36.2	0.393101
36.3	0.394022
36.4	0.394892
36.5	0.395916
36.6	0.396887
36.7	0.397974
36.8	0.398867
36.9	0.399974
37.0	0.401162
37.1	0.402197
37.2	0.403293
37.3	0.40466
37.4	0.406022
37.5	0.407429
37.6	0.408895
37.7	0.410193
37.8	0.411554
37.9	0.413122
38.0	0.414486
38.1	0.415891
38.2	0.417159
38.3	0.418765
38.4	0.420041
38.5	0.421473
38.6	0.422858
38.7	0.424256
38.8	0.425632
38.9	0.427068
39.0	0.428429
39.1	0.429712
39.2	0.430929
39.3	0.432187
39.4	0.433518
39.5	0.434763
39.6	0.435972
39.7	0.437246
39.8	0.43882
39.9	0.440161
40.0	0.441602
40.1	0.442761
40.2	0.444021
40.3	0.445185
40.4	0.446099
40.5	0.447366
40.6	0.448489
40.7	0.449511
40.8	0.450468
40.9	0.451357
41.0	0.45219
41.1	0.453165
41.2	0.454272
41.3	0.455621
41.4	0.45664
41.5	0.457817
41.6	0.458831
41.7	0.459971
41.8	0.461052
41.9	0.462314
42.0	0.463435
42.1	0.464451
42.2	0.465741
42.3	0.466453
42.4	0.467674
42.5	0.468867
42.6	0.470129
42.7	0.471438
42.8	0.47286
42.9	0.474092
43.0	0.475319
43.1	0.476619
43.2	0.477835
43.3	0.47879
43.4	0.479902
43.5	0.480696
43.6	0.481718
43.7	0.482762
43.8	0.483938
43.9	0.484946
44.0	0.485795
44.1	0.486471
44.2	0.487464
44.3	0.488539
44.4	0.488923
44.5	0.48955
44.6	0.490723
44.7	0.491429
44.8	0.492269
44.9	0.493259
45.0	0.493503
45.1	0.494325
45.2	0.494846
45.3	0.495267
45.4	0.49596
45.5	0.496558
45.6	0.497007
45.7	0.497689
45.8	0.498038
45.9	0.498786
46.0	0.499056
46.1	0.499684
46.2	0.500123
46.3	0.50061
46.4	0.501117
46.5	0.501542
46.6	0.501961
46.7	0.502456
46.8	0.503426
46.9	0.504267
47.0	0.505057
47.1	0.505715
47.2	0.506506
47.3	0.50744
47.4	0.508
47.5	0.508698
47.6	0.509591
47.7	0.510184
47.8	0.511091
47.9	0.511746
48.0	0.512612
48.1	0.513364
48.2	0.513968
48.3	0.514443
48.4	0.514886
48.5	0.515627
48.6	0.516397
48.7	0.51712
48.8	0.51769
48.9	0.518432
49.0	0.519342
49.1	0.520279
49.2	0.521152
49.3	0.521904
49.4	0.52251
49.5	0.523011
49.6	0.523827
49.7	0.524461
49.8	0.525263
49.9	0.525835
50.0	0.526712
50.1	0.527613
50.2	0.528236
50.3	0.52896
50.4	0.529477
50.5	0.530304
50.6	0.531102
50.7	0.53187
50.8	0.53287
50.9	0.533922
51.0	0.534702
51.1	0.535656
51.2	0.536587
51.3	0.537281
51.4	0.538262
51.5	0.539332
51.6	0.540308
51.7	0.541395
51.8	0.542215
51.9	0.543254
52.0	0.54446
52.1	0.545626
52.2	0.546406
52.3	0.547782
52.4	0.548753
52.5	0.549819
52.6	0.550777
52.7	0.551945
52.8	0.552766
52.9	0.553893
53.0	0.554908
53.1	0.556435
53.2	0.557237
53.3	0.558529
53.4	0.559698
53.5	0.560844
53.6	0.562018
53.7	0.563286
53.8	0.564249
53.9	0.565021
54.0	0.566121
54.1	0.567313
54.2	0.568579
54.3	0.569692
54.4	0.571082
54.5	0.57255
54.6	0.574238
54.7	0.575652
54.8	0.576942
54.9	0.578681
55.0	0.580427
55.1	0.581888
55.2	0.583619
55.3	0.585415
55.4	0.586941
55.5	0.588553
55.6	0.590261
55.7	0.591663
55.8	0.592841
55.9	0.594491
56.0	0.595847
56.1	0.597258
56.2	0.598686
56.3	0.600176
56.4	0.601408
56.5	0.602679
56.6	0.604251
56.7	0.605738
56.8	0.607145
56.9	0.608572
57.0	0.609912
57.1	0.611334
57.2	0.612822
57.3	0.613779
57.4	0.615353
57.5	0.616547
57.6	0.617571
57.7	0.618717
57.8	0.619762
57.9	0.620739
58.0	0.621323
58.1	0.621965
58.2	0.622691
58.3	0.62349
58.4	0.624147
58.5	0.624609
58.6	0.625093
58.7	0.62576
58.8	0.626443
58.9	0.627029
59.0	0.627398
59.1	0.627588
59.2	0.628048
59.3	0.628404
59.4	0.628823
59.5	0.629422
59.6	0.629827
59.7	0.630883
59.8	0.63153
59.9	0.632566
60.0	0.633586
60.1	0.634799
60.2	0.635737
60.3	0.636774
60.4	0.637964
60.5	0.639064
60.6	0.639999
60.7	0.641612
60.8	0.642992
60.9	0.644201
61.0	0.645617
61.1	0.646694
61.2	0.648018
61.3	0.64932
61.4	0.650569
61.5	0.651496
61.6	0.65264
61.7	0.653987
61.8	0.655216
61.9	0.656307
62.0	0.657662
62.1	0.658306
62.2	0.659482
62.3	0.660732
62.4	0.661988
62.5	0.66321
62.6	0.664437
62.7	0.66544
62.8	0.666906
62.9	0.668031
63.0	0.669127
63.1	0.670331
63.2	0.671562
63.3	0.673098
63.4	0.674495
63.5	0.6758
63.6	0.677103
63.7	0.678297
63.8	0.679638
63.9	0.680834
64.0	0.682379
64.1	0.683409
64.2	0.684801
64.3	0.686218
64.4	0.687221
64.5	0.688671
64.6	0.689796
64.7	0.691095
64.8	0.69238
64.9	0.693625
65.0	0.694831
65.1	0.695852
65.2	0.696832
65.3	0.698213
65.4	0.699465
65.5	0.700576
65.6	0.701952
65.7	0.703661
65.8	0.704963
65.9	0.705975
66.0	0.707222
66.1	0.708341
66.2	0.709233
66.3	0.710251
66.4	0.711296
66.5	0.711952
66.6	0.713032
66.7	0.713971
66.8	0.71496
66.9	0.716431
67.0	0.717729
67.1	0.718778
67.2	0.719936
67.3	0.720882
67.4	0.722103
67.5	0.723138
67.6	0.724339
67.7	0.725224
67.8	0.726178
67.9	0.72748
68.0	0.728362
68.1	0.729433
68.2	0.730684
68.3	0.731363
68.4	0.732206
68.5	0.733491
68.6	0.734353
68.7	0.735121
68.8	0.736134
68.9	0.737371
69.0	0.738461
69.1	0.739171
69.2	0.740029
69.3	0.741011
69.4	0.741804
69.5	0.742658
69.6	0.743293
69.7	0.744097
69.8	0.744875
69.9	0.745686
70.0	0.746525
70.1	0.747439
70.2	0.748277
70.3	0.74909
70.4	0.749891
70.5	0.750729
70.6	0.75164
70.7	0.752278
70.8	0.753187
70.9	0.754241
71.0	0.755049
71.1	0.75597
71.2	0.756857
71.3	0.75807
71.4	0.758539
71.5	0.759578
71.6	0.760579
71.7	0.761216
71.8	0.762124
71.9	0.763184
72.0	0.764141
72.1	0.765126
72.2	0.766188
72.3	0.767418
72.4	0.768704
72.5	0.770124
72.6	0.771455
72.7	0.773147
72.8	0.774545
72.9	0.776099
73.0	0.777704
73.1	0.77933
73.2	0.780742
73.3	0.782206
73.4	0.783243
73.5	0.784824
73.6	0.786493
73.7	0.787965
73.8	0.789544
73.9	0.791185
74.0	0.792661
74.1	0.79453
74.2	0.796294
74.3	0.797758
74.4	0.799283
74.5	0.801032
74.6	0.802501
74.7	0.803844
74.8	0.805546
74.9	0.806763
75.0	0.808365
75.1	0.809803
75.2	0.811085
75.3	0.812565
75.4	0.813282
75.5	0.814393
75.6	0.815412
75.7	0.816527
75.8	0.817899
75.9	0.819145
76.0	0.820392
76.1	0.821648
76.2	0.823245
76.3	0.824602
76.4	0.826324
76.5	0.827495
76.6	0.828866
76.7	0.830059
76.8	0.831108
76.9	0.832555
77.0	0.834194
77.1	0.835184
77.2	0.836146
77.3	0.837714
77.4	0.83841
77.5	0.839542
77.6	0.840434
77.7	0.841307
77.8	0.842464
77.9	0.843387
78.0	0.844637
78.1	0.846188
78.2	0.847617
78.3	0.849168
78.4	0.850878
78.5	0.852475
78.6	0.853725
78.7	0.855118
78.8	0.856218
78.9	0.857557
79.0	0.858813
79.1	0.860215
79.2	0.861355
79.3	0.862503
79.4	0.863527
79.5	0.864968
79.6	0.865889
79.7	0.866957
79.8	0.867976
79.9	0.868569
80.0	0.869003
80.1	0.870072
80.2	0.870838
80.3	0.871296
80.4	0.872264
80.5	0.873008
80.6	0.873481
80.7	0.874505
80.8	0.874872
80.9	0.875518
81.0	0.876062
81.1	0.876376
81.2	0.876687
81.3	0.877176
81.4	0.877644
81.5	0.87829
81.6	0.878388
81.7	0.87885
81.8	0.878992
81.9	0.879167
82.0	0.879073
82.1	0.879438
82.2	0.87982
82.3	0.880131
82.4	0.880495
82.5	0.880821
82.6	0.881826
82.7	0.882032
82.8	0.88269
82.9	0.883394
83.0	0.88431
83.1	0.884674
83.2	0.885736
83.3	0.88638
83.4	0.887039
83.5	0.888006
83.6	0.88868
83.7	0.889704
83.8	0.890487
83.9	0.891124
84.0	0.892367
84.1	0.893453
84.2	0.894404
84.3	0.895816
84.4	0.897497
84.5	0.899111
84.6	0.900948
84.7	0.902715
84.8	0.904791
84.9	0.906303
85.0	0.9081
85.1	0.909654
85.2	0.911443
85.3	0.913179
85.4	0.914813
85.5	0.91632
85.6	0.918168
85.7	0.919837
85.8	0.921105
85.9	0.922731
86.0	0.923555
86.1	0.925379
86.2	0.926712
86.3	0.927938
86.4	0.929059
86.5	0.930326
86.6	0.931257
86.7	0.932222
86.8	0.933155
86.9	0.934315
87.0	0.935264
87.1	0.936326
87.2	0.937717
87.3	0.938561
87.4	0.939779
87.5	0.94067
87.6	0.941573
87.7	0.942517
87.8	0.943569
87.9	0.944733
88.0	0.945828
88.1	0.946783
88.2	0.947572
88.3	0.948731
88.4	0.94965
88.5	0.95098
88.6	0.951616
88.7	0.952028
88.8	0.952998
88.9	0.953831
89.0	0.954699
89.1	0.955193
89.2	0.956018
89.3	0.956654
89.4	0.957568
89.5	0.958114
89.6	0.958702
89.7	0.959505
89.8	0.959806
89.9	0.96039
90.0	0.960748
90.1	0.961027
90.2	0.961582
90.3	0.962351
90.4	0.962835
90.5	0.963353
90.6	0.964124
90.7	0.965005
90.8	0.965954
90.9	0.966811
91.0	0.96772
91.1	0.968585
91.2	0.969431
91.3	0.969874
91.4	0.970946
91.5	0.971962
91.6	0.972883
91.7	0.974025
91.8	0.975331
91.9	0.976588
92.0	0.977477
92.1	0.978672
92.2	0.979712
92.3	0.981384
92.4	0.982791
92.5	0.984234
92.6	0.986163
92.7	0.9875
92.8	0.98896
92.9	0.990534
93.0	0.991933
93.1	0.993365
93.2	0.994702
93.3	0.996158
93.4	0.997424
93.5	0.998575
93.6	0.999855
93.7	1.00122
93.8	1.00223
93.9	1.00349
94.0	1.00508
94.1	1.00624
94.2	1.00752
94.3	1.0088
94.4	1.01008
94.5	1.0113
94.6	1.01238
94.7	1.01376
94.8	1.01506
94.9	1.01663
95.0	1.01779
95.1	1.01931
95.2	1.0203
95.3	1.02141
95.4	1.0226
95.5	1.02393
95.6	1.02505
95.7	1.02652
95.8	1.02764
95.9	1.02932
96.0	1.03072
96.1	1.03182
96.2	1.03318
96.3	1.03443
96.4	1.03575
96.5	1.03676
96.6	1.03763
96.7	1.0388
96.8	1.04013
96.9	1.04143
97.0	1.04276
97.1	1.04402
97.2	1.04498
97.3	1.04629
97.4	1.04746
97.5	1.04871
97.6	1.04954
97.7	1.0511
97.8	1.05221
97.9	1.0531
98.0	1.05432
98.1	1.05524
98.2	1.0564
98.3	1.05684
98.4	1.05805
98.5	1.0593
98.6	1.06042
98.7	1.06161
98.8	1.06279
98.9	1.06409
99.0	1.06533
99.1	1.06652
99.2	1.06778
99.3	1.06884
99.4	1.06991
99.5	1.0713
99.6	1.07207
99.7	1.07346
99.8	1.07476
99.9	1.07589
100.0	1.07762
100.1	1.07929
100.2	1.08053
100.3	1.08185
100.4	1.08312
100.5	1.0845
100.6	1.08559
100.7	1.08709
100.8	1.0882
100.9	1.08949
101.0	1.0908
101.1	1.09231
101.2	1.09343
101.3	1.09463
101.4	1.0961
101.5	1.09768
101.6	1.09872
101.7	1.09988
101.8	1.10139
101.9	1.10205
102.0	1.1033
102.1	1.10432
102.2	1.105
102.3	1.10594
102.4	1.1066
102.5	1.10749
102.6	1.10833
102.7	1.1095
102.8	1.1104
102.9	1.11163
103.0	1.11323
103.1	1.11422
103.2	1.11578
103.3	1.11689
103.4	1.11843
103.5	1.11987
103.6	1.1211
103.7	1.12217
103.8	1.12349
103.9	1.12487
104.0	1.12616
104.1	1.12723
104.2	1.12834
104.3	1.12939
104.4	1.13074
104.5	1.13169
104.6	1.13296
104.7	1.13435
104.8	1.13555
104.9	1.1369
105.0	1.13831
105.1	1.13987
105.2	1.14119
105.3	1.14278
105.4	1.1442
105.5	1.14565
105.6	1.14689
105.7	1.1485
105.8	1.1497
105.9	1.15102
106.0	1.1524
106.1	1.15384
106.2	1.15484
106.3	1.15576
106.4	1.15693
106.5	1.15776
106.6	1.15883
106.7	1.16018
106.8	1.16105
106.9	1.16209
107.0	1.16334
107.1	1.16477
107.2	1.1658
107.3	1.16723
107.4	1.16835
107.5	1.16968
107.6	1.17118
107.7	1.17268
107.8	1.17369
107.9	1.17488
108.0	1.17584
108.1	1.17721
108.2	1.17842
108.3	1.17968
108.4	1.1811
108.5	1.18255
108.6	1.18328
108.7	1.1845
108.8	1.18549
108.9	1.18681
109.0	1.18795
109.1	1.18909
109.2	1.19015
109.3	1.19192
109.4	1.19326
109.5	1.19483
109.6	1.19599
109.7	1.1974
109.8	1.1986
109.9	1.19989
110.0	1.20134
110.1	1.2029
110.2	1.20465
110.3	1.20619
110.4	1.20733
110.5	1.20851
110.6	1.20993
110.7	1.21165
110.8	1.21321
110.9	1.21477
111.0	1.21581
111.1	1.21732
111.2	1.21889
111.3	1.22023
111.4	1.22134
111.5	1.22242
111.6	1.22359
111.7	1.22446
111.8	1.22575
111.9	1.22673
112.0	1.2278
112.1	1.2289
112.2	1.23019
112.3	1.2315
112.4	1.23271
112.5	1.23415
112.6	1.23539
112.7	1.23654
112.8	1.23794
112.9	1.23884
113.0	1.23971
113.1	1.24117
113.2	1.2429
113.3	1.2442
113.4	1.24543
113.5	1.24668
113.6	1.24799
113.7	1.24913
113.8	1.25024
113.9	1.25132
114.0	1.25225
114.1	1.2531
114.2	1.25434
114.3	1.25562
114.4	1.25683
114.5	1.25859
114.6	1.25985
114.7	1.26136
114.8	1.26259
114.9	1.26382
115.0	1.26526
115.1	1.26685
115.2	1.26827
115.3	1.26961
115.4	1.27074
115.5	1.2725
115.6	1.27369
115.7	1.27555
115.8	1.27692
115.9	1.27833
116.0	1.27998
116.1	1.28129
116.2	1.28185
116.3	1.28261
116.4	1.28356
116.5	1.284
116.6	1.28478
116.7	1.28576
116.8	1.28655
116.9	1.28704
117.0	1.28838
117.1	1.28929
117.2	1.29016
117.3	1.29096
117.4	1.29176
117.5	1.29267
117.6	1.29374
117.7	1.29443
117.8	1.29501
117.9	1.29588
118.0	1.29623
118.1	1.29703
118.2	1.29725
118.3	1.29791
118.4	1.29846
118.5	1.29864
118.6	1.29974
118.7	1.29997
118.8	1.30082
118.9	1.30099
119.0	1.30151
119.1	1.30185
119.2	1.30214
119.3	1.30228
119.4	1.30282
119.5	1.30293
119.6	1.30317
119.7	1.30327
119.8	1.3035
119.9	1.30382
120.0	1.30398
120.1	1.30429
120.2	1.30486
120.3	1.30534
120.4	1.30571
120.5	1.30641
120.6	1.30706
120.7	1.30777
120.8	1.30841
120.9	1.30962
121.0	1.31036
121.1	1.31136
121.2	1.31229
121.3	1.31287
121.4	1.31347
121.5	1.31428
121.6	1.31492
121.7	1.31585
121.8	1.31659
121.9	1.31715
122.0	1.3182
122.1	1.31872
122.2	1.31914
122.3	1.32021
122.4	1.32123
122.5	1.32161
122.6	1.32212
122.7	1.32278
122.8	1.32362
122.9	1.32433
123.0	1.325
123.1	1.32515
123.2	1.32591
123.3	1.32651
123.4	1.32756
123.5	1.3281
123.6	1.329
123.7	1.3296
123.8	1.33029
123.9	1.33086
124.0	1.33168
124.1	1.33177
124.2	1.33283
124.3	1.33347
124.4	1.33405
124.5	1.33473
124.6	1.33516
124.7	1.33579
124.8	1.3361
124.9	1.33703
125.0	1.33809
125.1	1.33893
125.2	1.34041
125.3	1.34163
125.4	1.34273
125.5	1.34431
125.6	1.3456
125.7	1.34664
125.8	1.34789
125.9	1.34922
126.0	1.35035
126.1	1.35183
126.2	1.35303
126.3	1.35434
126.4	1.35563
126.5	1.35687
126.6	1.35886
126.7	1.36054
126.8	1.36195
126.9	1.36355
127.0	1.36503
127.1	1.36658
127.2	1.36817
127.3	1.36944
127.4	1.37091
127.5	1.37206
127.6	1.37323
127.7	1.37434
127.8	1.37528
127.9	1.37691
128.0	1.37815
128.1	1.37916
128.2	1.38049
128.3	1.38149
128.4	1.38283
128.5	1.38361
128.6	1.38479
128.7	1.38588
128.8	1.38688
128.9	1.38763
129.0	1.38845
129.1	1.38874
129.2	1.38942
129.3	1.38984
129.4	1.38988
129.5	1.39083
129.6	1.39084
129.7	1.39161
129.8	1.39231
129.9	1.39292
130.0	1.39376
130.1	1.39496
130.2	1.39608
130.3	1.39737
130.4	1.39866
130.5	1.3998
130.6	1.40099
130.7	1.40216
130.8	1.40318
130.9	1.40465
131.0	1.40559
131.1	1.40584
131.2	1.40688
131.3	1.40751
131.4	1.4085
131.5	1.40937
131.6	1.40992
131.7	1.41063
131.8	1.41148
131.9	1.41244
132.0	1.41329
132.1	1.41412
132.2	1.41516
132.3	1.41586
132.4	1.41666
132.5	1.41747
132.6	1.41784
132.7	1.41883
132.8	1.41939
132.9	1.41991
133.0	1.42117
133.1	1.42218
133.2	1.4231
133.3	1.42404
133.4	1.42528
133.5	1.42587
133.6	1.42753
133.7	1.42849
133.8	1.42884
133.9	1.42964
134.0	1.43064
134.1	1.43184
134.2	1.43319
134.3	1.43436
134.4	1.43528
134.5	1.43648
134.6	1.43744
134.7	1.43874
134.8	1.43985
134.9	1.44095
135.0	1.44249
135.1	1.44358
135.2	1.44451
135.3	1.44623
135.4	1.44735
135.5	1.44822
135.6	1.44921
135.7	1.44986
135.8	1.45069
135.9	1.4515
136.0	1.45223
136.1	1.45285
136.2	1.45376
136.3	1.45461
136.4	1.4555
136.5	1.45633
136.6	1.45678
136.7	1.45809
136.8	1.45863
136.9	1.45965
137.0	1.46013
137.1	1.46051
137.2	1.46141
137.3	1.46191
137.4	1.46299
137.5	1.4641
137.6	1.46521
137.7	1.46586
137.8	1.46696
137.9	1.46811
138.0	1.46902
138.1	1.47024
138.2	1.47141
138.3	1.47268
138.4	1.47398
138.5	1.47486
138.6	1.47575
138.7	1.47675
138.8	1.47783
138.9	1.47899
139.0	1.48032
139.1	1.48143
139.2	1.48243
139.3	1.48401
139.4	1.48481
139.5	1.48632
139.6	1.48809
139.7	1.48944
139.8	1.49123
139.9	1.4923
140.0	1.49369
140.1	1.49493
140.2	1.49619
140.3	1.49773
140.4	1.49872
140.5	1.49998
140.6	1.50091
140.7	1.50199
140.8	1.50317
140.9	1.50426
141.0	1.5051
141.1	1.50626
141.2	1.50733
141.3	1.50854
141.4	1.50937
141.5	1.51029
141.6	1.51135
141.7	1.51248
141.8	1.51346
141.9	1.51416
142.0	1.51533
142.1	1.51668
142.2	1.5176
142.3	1.51856
142.4	1.51944
142.5	1.52025
142.6	1.52108
142.7	1.52238
142.8	1.5239
142.9	1.52556
143.0	1.5273
143.1	1.52911
143.2	1.53111
143.3	1.53281
143.4	1.53462
143.5	1.53653
143.6	1.53774
143.7	1.53927
143.8	1.54085
143.9	1.54252
144.0	1.54411
144.1	1.54574
144.2	1.54742
144.3	1.54886
144.4	1.55074
144.5	1.55208
144.6	1.55346
144.7	1.55503
144.8	1.55667
144.9	1.55812
145.0	1.56008
145.1	1.56156
145.2	1.56293
145.3	1.56478
145.4	1.56673
145.5	1.56828
145.6	1.56968
145.7	1.57112
145.8	1.57256
145.9	1.57387
146.0	1.57547
146.1	1.57639
146.2	1.57773
146.3	1.57876
146.4	1.57975
146.5	1.58032
146.6	1.58108
146.7	1.58161
146.8	1.58225
146.9	1.58301
147.0	1.58358
147.1	1.5842
147.2	1.58533
147.3	1.58558
147.4	1.58604
147.5	1.58658
147.6	1.58726
147.7	1.58805
147.8	1.58873
147.9	1.58969
148.0	1.59082
148.1	1.59174
148.2	1.59272
148.3	1.5941
148.4	1.59576
148.5	1.59726
148.6	1.59863
148.7	1.59977
148.8	1.60131
148.9	1.60274
149.0	1.60381
149.1	1.6051
149.2	1.607
149.3	1.60817
149.4	1.60978
149.5	1.61123
149.6	1.61242
149.7	1.614
149.8	1.61547
149.9	1.61725
150.0	1.61849
150.1	1.6196
150.2	1.62051
150.3	1.6212
150.4	1.62235
150.5	1.62297
150.6	1.62379
150.7	1.62464
150.8	1.62587
150.9	1.62688
151.0	1.62777
151.1	1.62843
151.2	1.62953
151.3	1.62996
151.4	1.63048
151.5	1.6311
151.6	1.63183
151.7	1.63264
151.8	1.63377
151.9	1.63449
152.0	1.63511
152.1	1.63628
152.2	1.63728
152.3	1.63846
152.4	1.6397
152.5	1.64031
152.6	1.64165
152.7	1.64244
152.8	1.64328
152.9	1.64414
153.0	1.6449
153.1	1.6458
153.2	1.64648
153.3	1.64723
153.4	1.64812
153.5	1.6493
153.6	1.64983
153.7	1.65072
153.8	1.65095
153.9	1.65169
154.0	1.6524
154.1	1.65314
154.2	1.65397
154.3	1.655
154.4	1.65613
154.5	1.65756
154.6	1.65887
154.7	1.66036
154.8	1.66217
154.9	1.66352
155.0	1.66552
155.1	1.66752
155.2	1.66865
155.3	1.66992
155.4	1.67092
155.5	1.67209
155.6	1.67372
155.7	1.67489
155.8	1.67574
155.9	1.6774
156.0	1.67856
156.1	1.67989
156.2	1.68092
156.3	1.68208
156.4	1.68341
156.5	1.68448
156.6	1.68589
156.7	1.68724
156.8	1.68877
156.9	1.68997
157.0	1.69133
157.1	1.69237
157.2	1.69391
157.3	1.69533
157.4	1.69756
157.5	1.69902
157.6	1.70042
157.7	1.70268
157.8	1.70368
157.9	1.70516
158.0	1.70662
158.1	1.70792
158.2	1.7093
158.3	1.71049
158.4	1.71182
158.5	1.71324
158.6	1.7152
158.7	1.71618
158.8	1.71765
158.9	1.71891
159.0	1.72099
159.1	1.72263
159.2	1.72428
159.3	1.72626
159.4	1.72764
159.5	1.72985
159.6	1.73117
159.7	1.73281
159.8	1.73446
159.9	1.73624
160.0	1.73788
160.1	1.73949
160.2	1.74105
160.3	1.7427
160.4	1.74429
160.5	1.74592
160.6	1.74782
160.7	1.7495
160.8	1.75111
160.9	1.75325
161.0	1.75433
161.1	1.75618
161.2	1.75782
161.3	1.75931
161.4	1.76067
161.5	1.76218
161.6	1.76374
161.7	1.76492
161.8	1.76624
161.9	1.76719
162.0	1.76794
162.1	1.76884
162.2	1.76925
162.3	1.76985
162.4	1.77038
162.5	1.77066
162.6	1.77092
162.7	1.77083
162.8	1.77152
162.9	1.77176
163.0	1.77246
163.1	1.77302
163.2	1.77338
163.3	1.77375
163.4	1.77428
163.5	1.77442
163.6	1.77505
163.7	1.77483
163.8	1.77533
163.9	1.77579
164.0	1.77623
164.1	1.77657
164.2	1.77744
164.3	1.77822
164.4	1.77886
164.5	1.77918
164.6	1.77941
164.7	1.78009
164.8	1.78032
164.9	1.78063
165.0	1.78135
165.1	1.78217
165.2	1.78302
165.3	1.78427
165.4	1.78557
165.5	1.78707
165.6	1.7885
165.7	1.78984
165.8	1.79139
165.9	1.79248
166.0	1.79359
166.1	1.79448
166.2	1.79518
166.3	1.79567
166.4	1.79554
166.5	1.79609
166.6	1.79657
166.7	1.79739
166.8	1.7987
166.9	1.79981
167.0	1.80123
167.1	1.80246
167.2	1.80385
167.3	1.80568
167.4	1.80734
167.5	1.80865
167.6	1.80995
167.7	1.81124
167.8	1.81286
167.9	1.81399
168.0	1.81546
168.1	1.81683
168.2	1.818
168.3	1.81949
168.4	1.82064
168.5	1.82246
168.6	1.82412
168.7	1.82566
168.8	1.82713
168.9	1.82905
169.0	1.8309
169.1	1.8328
169.2	1.8348
169.3	1.83651
169.4	1.83849
169.5	1.84012
169.6	1.8416
169.7	1.84315
169.8	1.84489
169.9	1.84642
170.0	1.84768
170.1	1.84909
170.2	1.85089
170.3	1.85208
170.4	1.85362
170.5	1.85493
170.6	1.85635
170.7	1.85709
170.8	1.85865
170.9	1.85978
171.0	1.86059
171.1	1.8617
171.2	1.86302
171.3	1.86366
171.4	1.86459
171.5	1.86553
171.6	1.8663
171.7	1.86665
171.8	1.86759
171.9	1.86813
172.0	1.86917
172.1	1.87024
172.2	1.87076
172.3	1.87185
172.4	1.87279
172.5	1.87382
172.6	1.87494
172.7	1.87603
172.8	1.87726
172.9	1.87842
173.0	1.87959
173.1	1.88062
173.2	1.88139
173.3	1.8821
173.4	1.88317
173.5	1.88402
173.6	1.88509
173.7	1.88592
173.8	1.88684
173.9	1.88728
174.0	1.88814
174.1	1.88918
174.2	1.89036
174.3	1.89131
174.4	1.89241
174.5	1.8937
174.6	1.89514
174.7	1.89647
174.8	1.8974
174.9	1.89897
175.0	1.90022
175.1	1.9009
175.2	1.90182
175.3	1.90264
175.4	1.90343
175.5	1.90369
175.6	1.90463
175.7	1.90544
175.8	1.90623
175.9	1.90687
176.0	1.90731
176.1	1.90835
176.2	1.90902
176.3	1.90967
176.4	1.91027
176.5	1.91094
176.6	1.9116
176.7	1.91221
176.8	1.91309
176.9	1.91373
177.0	1.91458
177.1	1.91558
177.2	1.91691
177.3	1.91785
177.4	1.91923
177.5	1.92071
177.6	1.92235
177.7	1.92377
177.8	1.92513
177.9	1.92682
178.0	1.92829
178.1	1.92965
178.2	1.93071
178.3	1.93179
178.4	1.93324
178.5	1.93455
178.6	1.93578
178.7	1.93672
178.8	1.9383
178.9	1.94008
179.0	1.94139
179.1	1.94246
179.2	1.94359
179.3	1.94447
179.4	1.94525
179.5	1.94649
179.6	1.94795
179.7	1.94927
179.8	1.95073
179.9	1.95213
180.0	1.95357
180.1	1.95494
180.2	1.95614
180.3	1.95779
180.4	1.95957
180.5	1.96177
180.6	1.96335
180.7	1.96492
180.8	1.96635
180.9	1.96806
181.0	1.9696
181.1	1.97147
181.2	1.97336
181.3	1.97504
181.4	1.97679
181.5	1.97815
181.6	1.97987
181.7	1.98132
181.8	1.98273
181.9	1.98433
182.0	1.98574
182.1	1.98698
182.2	1.98799
182.3	1.98868
182.4	1.98949
182.5	1.98991
182.6	1.99088
182.7	1.99127
182.8	1.99204
182.9	1.99264
183.0	1.99315
183.1	1.99361
183.2	1.99413
183.3	1.99459
183.4	1.9956
183.5	1.99642
183.6	1.99707
183.7	1.99801
183.8	1.99889
183.9	1.99928
184.0	2.00001
184.1	2.00131
184.2	2.00204
184.3	2.00258
184.4	2.00381
184.5	2.00484
184.6	2.00558
184.7	2.00658
184.8	2.00728
184.9	2.00819
185.0	2.00899
185.1	2.00982
185.2	2.01112
185.3	2.01157
185.4	2.01293
185.5	2.01376
185.6	2.01525
185.7	2.01658
185.8	2.01809
185.9	2.01974
186.0	2.02101
186.1	2.02246
186.2	2.02382
186.3	2.02511
186.4	2.02585
186.5	2.02708
186.6	2.02818
186.7	2.02896
186.8	2.02987
186.9	2.03094
187.0	2.03149
187.1	2.03256
187.2	2.03334
187.3	2.03408
187.4	2.03527
187.5	2.0359
187.6	2.03696
187.7	2.03791
187.8	2.03898
187.9	2.03962
188.0	2.04054
188.1	2.0418
188.2	2.04284
188.3	2.044
188.4	2.04471
188.5	2.04631
188.6	2.047
188.7	2.04784
188.8	2.04904
188.9	2.04979
189.0	2.05032
189.1	2.05095
189.2	2.05181
189.3	2.0525
189.4	2.05387
189.5	2.05518
189.6	2.05655
189.7	2.0576
189.8	2.05862
189.9	2.05969
190.0	2.06071
190.1	2.06197
190.2	2.06322
190.3	2.06426
190.4	2.06509
190.5	2.06577
190.6	2.06636
190.7	2.06683
190.8	2.06721
190.9	2.06776
191.0	2.06838
191.1	2.06886
191.2	2.06958
191.3	2.07025
191.4	2.07131
191.5	2.07196
191.6	2.07271
191.7	2.07382
191.8	2.07477
191.9	2.07619
192.0	2.07686
192.1	2.07788
192.2	2.07898
192.3	2.08012
192.4	2.08113
192.5	2.08225
192.6	2.08274
192.7	2.08313
192.8	2.08353
192.9	2.0846
193.0	2.08469
193.1	2.08543
193.2	2.08602
193.3	2.08668
193.4	2.08738
193.5	2.08827
193.6	2.08864
193.7	2.08986
193.8	2.09067
193.9	2.0916
194.0	2.09243
194.1	2.09323
194.2	2.09407
194.3	2.09481
194.4	2.09535
194.5	2.09622
194.6	2.09687
194.7	2.09759
194.8	2.09803
194.9	2.09836
195.0	2.09862
195.1	2.09895
195.2	2.09943
195.3	2.09979
195.4	2.10042
195.5	2.10073
195.6	2.10155
195.7	2.10171
195.8	2.10205
195.9	2.10277
196.0	2.10353
196.1	2.10407
196.2	2.10447
196.3	2.10494
196.4	2.10537
196.5	2.10645
196.6	2.10685
196.7	2.10787
196.8	2.10851
196.9	2.10942
197.0	2.10988
197.1	2.1109
197.2	2.11145
197.3	2.11221
197.4	2.11263
197.5	2.11282
197.6	2.11354
197.7	2.11396
197.8	2.11402
197.9	2.11464
198.0	2.11482
198.1	2.11503
198.2	2.1154
198.3	2.11555
198.4	2.11653
198.5	2.11734
198.6	2.11809
198.7	2.11862
198.8	2.11922
198.9	2.11977
199.0	2.11998
199.1	2.1204
199.2	2.12072
199.3	2.12108
199.4	2.12134
199.5	2.12219
199.6	2.12248
199.7	2.12362
199.8	2.12455
199.9	2.12538
200.0	2.1259
200.1	2.12629
200.2	2.12682

&

