0.1	0.0
0.2	0.0
0.3	0.0
0.4	0.0
0.5	0.0
0.6	0.0
0.7	0.0
0.8	0.0
0.9	0.0
1.0	0.0
1.1	0.0
1.2	0.0
1.3	0.0
1.4	0.0
1.5	0.0
1.6	0.0
1.7	0.0
1.8	0.0
1.9	0.0
2.0	0.0
2.1	0.0
2.2	0.0
2.3	0.0
2.4	0.0
2.5	0.0
2.6	0.0
2.7	0.0
2.8	0.0
2.9	0.0
3.0	0.0
3.1	0.0
3.2	0.0
3.3	0.0
3.4	0.0
3.5	0.0
3.6	0.0
3.7	0.0
3.8	0.0
3.9	0.0
4.0	0.0
4.1	0.0
4.2	0.0
4.3	0.0
4.4	0.0
4.5	0.0
4.6	0.0
4.7	0.0
4.8	0.0
4.9	0.0
5.0	0.0
5.1	0.0
5.2	0.0
5.3	0.0
5.4	0.0
5.5	0.0
5.6	0.0
5.7	0.0
5.8	0.0
5.9	0.0
6.0	0.0
6.1	0.0
6.2	0.0
6.3	0.0
6.4	0.0
6.5	0.0
6.6	0.0
6.7	0.0
6.8	0.0
6.9	0.0
7.0	0.0
7.1	0.0
7.2	0.0
7.3	0.0
7.4	0.0
7.5	0.0
7.6	0.0
7.7	0.0
7.8	0.0
7.9	0.0
8.0	0.0
8.1	0.0
8.2	0.0
8.3	0.0
8.4	0.0
8.5	0.0
8.6	0.0
8.7	0.0
8.8	0.0
8.9	0.0
9.0	0.0
9.1	0.0
9.2	0.0
9.3	0.0
9.4	0.0
9.5	0.0
9.6	0.0
9.7	0.0
9.8	0.0
9.9	0.0
10.0	0.0
10.1	0.0
10.2	0.0
10.3	0.0
10.4	0.0
10.5	0.0
10.6	0.0
10.7	0.0
10.8	0.0
10.9	0.0
11.0	0.0
11.1	0.0
11.2	0.0
11.3	0.0
11.4	0.0
11.5	0.0
11.6	0.0
11.7	0.0
11.8	0.0
11.9	0.0
12.0	0.0
12.1	0.0
12.2	0.0
12.3	0.0
12.4	0.0
12.5	0.0
12.6	0.0
12.7	0.0
12.8	0.0
12.9	0.0
13.0	0.0
13.1	0.0
13.2	0.0
13.3	0.0
13.4	0.0
13.5	0.0
13.6	0.0
13.7	0.0
13.8	0.0
13.9	0.0
14.0	0.0
14.1	0.0
14.2	0.0
14.3	0.0
14.4	0.0
14.5	0.0
14.6	0.0
14.7	0.0
14.8	0.0
14.9	0.0
15.0	0.0
15.1	0.0
15.2	0.0
15.3	0.0
15.4	0.0
15.5	0.0
15.6	0.0
15.7	0.0
15.8	0.0
15.9	0.0
16.0	0.0
16.1	0.0
16.2	0.0
16.3	0.0
16.4	0.0
16.5	0.0
16.6	0.0
16.7	0.0
16.8	0.0
16.9	0.0
17.0	0.0
17.1	0.0
17.2	0.0
17.3	0.0
17.4	0.0
17.5	0.0
17.6	0.0
17.7	0.0
17.8	0.0
17.9	0.0
18.0	0.0
18.1	0.0
18.2	0.0
18.3	0.0
18.4	0.0
18.5	0.0
18.6	0.0
18.7	0.0
18.8	0.0
18.9	0.0
19.0	0.0
19.1	0.0
19.2	0.0
19.3	0.0
19.4	0.0
19.5	0.0
19.6	0.0
19.7	0.0
19.8	0.0
19.9	0.0
20.0	0.0
20.1	0.0
20.2	0.0
20.3	0.0
20.4	0.0
20.5	0.0
20.6	0.0
20.7	0.0
20.8	0.0
20.9	0.0
21.0	0.0
21.1	0.0
21.2	0.0
21.3	0.0
21.4	0.0
21.5	0.0
21.6	0.0
21.7	0.0
21.8	0.0
21.9	0.0
22.0	0.0
22.1	0.0
22.2	0.0
22.3	0.0
22.4	0.0
22.5	0.0
22.6	0.0
22.7	0.0
22.8	0.0
22.9	0.0
23.0	0.0
23.1	0.0
23.2	0.0
23.3	0.0
23.4	0.0
23.5	0.0
23.6	0.0
23.7	0.0
23.8	0.0
23.9	0.0
24.0	0.0
24.1	0.0
24.2	0.0
24.3	0.0
24.4	0.0
24.5	0.0
24.6	0.0
24.7	0.0
24.8	0.0
24.9	0.0
25.0	0.0
25.1	0.0
25.2	0.0
25.3	0.0
25.4	0.0
25.5	0.0
25.6	0.0
25.7	0.0
25.8	0.0
25.9	0.0
26.0	0.0
26.1	0.0
26.2	0.0
26.3	0.0
26.4	0.0
26.5	0.0
26.6	0.0
26.7	0.0
26.8	0.0
26.9	0.0
27.0	0.0
27.1	0.0
27.2	0.0
27.3	0.0
27.4	0.0
27.5	0.0
27.6	0.0
27.7	0.0
27.8	0.0
27.9	0.0
28.0	0.0
28.1	0.0
28.2	0.0
28.3	0.0
28.4	0.0
28.5	0.0
28.6	0.0
28.7	0.0
28.8	0.0
28.9	0.0
29.0	0.0
29.1	0.0
29.2	0.0
29.3	0.0
29.4	0.0
29.5	0.0
29.6	0.0
29.7	0.0
29.8	0.0
29.9	0.0
30.0	0.0
30.1	0.0
30.2	0.0
30.3	0.0
30.4	0.0
30.5	0.0
30.6	0.0
30.7	0.0
30.8	0.0
30.9	0.0
31.0	0.0
31.1	0.0
31.2	0.0
31.3	0.0
31.4	0.0
31.5	0.0
31.6	0.0
31.7	0.0
31.8	0.0
31.9	0.0
32.0	0.0
32.1	0.0
32.2	0.0
32.3	0.0
32.4	0.0
32.5	0.0
32.6	0.0
32.7	0.0
32.8	0.0
32.9	0.0
33.0	0.0
33.1	0.0
33.2	0.0
33.3	0.0
33.4	0.0
33.5	0.0
33.6	0.0
33.7	0.0
33.8	0.0
33.9	0.0
34.0	0.0
34.1	0.0
34.2	0.0
34.3	0.0
34.4	0.0
34.5	0.0
34.6	0.0
34.7	0.0
34.8	0.0
34.9	0.0
35.0	0.0
35.1	0.0
35.2	0.0
35.3	0.0
35.4	0.0
35.5	0.0
35.6	0.0
35.7	0.0
35.8	0.0
35.9	0.0
36.0	0.0
36.1	0.0
36.2	0.0
36.3	0.0
36.4	0.0
36.5	0.0
36.6	0.0
36.7	0.0
36.8	0.0
36.9	0.0
37.0	0.0
37.1	0.0
37.2	0.0
37.3	0.0
37.4	0.0
37.5	0.0
37.6	0.0
37.7	0.0
37.8	0.0
37.9	0.0
38.0	0.0
38.1	0.0
38.2	0.0
38.3	0.0
38.4	0.0
38.5	0.0
38.6	0.0
38.7	0.0
38.8	0.0
38.9	0.0
39.0	0.0
39.1	0.0
39.2	0.0
39.3	0.0
39.4	0.0
39.5	0.0
39.6	0.0
39.7	0.0
39.8	0.0
39.9	0.0
40.0	0.0
40.1	0.0
40.2	0.0
40.3	0.0
40.4	0.0
40.5	0.0
40.6	0.0
40.7	0.0
40.8	0.0
40.9	0.0
41.0	0.0
41.1	0.0
41.2	0.0
41.3	0.0
41.4	0.0
41.5	0.0
41.6	0.0
41.7	0.0
41.8	0.0
41.9	0.0
42.0	0.0
42.1	0.0
42.2	0.0
42.3	0.0
42.4	0.0
42.5	0.0
42.6	0.0
42.7	0.0
42.8	0.0
42.9	0.0
43.0	0.0
43.1	0.0
43.2	0.0
43.3	0.0
43.4	0.0
43.5	0.0
43.6	0.0
43.7	0.0
43.8	0.0
43.9	0.0
44.0	0.0
44.1	0.0
44.2	0.0
44.3	0.0
44.4	0.0
44.5	0.0
44.6	0.0
44.7	0.0
44.8	0.0
44.9	0.0
45.0	0.0
45.1	0.0
45.2	0.0
45.3	0.0
45.4	0.0
45.5	0.0
45.6	0.0
45.7	0.0
45.8	0.0
45.9	0.0
46.0	0.0
46.1	0.0
46.2	0.0
46.3	0.0
46.4	0.0
46.5	0.0
46.6	0.0
46.7	0.0
46.8	0.0
46.9	0.0
47.0	0.0
47.1	0.0
47.2	0.0
47.3	0.0
47.4	0.0
47.5	0.0
47.6	0.0
47.7	0.0
47.8	0.0
47.9	0.0
48.0	0.0
48.1	0.0
48.2	0.0
48.3	0.0
48.4	0.0
48.5	0.0
48.6	0.0
48.7	0.0
48.8	0.0
48.9	0.0
49.0	0.0
49.1	0.0
49.2	0.0
49.3	0.0
49.4	0.0
49.5	0.0
49.6	0.0
49.7	0.0
49.8	0.0
49.9	0.0
50.0	0.0

&

0.1	0.0
0.2	-0.042543
0.3	-0.085085
0.4	-0.127628
0.5	-0.170171
0.6	-0.212714
0.7	-0.255256
0.8	-0.297799
0.9	-0.340342
1.0	-0.382885
1.1	-0.425427
1.2	-0.46797
1.3	-0.510513
1.4	-0.553056
1.5	-0.595598
1.6	-0.638141
1.7	-0.680684
1.8	-0.723227
1.9	-0.765769
2.0	-0.808312
2.1	-0.850855
2.2	-0.893398
2.3	-0.93594
2.4	-0.978483
2.5	-1.02103
2.6	-1.06357
2.7	-1.10611
2.8	-1.14865
2.9	-1.1912
3.0	-1.23374
3.1	-1.27628
3.2	-1.31882
3.3	-1.36137
3.4	-1.40391
3.5	-1.44645
3.6	-1.489
3.7	-1.53154
3.8	-1.57408
3.9	-1.61662
4.0	-1.65917
4.1	-1.70171
4.2	-1.74425
4.3	-1.78679
4.4	-1.82934
4.5	-1.87188
4.6	-1.91442
4.7	-1.95697
4.8	-1.99951
4.9	-2.04205
5.0	-2.08459
5.1	-2.12714
5.2	-2.16968
5.3	-2.21222
5.4	-2.25476
5.5	-2.29731
5.6	-2.33985
5.7	-2.38239
5.8	-2.42494
5.9	-2.46748
6.0	-2.51002
6.1	-2.55256
6.2	-2.59511
6.3	-2.63765
6.4	-2.68019
6.5	-2.72274
6.6	-2.76528
6.7	-2.80782
6.8	-2.85036
6.9	-2.89291
7.0	-2.93545
7.1	-2.97799
7.2	-3.02054
7.3	-3.06308
7.4	-3.10562
7.5	-3.14816
7.6	-3.19071
7.7	-3.23325
7.8	-3.27579
7.9	-3.31833
8.0	-3.36088
8.1	-3.40342
8.2	-3.44596
8.3	-3.4885
8.4	-3.53105
8.5	-3.57359
8.6	-3.61613
8.7	-3.65868
8.8	-3.70122
8.9	-3.74376
9.0	-3.7863
9.1	-3.82885
9.2	-3.87139
9.3	-3.91393
9.4	-3.95648
9.5	-3.99902
9.6	-4.04156
9.7	-4.0841
9.8	-4.12665
9.9	-4.16919
10.0	-4.21173
10.1	-4.25427
10.2	-4.29682
10.3	-4.33936
10.4	-4.3819
10.5	-4.42445
10.6	-4.46699
10.7	-4.50953
10.8	-4.55207
10.9	-4.59462
11.0	-4.63716
11.1	-4.6797
11.2	-4.72224
11.3	-4.76479
11.4	-4.80733
11.5	-4.84987
11.6	-4.89241
11.7	-4.93496
11.8	-4.9775
11.9	-5.02004
12.0	-5.06259
12.1	-5.10513
12.2	-5.14767
12.3	-5.19021
12.4	-5.23276
12.5	-5.2753
12.6	-5.31784
12.7	-5.36038
12.8	-5.40293
12.9	-5.44547
13.0	-5.48801
13.1	-5.53056
13.2	-5.5731
13.3	-5.61564
13.4	-5.65818
13.5	-5.70073
13.6	-5.74327
13.7	-5.78581
13.8	-5.82836
13.9	-5.8709
14.0	-5.91344
14.1	-5.95598
14.2	-5.99853
14.3	-6.04107
14.4	-6.08361
14.5	-6.12615
14.6	-6.1687
14.7	-6.21124
14.8	-6.25378
14.9	-6.29633
15.0	-6.33887
15.1	-6.38141
15.2	-6.42395
15.3	-6.4665
15.4	-6.50904
15.5	-6.55158
15.6	-6.59413
15.7	-6.63667
15.8	-6.67921
15.9	-6.72175
16.0	-6.7643
16.1	-6.80684
16.2	-6.84938
16.3	-6.89192
16.4	-6.93447
16.5	-6.97701
16.6	-7.01955
16.7	-7.0621
16.8	-7.10464
16.9	-7.14718
17.0	-7.18972
17.1	-7.23227
17.2	-7.27481
17.3	-7.31735
17.4	-7.35989
17.5	-7.40244
17.6	-7.44498
17.7	-7.48752
17.8	-7.53006
17.9	-7.57261
18.0	-7.61515
18.1	-7.65769
18.2	-7.70024
18.3	-7.74278
18.4	-7.78532
18.5	-7.82786
18.6	-7.87041
18.7	-7.91295
18.8	-7.95549
18.9	-7.99803
19.0	-8.04058
19.1	-8.08312
19.2	-8.12566
19.3	-8.16821
19.4	-8.21075
19.5	-8.25329
19.6	-8.29583
19.7	-8.33838
19.8	-8.38092
19.9	-8.42346
20.0	-8.466
20.1	-8.50855
20.2	-8.55109
20.3	-8.59363
20.4	-8.63618
20.5	-8.67872
20.6	-8.72126
20.7	-8.7638
20.8	-8.80635
20.9	-8.84889
21.0	-8.89143
21.1	-8.93398
21.2	-8.97652
21.3	-9.01906
21.4	-9.0616
21.5	-9.10415
21.6	-9.14669
21.7	-9.18923
21.8	-9.23178
21.9	-9.27432
22.0	-9.31686
22.1	-9.3594
22.2	-9.40195
22.3	-9.44449
22.4	-9.48703
22.5	-9.52957
22.6	-9.57212
22.7	-9.61466
22.8	-9.6572
22.9	-9.69975
23.0	-9.74229
23.1	-9.78483
23.2	-9.82737
23.3	-9.86992
23.4	-9.91246
23.5	-9.955
23.6	-9.99754
23.7	-10.0401
23.8	-10.0826
23.9	-10.1252
24.0	-10.1677
24.1	-10.2103
24.2	-10.2528
24.3	-10.2953
24.4	-10.3379
24.5	-10.3804
24.6	-10.423
24.7	-10.4655
24.8	-10.5081
24.9	-10.5506
25.0	-10.5931
25.1	-10.6357
25.2	-10.6782
25.3	-10.7208
25.4	-10.7633
25.5	-10.8059
25.6	-10.8484
25.7	-10.8909
25.8	-10.9335
25.9	-10.976
26.0	-11.0186
26.1	-11.0611
26.2	-11.1037
26.3	-11.1462
26.4	-11.1887
26.5	-11.2313
26.6	-11.2738
26.7	-11.3164
26.8	-11.3589
26.9	-11.4015
27.0	-11.444
27.1	-11.4865
27.2	-11.5291
27.3	-11.5716
27.4	-11.6142
27.5	-11.6567
27.6	-11.6993
27.7	-11.7418
27.8	-11.7843
27.9	-11.8269
28.0	-11.8694
28.1	-11.912
28.2	-11.9545
28.3	-11.9971
28.4	-12.0396
28.5	-12.0821
28.6	-12.1247
28.7	-12.1672
28.8	-12.2098
28.9	-12.2523
29.0	-12.2949
29.1	-12.3374
29.2	-12.3799
29.3	-12.4225
29.4	-12.465
29.5	-12.5076
29.6	-12.5501
29.7	-12.5927
29.8	-12.6352
29.9	-12.6777
30.0	-12.7203
30.1	-12.7628
30.2	-12.8054
30.3	-12.8479
30.4	-12.8904
30.5	-12.933
30.6	-12.9755
30.7	-13.0181
30.8	-13.0606
30.9	-13.1032
31.0	-13.1457
31.1	-13.1883
31.2	-13.2308
31.3	-13.2733
31.4	-13.3159
31.5	-13.3584
31.6	-13.401
31.7	-13.4435
31.8	-13.486
31.9	-13.5286
32.0	-13.5711
32.1	-13.6137
32.2	-13.6562
32.3	-13.6988
32.4	-13.7413
32.5	-13.7838
32.6	-13.8264
32.7	-13.8689
32.8	-13.9115
32.9	-13.954
33.0	-13.9966
33.1	-14.0391
33.2	-14.0816
33.3	-14.1242
33.4	-14.1667
33.5	-14.2093
33.6	-14.2518
33.7	-14.2944
33.8	-14.3369
33.9	-14.3794
34.0	-14.422
34.1	-14.4645
34.2	-14.5071
34.3	-14.5496
34.4	-14.5922
34.5	-14.6347
34.6	-14.6772
34.7	-14.7198
34.8	-14.7623
34.9	-14.8049
35.0	-14.8474
35.1	-14.89
35.2	-14.9325
35.3	-14.975
35.4	-15.0176
35.5	-15.0601
35.6	-15.1027
35.7	-15.1452
35.8	-15.1878
35.9	-15.2303
36.0	-15.2728
36.1	-15.3154
36.2	-15.3579
36.3	-15.4005
36.4	-15.443
36.5	-15.4856
36.6	-15.5281
36.7	-15.5706
36.8	-15.6132
36.9	-15.6557
37.0	-15.6983
37.1	-15.7408
37.2	-15.7834
37.3	-15.8259
37.4	-15.8684
37.5	-15.911
37.6	-15.9535
37.7	-15.9961
37.8	-16.0386
37.9	-16.0812
38.0	-16.1237
38.1	-16.1662
38.2	-16.2088
38.3	-16.2513
38.4	-16.2939
38.5	-16.3364
38.6	-16.379
38.7	-16.4215
38.8	-16.464
38.9	-16.5066
39.0	-16.5491
39.1	-16.5917
39.2	-16.6342
39.3	-16.6768
39.4	-16.7193
39.5	-16.7618
39.6	-16.8044
39.7	-16.8469
39.8	-16.8895
39.9	-16.932
40.0	-16.9746
40.1	-17.0171
40.2	-17.0596
40.3	-17.1022
40.4	-17.1447
40.5	-17.1873
40.6	-17.2298
40.7	-17.2724
40.8	-17.3149
40.9	-17.3574
41.0	-17.4
41.1	-17.4425
41.2	-17.4851
41.3	-17.5276
41.4	-17.5702
41.5	-17.6127
41.6	-17.6552
41.7	-17.6978
41.8	-17.7403
41.9	-17.7829
42.0	-17.8254
42.1	-17.868
42.2	-17.9105
42.3	-17.953
42.4	-17.9956
42.5	-18.0381
42.6	-18.0807
42.7	-18.1232
42.8	-18.1657
42.9	-18.2083
43.0	-18.2508
43.1	-18.2934
43.2	-18.3359
43.3	-18.3785
43.4	-18.421
43.5	-18.4635
43.6	-18.5061
43.7	-18.5486
43.8	-18.5912
43.9	-18.6337
44.0	-18.6763
44.1	-18.7188
44.2	-18.7613
44.3	-18.8039
44.4	-18.8464
44.5	-18.889
44.6	-18.9315
44.7	-18.9741
44.8	-19.0166
44.9	-19.0591
45.0	-19.1017
45.1	-19.1442
45.2	-19.1868
45.3	-19.2293
45.4	-19.2719
45.5	-19.3144
45.6	-19.3569
45.7	-19.3995
45.8	-19.442
45.9	-19.4846
46.0	-19.5271
46.1	-19.5697
46.2	-19.6122
46.3	-19.6547
46.4	-19.6973
46.5	-19.7398
46.6	-19.7824
46.7	-19.8249
46.8	-19.8675
46.9	-19.91
47.0	-19.9525
47.1	-19.9951
47.2	-20.0376
47.3	-20.0802
47.4	-20.1227
47.5	-20.1653
47.6	-20.2078
47.7	-20.2503
47.8	-20.2929
47.9	-20.3354
48.0	-20.378
48.1	-20.4205
48.2	-20.4631
48.3	-20.5056
48.4	-20.5481
48.5	-20.5907
48.6	-20.6332
48.7	-20.6758
48.8	-20.7183
48.9	-20.7609
49.0	-20.8034
49.1	-20.8459
49.2	-20.8885
49.3	-20.931
49.4	-20.9736
49.5	-21.0161
49.6	-21.0587
49.7	-21.1012
49.8	-21.1437
49.9	-21.1863
50.0	-21.2288

&

0.1	0.0
0.2	0.000689
0.3	0.002758
0.4	0.006205
0.5	0.011031
0.6	0.017236
0.7	0.02482
0.8	0.033783
0.9	0.044125
1.0	0.055846
1.1	0.068945
1.2	0.083424
1.3	0.099281
1.4	0.116518
1.5	0.135133
1.6	0.155127
1.7	0.1765
1.8	0.199252
1.9	0.223383
2.0	0.248893
2.1	0.275782
2.2	0.304049
2.3	0.333696
2.4	0.364721
2.5	0.397126
2.6	0.430909
2.7	0.466071
2.8	0.502612
2.9	0.540532
3.0	0.579831
3.1	0.620509
3.2	0.662566
3.3	0.706001
3.4	0.750816
3.5	0.797009
3.6	0.844582
3.7	0.893533
3.8	0.943863
3.9	0.995572
4.0	1.04866
4.1	1.10313
4.2	1.15897
4.3	1.2162
4.4	1.2748
4.5	1.33478
4.6	1.39614
4.7	1.45888
4.8	1.523
4.9	1.5885
5.0	1.65538
5.1	1.72364
5.2	1.79327
5.3	1.86428
5.4	1.93668
5.5	2.01045
5.6	2.0856
5.7	2.16213
5.8	2.24004
5.9	2.31933
6.0	2.39999
6.1	2.48204
6.2	2.56546
6.3	2.65026
6.4	2.73644
6.5	2.82401
6.6	2.91295
6.7	3.00326
6.8	3.09496
6.9	3.18804
7.0	3.28249
7.1	3.37833
7.2	3.47554
7.3	3.57413
7.4	3.6741
7.5	3.77545
7.6	3.87818
7.7	3.98229
7.8	4.08777
7.9	4.19464
8.0	4.30288
8.1	4.41251
8.2	4.52351
8.3	4.63589
8.4	4.74965
8.5	4.86479
8.6	4.98131
8.7	5.09921
8.8	5.21848
8.9	5.33913
9.0	5.46117
9.1	5.58458
9.2	5.70937
9.3	5.83554
9.4	5.96309
9.5	6.09202
9.6	6.22233
9.7	6.35401
9.8	6.48708
9.9	6.62152
10.0	6.75734
10.1	6.89454
10.2	7.03312
10.3	7.17308
10.4	7.31442
10.5	7.45714
10.6	7.60123
10.7	7.74671
10.8	7.89356
10.9	8.0418
11.0	8.19141
11.1	8.3424
11.2	8.49477
11.3	8.64852
11.4	8.80364
11.5	8.96015
11.6	9.11803
11.7	9.2773
11.8	9.43794
11.9	9.59996
12.0	9.76336
12.1	9.92814
12.2	10.0943
12.3	10.2618
12.4	10.4308
12.5	10.6011
12.6	10.7727
12.7	10.9458
12.8	11.1202
12.9	11.296
13.0	11.4732
13.1	11.6518
13.2	11.8317
13.3	12.0131
13.4	12.1958
13.5	12.3798
13.6	12.5653
13.7	12.7521
13.8	12.9404
13.9	13.13
14.0	13.3209
14.1	13.5133
14.2	13.707
14.3	13.9022
14.4	14.0987
14.5	14.2965
14.6	14.4958
14.7	14.6964
14.8	14.8984
14.9	15.1018
15.0	15.3066
15.1	15.5127
15.2	15.7203
15.3	15.9292
15.4	16.1394
15.5	16.3511
15.6	16.5641
15.7	16.7786
15.8	16.9944
15.9	17.2115
16.0	17.4301
16.1	17.65
16.2	17.8713
16.3	18.094
16.4	18.3181
16.5	18.5436
16.6	18.7704
16.7	18.9986
16.8	19.2282
16.9	19.4592
17.0	19.6915
17.1	19.9252
17.2	20.1603
17.3	20.3968
17.4	20.6347
17.5	20.8739
17.6	21.1145
17.7	21.3565
17.8	21.5999
17.9	21.8447
18.0	22.0908
18.1	22.3383
18.2	22.5872
18.3	22.8375
18.4	23.0891
18.5	23.3422
18.6	23.5966
18.7	23.8524
18.8	24.1095
18.9	24.3681
19.0	24.628
19.1	24.8893
19.2	25.152
19.3	25.416
19.4	25.6815
19.5	25.9483
19.6	26.2165
19.7	26.4861
19.8	26.757
19.9	27.0294
20.0	27.3031
20.1	27.5782
20.2	27.8546
20.3	28.1325
20.4	28.4117
20.5	28.6923
20.6	28.9743
20.7	29.2577
20.8	29.5424
20.9	29.8286
21.0	30.1161
21.1	30.4049
21.2	30.6952
21.3	30.9868
21.4	31.2799
21.5	31.5743
21.6	31.87
21.7	32.1672
21.8	32.4657
21.9	32.7656
22.0	33.0669
22.1	33.3696
22.2	33.6736
22.3	33.9791
22.4	34.2859
22.5	34.5941
22.6	34.9036
22.7	35.2146
22.8	35.5269
22.9	35.8406
23.0	36.1557
23.1	36.4721
23.2	36.79
23.3	37.1092
23.4	37.4298
23.5	37.7518
23.6	38.0751
23.7	38.3999
23.8	38.726
23.9	39.0535
24.0	39.3823
24.1	39.7126
24.2	40.0442
24.3	40.3772
24.4	40.7116
24.5	41.0474
24.6	41.3845
24.7	41.723
24.8	42.0629
24.9	42.4042
25.0	42.7469
25.1	43.0909
25.2	43.4363
25.3	43.7831
25.4	44.1313
25.5	44.4808
25.6	44.8318
25.7	45.1841
25.8	45.5378
25.9	45.8928
26.0	46.2493
26.1	46.6071
26.2	46.9663
26.3	47.3269
26.4	47.6889
26.5	48.0522
26.6	48.4169
26.7	48.783
26.8	49.1505
26.9	49.5194
27.0	49.8896
27.1	50.2612
27.2	50.6342
27.3	51.0086
27.4	51.3843
27.5	51.7615
27.6	52.14
27.7	52.5199
27.8	52.9011
27.9	53.2838
28.0	53.6678
28.1	54.0532
28.2	54.44
28.3	54.8282
28.4	55.2177
28.5	55.6086
28.6	56.0009
28.7	56.3946
28.8	56.7897
28.9	57.1861
29.0	57.5839
29.1	57.9831
29.2	58.3837
29.3	58.7856
29.4	59.189
29.5	59.5937
29.6	59.9998
29.7	60.4072
29.8	60.8161
29.9	61.2263
30.0	61.6379
30.1	62.0509
30.2	62.4653
30.3	62.881
30.4	63.2981
30.5	63.7166
30.6	64.1365
30.7	64.5578
30.8	64.9804
30.9	65.4044
31.0	65.8298
31.1	66.2566
31.2	66.6847
31.3	67.1142
31.4	67.5452
31.5	67.9774
31.6	68.4111
31.7	68.8462
31.8	69.2826
31.9	69.7204
32.0	70.1596
32.1	70.6001
32.2	71.0421
32.3	71.4854
32.4	71.9301
32.5	72.3762
32.6	72.8236
32.7	73.2725
32.8	73.7227
32.9	74.1743
33.0	74.6272
33.1	75.0816
33.2	75.5373
33.3	75.9944
33.4	76.4529
33.5	76.9128
33.6	77.374
33.7	77.8366
33.8	78.3006
33.9	78.766
34.0	79.2328
34.1	79.7009
34.2	80.1704
34.3	80.6413
34.4	81.1136
34.5	81.5873
34.6	82.0623
34.7	82.5387
34.8	83.0165
34.9	83.4957
35.0	83.9762
35.1	84.4582
35.2	84.9415
35.3	85.4262
35.4	85.9122
35.5	86.3997
35.6	86.8885
35.7	87.3787
35.8	87.8703
35.9	88.3632
36.0	88.8576
36.1	89.3533
36.2	89.8504
36.3	90.3489
36.4	90.8487
36.5	91.3499
36.6	91.8526
36.7	92.3566
36.8	92.8619
36.9	93.3687
37.0	93.8768
37.1	94.3863
37.2	94.8972
37.3	95.4095
37.4	95.9231
37.5	96.4381
37.6	96.9545
37.7	97.4723
37.8	97.9915
37.9	98.512
38.0	99.0339
38.1	99.5572
38.2	100.082
38.3	100.608
38.4	101.135
38.5	101.664
38.6	102.194
38.7	102.726
38.8	103.259
38.9	103.793
39.0	104.329
39.1	104.866
39.2	105.404
39.3	105.944
39.4	106.486
39.5	107.028
39.6	107.572
39.7	108.117
39.8	108.664
39.9	109.212
40.0	109.762
40.1	110.313
40.2	110.865
40.3	111.419
40.4	111.974
40.5	112.53
40.6	113.088
40.7	113.647
40.8	114.207
40.9	114.769
41.0	115.333
41.1	115.897
41.2	116.463
41.3	117.031
41.4	117.6
41.5	118.17
41.6	118.741
41.7	119.314
41.8	119.889
41.9	120.464
42.0	121.041
42.1	121.62
42.2	122.2
42.3	122.781
42.4	123.363
42.5	123.947
42.6	124.533
42.7	125.119
42.8	125.708
42.9	126.297
43.0	126.888
43.1	127.48
43.2	128.074
43.3	128.669
43.4	129.265
43.5	129.863
43.6	130.462
43.7	131.063
43.8	131.664
43.9	132.268
44.0	132.872
44.1	133.478
44.2	134.086
44.3	134.695
44.4	135.305
44.5	135.916
44.6	136.529
44.7	137.144
44.8	137.759
44.9	138.376
45.0	138.995
45.1	139.615
45.2	140.236
45.3	140.858
45.4	141.482
45.5	142.108
45.6	142.734
45.7	143.362
45.8	143.992
45.9	144.623
46.0	145.255
46.1	145.889
46.2	146.524
46.3	147.16
46.4	147.798
46.5	148.437
46.6	149.077
46.7	149.719
46.8	150.362
46.9	151.007
47.0	151.653
47.1	152.3
47.2	152.949
47.3	153.599
47.4	154.251
47.5	154.904
47.6	155.558
47.7	156.214
47.8	156.871
47.9	157.529
48.0	158.189
48.1	158.85
48.2	159.513
48.3	160.177
48.4	160.842
48.5	161.509
48.6	162.177
48.7	162.846
48.8	163.517
48.9	164.189
49.0	164.863
49.1	165.538
49.2	166.214
49.3	166.892
49.4	167.571
49.5	168.252
49.6	168.934
49.7	169.617
49.8	170.301
49.9	170.987
50.0	171.675

&

