0.1	0.0
0.2	0.0
0.3	0.0
0.4	0.0
0.5	0.0
0.6	0.0
0.7	0.0
0.8	0.0
0.9	0.0
1.0	0.0
1.1	0.0
1.2	0.0
1.3	0.0
1.4	0.0
1.5	0.0
1.6	0.0
1.7	0.0
1.8	0.0
1.9	0.0
2.0	0.0
2.1	0.0
2.2	0.0
2.3	0.0
2.4	0.0
2.5	0.0
2.6	0.0
2.7	0.0
2.8	0.0
2.9	0.0
3.0	0.0
3.1	0.0
3.2	0.0
3.3	0.0
3.4	0.0
3.5	0.0
3.6	0.0
3.7	0.0
3.8	0.0
3.9	0.0
4.0	0.0
4.1	0.0
4.2	0.0
4.3	0.0
4.4	0.0
4.5	0.0
4.6	0.0
4.7	0.0
4.8	0.0
4.9	0.0
5.0	0.0
5.1	0.0
5.2	0.0
5.3	0.0
5.4	0.0
5.5	0.0
5.6	0.0
5.7	0.0
5.8	0.0
5.9	0.0
6.0	0.0
6.1	0.0
6.2	0.0
6.3	0.0
6.4	0.0
6.5	0.0
6.6	0.0
6.7	0.0
6.8	0.0
6.9	0.0
7.0	0.0
7.1	0.0
7.2	0.0
7.3	0.0
7.4	0.0
7.5	0.0
7.6	0.0
7.7	0.0
7.8	0.0
7.9	0.0
8.0	0.0
8.1	0.0
8.2	0.0
8.3	0.0
8.4	0.0
8.5	0.0
8.6	0.0
8.7	0.0
8.8	0.0
8.9	0.0
9.0	0.0
9.1	0.0
9.2	0.0
9.3	0.0
9.4	0.0
9.5	0.0
9.6	0.0
9.7	0.0
9.8	0.0
9.9	0.0
10.0	0.0
10.1	0.0
10.2	0.0
10.3	0.0
10.4	0.0
10.5	0.0
10.6	0.0
10.7	0.0
10.8	0.0
10.9	0.0
11.0	0.0
11.1	0.0
11.2	0.0
11.3	0.0
11.4	0.0
11.5	0.0
11.6	0.0
11.7	0.0
11.8	0.0
11.9	0.0
12.0	0.0
12.1	0.0
12.2	0.0
12.3	0.0
12.4	0.0
12.5	0.0
12.6	0.0
12.7	0.0
12.8	0.0
12.9	0.0
13.0	0.0
13.1	0.0
13.2	0.0
13.3	0.0
13.4	0.0
13.5	0.0
13.6	0.0
13.7	0.0
13.8	0.0
13.9	0.0
14.0	0.0
14.1	0.0
14.2	0.0
14.3	0.0
14.4	0.0
14.5	0.0
14.6	0.0
14.7	0.0
14.8	0.0
14.9	0.0
15.0	0.0
15.1	0.0
15.2	0.0
15.3	0.0
15.4	0.0
15.5	0.0
15.6	0.0
15.7	0.0
15.8	0.0
15.9	0.0
16.0	0.0
16.1	0.0
16.2	0.0
16.3	0.0
16.4	0.0
16.5	0.0
16.6	0.0
16.7	0.0
16.8	0.0
16.9	0.0
17.0	0.0
17.1	0.0
17.2	0.0
17.3	0.0
17.4	0.0
17.5	0.0
17.6	0.0
17.7	0.0
17.8	0.0
17.9	0.0
18.0	0.0
18.1	0.0
18.2	0.0
18.3	0.0
18.4	0.0
18.5	0.0
18.6	0.0
18.7	0.0
18.8	0.0
18.9	0.0
19.0	0.0
19.1	0.0
19.2	0.0
19.3	0.0
19.4	0.0
19.5	0.0
19.6	0.0
19.7	0.0
19.8	0.0
19.9	0.0
20.0	0.0
20.1	0.0
20.2	0.0
20.3	0.0
20.4	0.0
20.5	0.0
20.6	0.0
20.7	0.0
20.8	0.0
20.9	0.0
21.0	0.0
21.1	0.0
21.2	0.0
21.3	0.0
21.4	0.0
21.5	0.0
21.6	0.0
21.7	0.0
21.8	0.0
21.9	0.0
22.0	0.0
22.1	0.0
22.2	0.0
22.3	0.0
22.4	0.0
22.5	0.0
22.6	0.0
22.7	0.0
22.8	0.0
22.9	0.0
23.0	0.0
23.1	0.0
23.2	0.0
23.3	0.0
23.4	0.0
23.5	0.0
23.6	0.0
23.7	0.0
23.8	0.0
23.9	0.0
24.0	0.0
24.1	0.0
24.2	0.0
24.3	0.0
24.4	0.0
24.5	0.0
24.6	0.0
24.7	0.0
24.8	0.0
24.9	0.0
25.0	0.0
25.1	0.0
25.2	0.0
25.3	0.0
25.4	0.0
25.5	0.0
25.6	0.0
25.7	0.0
25.8	0.0
25.9	0.0
26.0	0.0
26.1	0.0
26.2	0.0
26.3	0.0
26.4	0.0
26.5	0.0
26.6	0.0
26.7	0.0
26.8	0.0
26.9	0.0
27.0	0.0
27.1	0.0
27.2	0.0
27.3	0.0
27.4	0.0
27.5	0.0
27.6	0.0
27.7	0.0
27.8	0.0
27.9	0.0
28.0	0.0
28.1	0.0
28.2	0.0
28.3	0.0
28.4	0.0
28.5	0.0
28.6	0.0
28.7	0.0
28.8	0.0
28.9	0.0
29.0	0.0
29.1	0.0
29.2	0.0
29.3	0.0
29.4	0.0
29.5	0.0
29.6	0.0
29.7	0.0
29.8	0.0
29.9	0.0
30.0	0.0
30.1	0.0
30.2	0.0
30.3	0.0
30.4	0.0
30.5	0.0
30.6	0.0
30.7	0.0
30.8	0.0
30.9	0.0
31.0	0.0
31.1	0.0
31.2	0.0
31.3	0.0
31.4	0.0
31.5	0.0
31.6	0.0
31.7	0.0
31.8	0.0
31.9	0.0
32.0	0.0
32.1	0.0
32.2	0.0
32.3	0.0
32.4	0.0
32.5	0.0
32.6	0.0
32.7	0.0
32.8	0.0
32.9	0.0
33.0	0.0
33.1	0.0
33.2	0.0
33.3	0.0
33.4	0.0
33.5	0.0
33.6	0.0
33.7	0.0
33.8	0.0
33.9	0.0
34.0	0.0
34.1	0.0
34.2	0.0
34.3	0.0
34.4	0.0
34.5	0.0
34.6	0.0
34.7	0.0
34.8	0.0
34.9	0.0
35.0	0.0
35.1	0.0
35.2	0.0
35.3	0.0
35.4	0.0
35.5	0.0
35.6	0.0
35.7	0.0
35.8	0.0
35.9	0.0
36.0	0.0
36.1	0.0
36.2	0.0
36.3	0.0
36.4	0.0
36.5	0.0
36.6	0.0
36.7	0.0
36.8	0.0
36.9	0.0
37.0	0.0
37.1	0.0
37.2	0.0
37.3	0.0
37.4	0.0
37.5	0.0
37.6	0.0
37.7	0.0
37.8	0.0
37.9	0.0
38.0	0.0
38.1	0.0
38.2	0.0
38.3	0.0
38.4	0.0
38.5	0.0
38.6	0.0
38.7	0.0
38.8	0.0
38.9	0.0
39.0	0.0
39.1	0.0
39.2	0.0
39.3	0.0
39.4	0.0
39.5	0.0
39.6	0.0
39.7	0.0
39.8	0.0
39.9	0.0
40.0	0.0
40.1	0.0
40.2	0.0
40.3	0.0
40.4	0.0
40.5	0.0
40.6	0.0
40.7	0.0
40.8	0.0
40.9	0.0
41.0	0.0
41.1	0.0
41.2	0.0
41.3	0.0
41.4	0.0
41.5	0.0
41.6	0.0
41.7	0.0
41.8	0.0
41.9	0.0
42.0	0.0
42.1	0.0
42.2	0.0
42.3	0.0
42.4	0.0
42.5	0.0
42.6	0.0
42.7	0.0
42.8	0.0
42.9	0.0
43.0	0.0
43.1	0.0
43.2	0.0
43.3	0.0
43.4	0.0
43.5	0.0
43.6	0.0
43.7	0.0
43.8	0.0
43.9	0.0
44.0	0.0
44.1	0.0
44.2	0.0
44.3	0.0
44.4	0.0
44.5	0.0
44.6	0.0
44.7	0.0
44.8	0.0
44.9	0.0
45.0	0.0
45.1	0.0
45.2	0.0
45.3	0.0
45.4	0.0
45.5	0.0
45.6	0.0
45.7	0.0
45.8	0.0
45.9	0.0
46.0	0.0
46.1	0.0
46.2	0.0
46.3	0.0
46.4	0.0
46.5	0.0
46.6	0.0
46.7	0.0
46.8	0.0
46.9	0.0
47.0	0.0
47.1	0.0
47.2	0.0
47.3	0.0
47.4	0.0
47.5	0.0
47.6	0.0
47.7	0.0
47.8	0.0
47.9	0.0
48.0	0.0
48.1	0.0
48.2	0.0
48.3	0.0
48.4	0.0
48.5	0.0
48.6	0.0
48.7	0.0
48.8	0.0
48.9	0.0
49.0	0.0
49.1	0.0
49.2	0.0
49.3	0.0
49.4	0.0
49.5	0.0
49.6	0.0
49.7	0.0
49.8	0.0
49.9	0.0
50.0	0.0

&

0.1	0.0
0.2	-0.097241
0.3	-0.194481
0.4	-0.291722
0.5	-0.388962
0.6	-0.486203
0.7	-0.583443
0.8	-0.680684
0.9	-0.777924
1.0	-0.875165
1.1	-0.972406
1.2	-1.06965
1.3	-1.16689
1.4	-1.26413
1.5	-1.36137
1.6	-1.45861
1.7	-1.55585
1.8	-1.65309
1.9	-1.75033
2.0	-1.84757
2.1	-1.94481
2.2	-2.04205
2.3	-2.13929
2.4	-2.23653
2.5	-2.33377
2.6	-2.43101
2.7	-2.52825
2.8	-2.62549
2.9	-2.72274
3.0	-2.81998
3.1	-2.91722
3.2	-3.01446
3.3	-3.1117
3.4	-3.20894
3.5	-3.30618
3.6	-3.40342
3.7	-3.50066
3.8	-3.5979
3.9	-3.69514
4.0	-3.79238
4.1	-3.88962
4.2	-3.98686
4.3	-4.0841
4.4	-4.18134
4.5	-4.27858
4.6	-4.37582
4.7	-4.47307
4.8	-4.57031
4.9	-4.66755
5.0	-4.76479
5.1	-4.86203
5.2	-4.95927
5.3	-5.05651
5.4	-5.15375
5.5	-5.25099
5.6	-5.34823
5.7	-5.44547
5.8	-5.54271
5.9	-5.63995
6.0	-5.73719
6.1	-5.83443
6.2	-5.93167
6.3	-6.02891
6.4	-6.12615
6.5	-6.2234
6.6	-6.32064
6.7	-6.41788
6.8	-6.51512
6.9	-6.61236
7.0	-6.7096
7.1	-6.80684
7.2	-6.90408
7.3	-7.00132
7.4	-7.09856
7.5	-7.1958
7.6	-7.29304
7.7	-7.39028
7.8	-7.48752
7.9	-7.58476
8.0	-7.682
8.1	-7.77924
8.2	-7.87648
8.3	-7.97372
8.4	-8.07097
8.5	-8.16821
8.6	-8.26545
8.7	-8.36269
8.8	-8.45993
8.9	-8.55717
9.0	-8.65441
9.1	-8.75165
9.2	-8.84889
9.3	-8.94613
9.4	-9.04337
9.5	-9.14061
9.6	-9.23785
9.7	-9.33509
9.8	-9.43233
9.9	-9.52957
10.0	-9.62681
10.1	-9.72405
10.2	-9.8213
10.3	-9.91854
10.4	-10.0158
10.5	-10.113
10.6	-10.2103
10.7	-10.3075
10.8	-10.4047
10.9	-10.502
11.0	-10.5992
11.1	-10.6965
11.2	-10.7937
11.3	-10.8909
11.4	-10.9882
11.5	-11.0854
11.6	-11.1827
11.7	-11.2799
11.8	-11.3771
11.9	-11.4744
12.0	-11.5716
12.1	-11.6689
12.2	-11.7661
12.3	-11.8633
12.4	-11.9606
12.5	-12.0578
12.6	-12.1551
12.7	-12.2523
12.8	-12.3496
12.9	-12.4468
13.0	-12.544
13.1	-12.6413
13.2	-12.7385
13.3	-12.8358
13.4	-12.933
13.5	-13.0302
13.6	-13.1275
13.7	-13.2247
13.8	-13.322
13.9	-13.4192
14.0	-13.5164
14.1	-13.6137
14.2	-13.7109
14.3	-13.8082
14.4	-13.9054
14.5	-14.0026
14.6	-14.0999
14.7	-14.1971
14.8	-14.2944
14.9	-14.3916
15.0	-14.4888
15.1	-14.5861
15.2	-14.6833
15.3	-14.7806
15.4	-14.8778
15.5	-14.975
15.6	-15.0723
15.7	-15.1695
15.8	-15.2668
15.9	-15.364
16.0	-15.4612
16.1	-15.5585
16.2	-15.6557
16.3	-15.753
16.4	-15.8502
16.5	-15.9474
16.6	-16.0447
16.7	-16.1419
16.8	-16.2392
16.9	-16.3364
17.0	-16.4337
17.1	-16.5309
17.2	-16.6281
17.3	-16.7254
17.4	-16.8226
17.5	-16.9199
17.6	-17.0171
17.7	-17.1143
17.8	-17.2116
17.9	-17.3088
18.0	-17.4061
18.1	-17.5033
18.2	-17.6005
18.3	-17.6978
18.4	-17.795
18.5	-17.8923
18.6	-17.9895
18.7	-18.0867
18.8	-18.184
18.9	-18.2812
19.0	-18.3785
19.1	-18.4757
19.2	-18.5729
19.3	-18.6702
19.4	-18.7674
19.5	-18.8647
19.6	-18.9619
19.7	-19.0591
19.8	-19.1564
19.9	-19.2536
20.0	-19.3509
20.1	-19.4481
20.2	-19.5454
20.3	-19.6426
20.4	-19.7398
20.5	-19.8371
20.6	-19.9343
20.7	-20.0316
20.8	-20.1288
20.9	-20.226
21.0	-20.3233
21.1	-20.4205
21.2	-20.5178
21.3	-20.615
21.4	-20.7122
21.5	-20.8095
21.6	-20.9067
21.7	-21.004
21.8	-21.1012
21.9	-21.1984
22.0	-21.2957
22.1	-21.3929
22.2	-21.4902
22.3	-21.5874
22.4	-21.6846
22.5	-21.7819
22.6	-21.8791
22.7	-21.9764
22.8	-22.0736
22.9	-22.1708
23.0	-22.2681
23.1	-22.3653
23.2	-22.4626
23.3	-22.5598
23.4	-22.657
23.5	-22.7543
23.6	-22.8515
23.7	-22.9488
23.8	-23.046
23.9	-23.1433
24.0	-23.2405
24.1	-23.3377
24.2	-23.435
24.3	-23.5322
24.4	-23.6295
24.5	-23.7267
24.6	-23.8239
24.7	-23.9212
24.8	-24.0184
24.9	-24.1157
25.0	-24.2129
25.1	-24.3101
25.2	-24.4074
25.3	-24.5046
25.4	-24.6019
25.5	-24.6991
25.6	-24.7963
25.7	-24.8936
25.8	-24.9908
25.9	-25.0881
26.0	-25.1853
26.1	-25.2825
26.2	-25.3798
26.3	-25.477
26.4	-25.5743
26.5	-25.6715
26.6	-25.7687
26.7	-25.866
26.8	-25.9632
26.9	-26.0605
27.0	-26.1577
27.1	-26.2549
27.2	-26.3522
27.3	-26.4494
27.4	-26.5467
27.5	-26.6439
27.6	-26.7412
27.7	-26.8384
27.8	-26.9356
27.9	-27.0329
28.0	-27.1301
28.1	-27.2274
28.2	-27.3246
28.3	-27.4218
28.4	-27.5191
28.5	-27.6163
28.6	-27.7136
28.7	-27.8108
28.8	-27.908
28.9	-28.0053
29.0	-28.1025
29.1	-28.1998
29.2	-28.297
29.3	-28.3942
29.4	-28.4915
29.5	-28.5887
29.6	-28.686
29.7	-28.7832
29.8	-28.8804
29.9	-28.9777
30.0	-29.0749
30.1	-29.1722
30.2	-29.2694
30.3	-29.3666
30.4	-29.4639
30.5	-29.5611
30.6	-29.6584
30.7	-29.7556
30.8	-29.8528
30.9	-29.9501
31.0	-30.0473
31.1	-30.1446
31.2	-30.2418
31.3	-30.3391
31.4	-30.4363
31.5	-30.5335
31.6	-30.6308
31.7	-30.728
31.8	-30.8253
31.9	-30.9225
32.0	-31.0197
32.1	-31.117
32.2	-31.2142
32.3	-31.3115
32.4	-31.4087
32.5	-31.5059
32.6	-31.6032
32.7	-31.7004
32.8	-31.7977
32.9	-31.8949
33.0	-31.9921
33.1	-32.0894
33.2	-32.1866
33.3	-32.2839
33.4	-32.3811
33.5	-32.4783
33.6	-32.5756
33.7	-32.6728
33.8	-32.7701
33.9	-32.8673
34.0	-32.9645
34.1	-33.0618
34.2	-33.159
34.3	-33.2563
34.4	-33.3535
34.5	-33.4507
34.6	-33.548
34.7	-33.6452
34.8	-33.7425
34.9	-33.8397
35.0	-33.937
35.1	-34.0342
35.2	-34.1314
35.3	-34.2287
35.4	-34.3259
35.5	-34.4232
35.6	-34.5204
35.7	-34.6176
35.8	-34.7149
35.9	-34.8121
36.0	-34.9094
36.1	-35.0066
36.2	-35.1038
36.3	-35.2011
36.4	-35.2983
36.5	-35.3956
36.6	-35.4928
36.7	-35.59
36.8	-35.6873
36.9	-35.7845
37.0	-35.8818
37.1	-35.979
37.2	-36.0762
37.3	-36.1735
37.4	-36.2707
37.5	-36.368
37.6	-36.4652
37.7	-36.5624
37.8	-36.6597
37.9	-36.7569
38.0	-36.8542
38.1	-36.9514
38.2	-37.0487
38.3	-37.1459
38.4	-37.2431
38.5	-37.3404
38.6	-37.4376
38.7	-37.5349
38.8	-37.6321
38.9	-37.7293
39.0	-37.8266
39.1	-37.9238
39.2	-38.0211
39.3	-38.1183
39.4	-38.2155
39.5	-38.3128
39.6	-38.41
39.7	-38.5073
39.8	-38.6045
39.9	-38.7017
40.0	-38.799
40.1	-38.8962
40.2	-38.9935
40.3	-39.0907
40.4	-39.1879
40.5	-39.2852
40.6	-39.3824
40.7	-39.4797
40.8	-39.5769
40.9	-39.6741
41.0	-39.7714
41.1	-39.8686
41.2	-39.9659
41.3	-40.0631
41.4	-40.1603
41.5	-40.2576
41.6	-40.3548
41.7	-40.4521
41.8	-40.5493
41.9	-40.6465
42.0	-40.7438
42.1	-40.841
42.2	-40.9383
42.3	-41.0355
42.4	-41.1328
42.5	-41.23
42.6	-41.3272
42.7	-41.4245
42.8	-41.5217
42.9	-41.619
43.0	-41.7162
43.1	-41.8134
43.2	-41.9107
43.3	-42.0079
43.4	-42.1052
43.5	-42.2024
43.6	-42.2996
43.7	-42.3969
43.8	-42.4941
43.9	-42.5914
44.0	-42.6886
44.1	-42.7858
44.2	-42.8831
44.3	-42.9803
44.4	-43.0776
44.5	-43.1748
44.6	-43.272
44.7	-43.3693
44.8	-43.4665
44.9	-43.5638
45.0	-43.661
45.1	-43.7582
45.2	-43.8555
45.3	-43.9527
45.4	-44.05
45.5	-44.1472
45.6	-44.2445
45.7	-44.3417
45.8	-44.4389
45.9	-44.5362
46.0	-44.6334
46.1	-44.7307
46.2	-44.8279
46.3	-44.9251
46.4	-45.0224
46.5	-45.1196
46.6	-45.2169
46.7	-45.3141
46.8	-45.4113
46.9	-45.5086
47.0	-45.6058
47.1	-45.7031
47.2	-45.8003
47.3	-45.8975
47.4	-45.9948
47.5	-46.092
47.6	-46.1893
47.7	-46.2865
47.8	-46.3837
47.9	-46.481
48.0	-46.5782
48.1	-46.6755
48.2	-46.7727
48.3	-46.8699
48.4	-46.9672
48.5	-47.0644
48.6	-47.1617
48.7	-47.2589
48.8	-47.3561
48.9	-47.4534
49.0	-47.5506
49.1	-47.6479
49.2	-47.7451
49.3	-47.8424
49.4	-47.9396
49.5	-48.0368
49.6	-48.1341
49.7	-48.2313
49.8	-48.3286
49.9	-48.4258
50.0	-48.523

&

0.1	0.0
0.2	0.003602
0.3	0.014408
0.4	0.032418
0.5	0.057633
0.6	0.090051
0.7	0.129674
0.8	0.1765
0.9	0.230531
1.0	0.291766
1.1	0.360205
1.2	0.435848
1.3	0.518695
1.4	0.608746
1.5	0.706001
1.6	0.810461
1.7	0.922124
1.8	1.04099
1.9	1.16706
2.0	1.30034
2.1	1.44082
2.2	1.5885
2.3	1.74339
2.4	1.90548
2.5	2.07478
2.6	2.25128
2.7	2.43498
2.8	2.62589
2.9	2.82401
3.0	3.02932
3.1	3.24184
3.2	3.46157
3.3	3.6885
3.4	3.92263
3.5	4.16397
3.6	4.41251
3.7	4.66825
3.8	4.9312
3.9	5.20136
4.0	5.47871
4.1	5.76328
4.2	6.05504
4.3	6.35401
4.4	6.66019
4.5	6.97356
4.6	7.29415
4.7	7.62193
4.8	7.95692
4.9	8.29912
5.0	8.64852
5.1	9.00512
5.2	9.36893
5.3	9.73994
5.4	10.1182
5.5	10.5036
5.6	10.8962
5.7	11.296
5.8	11.7031
5.9	12.1173
6.0	12.5387
6.1	12.9674
6.2	13.4032
6.3	13.8463
6.4	14.2965
6.5	14.754
6.6	15.2187
6.7	15.6905
6.8	16.1696
6.9	16.6559
7.0	17.1493
7.1	17.65
7.2	18.1579
7.3	18.673
7.4	19.1953
7.5	19.7248
7.6	20.2615
7.7	20.8054
7.8	21.3565
7.9	21.9149
8.0	22.4804
8.1	23.0531
8.2	23.633
8.3	24.2202
8.4	24.8145
8.5	25.416
8.6	26.0248
8.7	26.6407
8.8	27.2639
8.9	27.8943
9.0	28.5318
9.1	29.1766
9.2	29.8286
9.3	30.4877
9.4	31.1541
9.5	31.8277
9.6	32.5085
9.7	33.1965
9.8	33.8917
9.9	34.5941
10.0	35.3037
10.1	36.0205
10.2	36.7445
10.3	37.4757
10.4	38.2141
10.5	38.9597
10.6	39.7126
10.7	40.4726
10.8	41.2398
10.9	42.0143
11.0	42.7959
11.1	43.5848
11.2	44.3808
11.3	45.1841
11.4	45.9945
11.5	46.8122
11.6	47.6371
11.7	48.4691
11.8	49.3084
11.9	50.1549
12.0	51.0086
12.1	51.8695
12.2	52.7376
12.3	53.6129
12.4	54.4954
12.5	55.3851
12.6	56.282
12.7	57.1861
12.8	58.0974
12.9	59.0159
13.0	59.9417
13.1	60.8746
13.2	61.8147
13.3	62.7621
13.4	63.7166
13.5	64.6784
13.6	65.6473
13.7	66.6235
13.8	67.6068
13.9	68.5974
14.0	69.5952
14.1	70.6001
14.2	71.6123
14.3	72.6317
14.4	73.6583
14.5	74.6921
14.6	75.733
14.7	76.7812
14.8	77.8366
14.9	78.8992
15.0	79.9691
15.1	81.0461
15.2	82.1303
15.3	83.2217
15.4	84.3203
15.5	85.4262
15.6	86.5392
15.7	87.6594
15.8	88.7869
15.9	89.9215
16.0	91.0634
16.1	92.2124
16.2	93.3687
16.3	94.5321
16.4	95.7028
16.5	96.8807
16.6	98.0657
16.7	99.258
16.8	100.458
16.9	101.664
17.0	102.878
17.1	104.099
17.2	105.327
17.3	106.563
17.4	107.806
17.5	109.056
17.6	110.313
17.7	111.577
17.8	112.849
17.9	114.127
18.0	115.413
18.1	116.706
18.2	118.007
18.3	119.314
18.4	120.629
18.5	121.951
18.6	123.28
18.7	124.616
18.8	125.96
18.9	127.311
19.0	128.669
19.1	130.034
19.2	131.406
19.3	132.786
19.4	134.173
19.5	135.567
19.6	136.968
19.7	138.376
19.8	139.792
19.9	141.215
20.0	142.645
20.1	144.082
20.2	145.526
20.3	146.978
20.4	148.437
20.5	149.903
20.6	151.376
20.7	152.856
20.8	154.344
20.9	155.839
21.0	157.341
21.1	158.85
21.2	160.367
21.3	161.89
21.4	163.421
21.5	164.959
21.6	166.505
21.7	168.057
21.8	169.617
21.9	171.184
22.0	172.758
22.1	174.339
22.2	175.928
22.3	177.523
22.4	179.126
22.5	180.736
22.6	182.354
22.7	183.978
22.8	185.61
22.9	187.249
23.0	188.895
23.1	190.548
23.2	192.209
23.3	193.877
23.4	195.552
23.5	197.234
23.6	198.923
23.7	200.62
23.8	202.323
23.9	204.034
24.0	205.753
24.1	207.478
24.2	209.211
24.3	210.95
24.4	212.697
24.5	214.451
24.6	216.213
24.7	217.982
24.8	219.757
24.9	221.54
25.0	223.331
25.1	225.128
25.2	226.933
25.3	228.744
25.4	230.563
25.5	232.39
25.6	234.223
25.7	236.064
25.8	237.912
25.9	239.767
26.0	241.629
26.1	243.498
26.2	245.375
26.3	247.259
26.4	249.15
26.5	251.048
26.6	252.954
26.7	254.866
26.8	256.786
26.9	258.713
27.0	260.648
27.1	262.589
27.2	264.538
27.3	266.494
27.4	268.457
27.5	270.427
27.6	272.405
27.7	274.39
27.8	276.381
27.9	278.381
28.0	280.387
28.1	282.401
28.2	284.421
28.3	286.449
28.4	288.484
28.5	290.527
28.6	292.576
28.7	294.633
28.8	296.697
28.9	298.768
29.0	300.847
29.1	302.932
29.2	305.025
29.3	307.125
29.4	309.232
29.5	311.347
29.6	313.468
29.7	315.597
29.8	317.733
29.9	319.876
30.0	322.027
30.1	324.184
30.2	326.349
30.3	328.521
30.4	330.7
30.5	332.887
30.6	335.08
30.7	337.281
30.8	339.489
30.9	341.705
31.0	343.927
31.1	346.157
31.2	348.394
31.3	350.638
31.4	352.889
31.5	355.147
31.6	357.413
31.7	359.686
31.8	361.966
31.9	364.253
32.0	366.548
32.1	368.85
32.2	371.159
32.3	373.475
32.4	375.798
32.5	378.129
32.6	380.466
32.7	382.811
32.8	385.163
32.9	387.523
33.0	389.889
33.1	392.263
33.2	394.644
33.3	397.032
33.4	399.427
33.5	401.83
33.6	404.24
33.7	406.657
33.8	409.081
33.9	411.512
34.0	413.951
34.1	416.397
34.2	418.85
34.3	421.31
34.4	423.777
34.5	426.252
34.6	428.734
34.7	431.223
34.8	433.719
34.9	436.222
35.0	438.733
35.1	441.251
35.2	443.776
35.3	446.308
35.4	448.848
35.5	451.394
35.6	453.948
35.7	456.509
35.8	459.077
35.9	461.653
36.0	464.235
36.1	466.825
36.2	469.422
36.3	472.027
36.4	474.638
36.5	477.257
36.6	479.883
36.7	482.516
36.8	485.156
36.9	487.804
37.0	490.458
37.1	493.12
37.2	495.789
37.3	498.466
37.4	501.149
37.5	503.84
37.6	506.538
37.7	509.243
37.8	511.955
37.9	514.675
38.0	517.402
38.1	520.136
38.2	522.877
38.3	525.625
38.4	528.381
38.5	531.144
38.6	533.913
38.7	536.691
38.8	539.475
38.9	542.267
39.0	545.065
39.1	547.871
39.2	550.685
39.3	553.505
39.4	556.333
39.5	559.167
39.6	562.009
39.7	564.859
39.8	567.715
39.9	570.579
40.0	573.45
40.1	576.328
40.2	579.213
40.3	582.105
40.4	585.005
40.5	587.912
40.6	590.826
40.7	593.747
40.8	596.676
40.9	599.611
41.0	602.554
41.1	605.504
41.2	608.461
41.3	611.426
41.4	614.398
41.5	617.377
41.6	620.363
41.7	623.356
41.8	626.356
41.9	629.364
42.0	632.379
42.1	635.401
42.2	638.43
42.3	641.467
42.4	644.511
42.5	647.562
42.6	650.62
42.7	653.685
42.8	656.758
42.9	659.837
43.0	662.924
43.1	666.019
43.2	669.12
43.3	672.229
43.4	675.344
43.5	678.467
43.6	681.597
43.7	684.735
43.8	687.879
43.9	691.031
44.0	694.19
44.1	697.356
44.2	700.53
44.3	703.71
44.4	706.898
44.5	710.093
44.6	713.295
44.7	716.505
44.8	719.721
44.9	722.945
45.0	726.176
45.1	729.415
45.2	732.66
45.3	735.913
45.4	739.173
45.5	742.44
45.6	745.714
45.7	748.995
45.8	752.284
45.9	755.58
46.0	758.883
46.1	762.193
46.2	765.511
46.3	768.835
46.4	772.167
46.5	775.506
46.6	778.853
46.7	782.206
46.8	785.567
46.9	788.935
47.0	792.31
47.1	795.692
47.2	799.082
47.3	802.479
47.4	805.882
47.5	809.294
47.6	812.712
47.7	816.138
47.8	819.57
47.9	823.01
48.0	826.457
48.1	829.912
48.2	833.373
48.3	836.842
48.4	840.318
48.5	843.801
48.6	847.292
48.7	850.789
48.8	854.294
48.9	857.806
49.0	861.325
49.1	864.852
49.2	868.385
49.3	871.926
49.4	875.474
49.5	879.029
49.6	882.592
49.7	886.161
49.8	889.738
49.9	893.322
50.0	896.913

&

