0.1	0.0
0.2	0.0
0.3	0.0
0.4	0.0
0.5	0.0
0.6	0.0
0.7	0.0
0.8	0.0
0.9	0.0
1.0	0.0
1.1	0.0
1.2	0.0
1.3	0.0
1.4	0.0
1.5	0.0
1.6	0.0
1.7	0.0
1.8	0.0
1.9	0.0
2.0	0.0
2.1	0.0
2.2	0.0
2.3	0.0
2.4	0.0
2.5	0.0
2.6	0.0
2.7	0.0
2.8	0.0
2.9	0.0
3.0	0.0
3.1	0.0
3.2	0.0
3.3	0.0
3.4	0.0
3.5	0.0
3.6	0.0
3.7	0.0
3.8	0.0
3.9	0.0
4.0	0.0
4.1	0.0
4.2	0.0
4.3	0.0
4.4	0.0
4.5	0.0
4.6	0.0
4.7	0.0
4.8	0.0
4.9	0.0
5.0	0.0
5.1	0.0
5.2	0.0
5.3	0.0
5.4	0.0
5.5	0.0
5.6	0.0
5.7	0.0
5.8	0.0
5.9	0.0
6.0	0.0
6.1	0.0
6.2	0.0
6.3	0.0
6.4	0.0
6.5	0.0
6.6	0.0
6.7	0.0
6.8	0.0
6.9	0.0
7.0	0.0
7.1	0.0
7.2	0.0
7.3	0.0
7.4	0.0
7.5	0.0
7.6	0.0
7.7	0.0
7.8	0.0
7.9	0.0
8.0	0.0
8.1	0.0
8.2	0.0
8.3	0.0
8.4	0.0
8.5	0.0
8.6	0.0
8.7	0.0
8.8	0.0
8.9	0.0
9.0	0.0
9.1	0.0
9.2	0.0
9.3	0.0
9.4	0.0
9.5	0.0
9.6	0.0
9.7	0.0
9.8	0.0
9.9	0.0
10.0	0.0
10.1	0.0
10.2	0.0
10.3	0.0
10.4	0.0
10.5	0.0
10.6	0.0
10.7	0.0
10.8	0.0
10.9	0.0
11.0	0.0
11.1	0.0
11.2	0.0
11.3	0.0
11.4	0.0
11.5	0.0
11.6	0.0
11.7	0.0
11.8	0.0
11.9	0.0
12.0	0.0
12.1	0.0
12.2	0.0
12.3	0.0
12.4	0.0
12.5	0.0
12.6	0.0
12.7	0.0
12.8	0.0
12.9	0.0
13.0	0.0
13.1	0.0
13.2	0.0
13.3	0.0
13.4	0.0
13.5	0.0
13.6	0.0
13.7	0.0
13.8	0.0
13.9	0.0
14.0	0.0
14.1	0.0
14.2	0.0
14.3	0.0
14.4	0.0
14.5	0.0
14.6	0.0
14.7	0.0
14.8	0.0
14.9	0.0
15.0	0.0
15.1	0.0
15.2	0.0
15.3	0.0
15.4	0.0
15.5	0.0
15.6	0.0
15.7	0.0
15.8	0.0
15.9	0.0
16.0	0.0
16.1	0.0
16.2	0.0
16.3	0.0
16.4	0.0
16.5	0.0
16.6	0.0
16.7	0.0
16.8	0.0
16.9	0.0
17.0	0.0
17.1	0.0
17.2	0.0
17.3	0.0
17.4	0.0
17.5	0.0
17.6	0.0
17.7	0.0
17.8	0.0
17.9	0.0
18.0	0.0
18.1	0.0
18.2	0.0
18.3	0.0
18.4	0.0
18.5	0.0
18.6	0.0
18.7	0.0
18.8	0.0
18.9	0.0
19.0	0.0
19.1	0.0
19.2	0.0
19.3	0.0
19.4	0.0
19.5	0.0
19.6	0.0
19.7	0.0
19.8	0.0
19.9	0.0
20.0	0.0
20.1	0.0
20.2	0.0
20.3	0.0
20.4	0.0
20.5	0.0
20.6	0.0
20.7	0.0
20.8	0.0
20.9	0.0
21.0	0.0
21.1	0.0
21.2	0.0
21.3	0.0
21.4	0.0
21.5	0.0
21.6	0.0
21.7	0.0
21.8	0.0
21.9	0.0
22.0	0.0
22.1	0.0
22.2	0.0
22.3	0.0
22.4	0.0
22.5	0.0
22.6	0.0
22.7	0.0
22.8	0.0
22.9	0.0
23.0	0.0
23.1	0.0
23.2	0.0
23.3	0.0
23.4	0.0
23.5	0.0
23.6	0.0
23.7	0.0
23.8	0.0
23.9	0.0
24.0	0.0
24.1	0.0
24.2	0.0
24.3	0.0
24.4	0.0
24.5	0.0
24.6	0.0
24.7	0.0
24.8	0.0
24.9	0.0
25.0	0.0
25.1	0.0
25.2	0.0
25.3	0.0
25.4	0.0
25.5	0.0
25.6	0.0
25.7	0.0
25.8	0.0
25.9	0.0
26.0	0.0
26.1	0.0
26.2	0.0
26.3	0.0
26.4	0.0
26.5	0.0
26.6	0.0
26.7	0.0
26.8	0.0
26.9	0.0
27.0	0.0
27.1	0.0
27.2	0.0
27.3	0.0
27.4	0.0
27.5	0.0
27.6	0.0
27.7	0.0
27.8	0.0
27.9	0.0
28.0	0.0
28.1	0.0
28.2	0.0
28.3	0.0
28.4	0.0
28.5	0.0
28.6	0.0
28.7	0.0
28.8	0.0
28.9	0.0
29.0	0.0
29.1	0.0
29.2	0.0
29.3	0.0
29.4	0.0
29.5	0.0
29.6	0.0
29.7	0.0
29.8	0.0
29.9	0.0
30.0	0.0
30.1	0.0
30.2	0.0
30.3	0.0
30.4	0.0
30.5	0.0
30.6	0.0
30.7	0.0
30.8	0.0
30.9	0.0
31.0	0.0
31.1	0.0
31.2	0.0
31.3	0.0
31.4	0.0
31.5	0.0
31.6	0.0
31.7	0.0
31.8	0.0
31.9	0.0
32.0	0.0
32.1	0.0
32.2	0.0
32.3	0.0
32.4	0.0
32.5	0.0
32.6	0.0
32.7	0.0
32.8	0.0
32.9	0.0
33.0	0.0
33.1	0.0
33.2	0.0
33.3	0.0
33.4	0.0
33.5	0.0
33.6	0.0
33.7	0.0
33.8	0.0
33.9	0.0
34.0	0.0
34.1	0.0
34.2	0.0
34.3	0.0
34.4	0.0
34.5	0.0
34.6	0.0
34.7	0.0
34.8	0.0
34.9	0.0
35.0	0.0
35.1	0.0
35.2	0.0
35.3	0.0
35.4	0.0
35.5	0.0
35.6	0.0
35.7	0.0
35.8	0.0
35.9	0.0
36.0	0.0
36.1	0.0
36.2	0.0
36.3	0.0
36.4	0.0
36.5	0.0
36.6	0.0
36.7	0.0
36.8	0.0
36.9	0.0
37.0	0.0
37.1	0.0
37.2	0.0
37.3	0.0
37.4	0.0
37.5	0.0
37.6	0.0
37.7	0.0
37.8	0.0
37.9	0.0
38.0	0.0
38.1	0.0
38.2	0.0
38.3	0.0
38.4	0.0
38.5	0.0
38.6	0.0
38.7	0.0
38.8	0.0
38.9	0.0
39.0	0.0
39.1	0.0
39.2	0.0
39.3	0.0
39.4	0.0
39.5	0.0
39.6	0.0
39.7	0.0
39.8	0.0
39.9	0.0
40.0	0.0
40.1	0.0
40.2	0.0
40.3	0.0
40.4	0.0
40.5	0.0
40.6	0.0
40.7	0.0
40.8	0.0
40.9	0.0
41.0	0.0
41.1	0.0
41.2	0.0
41.3	0.0
41.4	0.0
41.5	0.0
41.6	0.0
41.7	0.0
41.8	0.0
41.9	0.0
42.0	0.0
42.1	0.0
42.2	0.0
42.3	0.0
42.4	0.0
42.5	0.0
42.6	0.0
42.7	0.0
42.8	0.0
42.9	0.0
43.0	0.0
43.1	0.0
43.2	0.0
43.3	0.0
43.4	0.0
43.5	0.0
43.6	0.0
43.7	0.0
43.8	0.0
43.9	0.0
44.0	0.0
44.1	0.0
44.2	0.0
44.3	0.0
44.4	0.0
44.5	0.0
44.6	0.0
44.7	0.0
44.8	0.0
44.9	0.0
45.0	0.0
45.1	0.0
45.2	0.0
45.3	0.0
45.4	0.0
45.5	0.0
45.6	0.0
45.7	0.0
45.8	0.0
45.9	0.0
46.0	0.0
46.1	0.0
46.2	0.0
46.3	0.0
46.4	0.0
46.5	0.0
46.6	0.0
46.7	0.0
46.8	0.0
46.9	0.0
47.0	0.0
47.1	0.0
47.2	0.0
47.3	0.0
47.4	0.0
47.5	0.0
47.6	0.0
47.7	0.0
47.8	0.0
47.9	0.0
48.0	0.0
48.1	0.0
48.2	0.0
48.3	0.0
48.4	0.0
48.5	0.0
48.6	0.0
48.7	0.0
48.8	0.0
48.9	0.0
49.0	0.0
49.1	0.0
49.2	0.0
49.3	0.0
49.4	0.0
49.5	0.0
49.6	0.0
49.7	0.0
49.8	0.0
49.9	0.0
50.0	0.0

&

0.1	0.0
0.2	-0.124589
0.3	-0.249179
0.4	-0.373768
0.5	-0.498358
0.6	-0.622947
0.7	-0.747537
0.8	-0.872126
0.9	-0.996716
1.0	-1.1213
1.1	-1.24589
1.2	-1.37048
1.3	-1.49507
1.4	-1.61966
1.5	-1.74425
1.6	-1.86884
1.7	-1.99343
1.8	-2.11802
1.9	-2.24261
2.0	-2.3672
2.1	-2.49179
2.2	-2.61638
2.3	-2.74097
2.4	-2.86556
2.5	-2.99015
2.6	-3.11474
2.7	-3.23933
2.8	-3.36391
2.9	-3.4885
3.0	-3.61309
3.1	-3.73768
3.2	-3.86227
3.3	-3.98686
3.4	-4.11145
3.5	-4.23604
3.6	-4.36063
3.7	-4.48522
3.8	-4.60981
3.9	-4.7344
4.0	-4.85899
4.1	-4.98358
4.2	-5.10817
4.3	-5.23276
4.4	-5.35735
4.5	-5.48194
4.6	-5.60653
4.7	-5.73111
4.8	-5.8557
4.9	-5.98029
5.0	-6.10488
5.1	-6.22947
5.2	-6.35406
5.3	-6.47865
5.4	-6.60324
5.5	-6.72783
5.6	-6.85242
5.7	-6.97701
5.8	-7.1016
5.9	-7.22619
6.0	-7.35078
6.1	-7.47537
6.2	-7.59996
6.3	-7.72455
6.4	-7.84914
6.5	-7.97372
6.6	-8.09831
6.7	-8.2229
6.8	-8.34749
6.9	-8.47208
7.0	-8.59667
7.1	-8.72126
7.2	-8.84585
7.3	-8.97044
7.4	-9.09503
7.5	-9.21962
7.6	-9.34421
7.7	-9.4688
7.8	-9.59339
7.9	-9.71798
8.0	-9.84257
8.1	-9.96716
8.2	-10.0917
8.3	-10.2163
8.4	-10.3409
8.5	-10.4655
8.6	-10.5901
8.7	-10.7147
8.8	-10.8393
8.9	-10.9639
9.0	-11.0885
9.1	-11.2131
9.2	-11.3376
9.3	-11.4622
9.4	-11.5868
9.5	-11.7114
9.6	-11.836
9.7	-11.9606
9.8	-12.0852
9.9	-12.2098
10.0	-12.3344
10.1	-12.4589
10.2	-12.5835
10.3	-12.7081
10.4	-12.8327
10.5	-12.9573
10.6	-13.0819
10.7	-13.2065
10.8	-13.3311
10.9	-13.4557
11.0	-13.5803
11.1	-13.7048
11.2	-13.8294
11.3	-13.954
11.4	-14.0786
11.5	-14.2032
11.6	-14.3278
11.7	-14.4524
11.8	-14.577
11.9	-14.7016
12.0	-14.8261
12.1	-14.9507
12.2	-15.0753
12.3	-15.1999
12.4	-15.3245
12.5	-15.4491
12.6	-15.5737
12.7	-15.6983
12.8	-15.8229
12.9	-15.9474
13.0	-16.072
13.1	-16.1966
13.2	-16.3212
13.3	-16.4458
13.4	-16.5704
13.5	-16.695
13.6	-16.8196
13.7	-16.9442
13.8	-17.0688
13.9	-17.1933
14.0	-17.3179
14.1	-17.4425
14.2	-17.5671
14.3	-17.6917
14.4	-17.8163
14.5	-17.9409
14.6	-18.0655
14.7	-18.1901
14.8	-18.3147
14.9	-18.4392
15.0	-18.5638
15.1	-18.6884
15.2	-18.813
15.3	-18.9376
15.4	-19.0622
15.5	-19.1868
15.6	-19.3114
15.7	-19.436
15.8	-19.5605
15.9	-19.6851
16.0	-19.8097
16.1	-19.9343
16.2	-20.0589
16.3	-20.1835
16.4	-20.3081
16.5	-20.4327
16.6	-20.5573
16.7	-20.6818
16.8	-20.8064
16.9	-20.931
17.0	-21.0556
17.1	-21.1802
17.2	-21.3048
17.3	-21.4294
17.4	-21.554
17.5	-21.6786
17.6	-21.8032
17.7	-21.9277
17.8	-22.0523
17.9	-22.1769
18.0	-22.3015
18.1	-22.4261
18.2	-22.5507
18.3	-22.6753
18.4	-22.7999
18.5	-22.9245
18.6	-23.049
18.7	-23.1736
18.8	-23.2982
18.9	-23.4228
19.0	-23.5474
19.1	-23.672
19.2	-23.7966
19.3	-23.9212
19.4	-24.0458
19.5	-24.1704
19.6	-24.2949
19.7	-24.4195
19.8	-24.5441
19.9	-24.6687
20.0	-24.7933
20.1	-24.9179
20.2	-25.0425
20.3	-25.1671
20.4	-25.2917
20.5	-25.4162
20.6	-25.5408
20.7	-25.6654
20.8	-25.79
20.9	-25.9146
21.0	-26.0392
21.1	-26.1638
21.2	-26.2884
21.3	-26.413
21.4	-26.5376
21.5	-26.6621
21.6	-26.7867
21.7	-26.9113
21.8	-27.0359
21.9	-27.1605
22.0	-27.2851
22.1	-27.4097
22.2	-27.5343
22.3	-27.6589
22.4	-27.7834
22.5	-27.908
22.6	-28.0326
22.7	-28.1572
22.8	-28.2818
22.9	-28.4064
23.0	-28.531
23.1	-28.6556
23.2	-28.7802
23.3	-28.9048
23.4	-29.0293
23.5	-29.1539
23.6	-29.2785
23.7	-29.4031
23.8	-29.5277
23.9	-29.6523
24.0	-29.7769
24.1	-29.9015
24.2	-30.0261
24.3	-30.1506
24.4	-30.2752
24.5	-30.3998
24.6	-30.5244
24.7	-30.649
24.8	-30.7736
24.9	-30.8982
25.0	-31.0228
25.1	-31.1474
25.2	-31.272
25.3	-31.3965
25.4	-31.5211
25.5	-31.6457
25.6	-31.7703
25.7	-31.8949
25.8	-32.0195
25.9	-32.1441
26.0	-32.2687
26.1	-32.3933
26.2	-32.5178
26.3	-32.6424
26.4	-32.767
26.5	-32.8916
26.6	-33.0162
26.7	-33.1408
26.8	-33.2654
26.9	-33.39
27.0	-33.5146
27.1	-33.6392
27.2	-33.7637
27.3	-33.8883
27.4	-34.0129
27.5	-34.1375
27.6	-34.2621
27.7	-34.3867
27.8	-34.5113
27.9	-34.6359
28.0	-34.7605
28.1	-34.885
28.2	-35.0096
28.3	-35.1342
28.4	-35.2588
28.5	-35.3834
28.6	-35.508
28.7	-35.6326
28.8	-35.7572
28.9	-35.8818
29.0	-36.0064
29.1	-36.1309
29.2	-36.2555
29.3	-36.3801
29.4	-36.5047
29.5	-36.6293
29.6	-36.7539
29.7	-36.8785
29.8	-37.0031
29.9	-37.1277
30.0	-37.2522
30.1	-37.3768
30.2	-37.5014
30.3	-37.626
30.4	-37.7506
30.5	-37.8752
30.6	-37.9998
30.7	-38.1244
30.8	-38.249
30.9	-38.3736
31.0	-38.4981
31.1	-38.6227
31.2	-38.7473
31.3	-38.8719
31.4	-38.9965
31.5	-39.1211
31.6	-39.2457
31.7	-39.3703
31.8	-39.4949
31.9	-39.6194
32.0	-39.744
32.1	-39.8686
32.2	-39.9932
32.3	-40.1178
32.4	-40.2424
32.5	-40.367
32.6	-40.4916
32.7	-40.6162
32.8	-40.7408
32.9	-40.8653
33.0	-40.9899
33.1	-41.1145
33.2	-41.2391
33.3	-41.3637
33.4	-41.4883
33.5	-41.6129
33.6	-41.7375
33.7	-41.8621
33.8	-41.9866
33.9	-42.1112
34.0	-42.2358
34.1	-42.3604
34.2	-42.485
34.3	-42.6096
34.4	-42.7342
34.5	-42.8588
34.6	-42.9834
34.7	-43.108
34.8	-43.2325
34.9	-43.3571
35.0	-43.4817
35.1	-43.6063
35.2	-43.7309
35.3	-43.8555
35.4	-43.9801
35.5	-44.1047
35.6	-44.2293
35.7	-44.3538
35.8	-44.4784
35.9	-44.603
36.0	-44.7276
36.1	-44.8522
36.2	-44.9768
36.3	-45.1014
36.4	-45.226
36.5	-45.3506
36.6	-45.4752
36.7	-45.5997
36.8	-45.7243
36.9	-45.8489
37.0	-45.9735
37.1	-46.0981
37.2	-46.2227
37.3	-46.3473
37.4	-46.4719
37.5	-46.5965
37.6	-46.721
37.7	-46.8456
37.8	-46.9702
37.9	-47.0948
38.0	-47.2194
38.1	-47.344
38.2	-47.4686
38.3	-47.5932
38.4	-47.7178
38.5	-47.8424
38.6	-47.9669
38.7	-48.0915
38.8	-48.2161
38.9	-48.3407
39.0	-48.4653
39.1	-48.5899
39.2	-48.7145
39.3	-48.8391
39.4	-48.9637
39.5	-49.0882
39.6	-49.2128
39.7	-49.3374
39.8	-49.462
39.9	-49.5866
40.0	-49.7112
40.1	-49.8358
40.2	-49.9604
40.3	-50.085
40.4	-50.2096
40.5	-50.3341
40.6	-50.4587
40.7	-50.5833
40.8	-50.7079
40.9	-50.8325
41.0	-50.9571
41.1	-51.0817
41.2	-51.2063
41.3	-51.3309
41.4	-51.4554
41.5	-51.58
41.6	-51.7046
41.7	-51.8292
41.8	-51.9538
41.9	-52.0784
42.0	-52.203
42.1	-52.3276
42.2	-52.4522
42.3	-52.5767
42.4	-52.7013
42.5	-52.8259
42.6	-52.9505
42.7	-53.0751
42.8	-53.1997
42.9	-53.3243
43.0	-53.4489
43.1	-53.5735
43.2	-53.6981
43.3	-53.8226
43.4	-53.9472
43.5	-54.0718
43.6	-54.1964
43.7	-54.321
43.8	-54.4456
43.9	-54.5702
44.0	-54.6948
44.1	-54.8194
44.2	-54.944
44.3	-55.0685
44.4	-55.1931
44.5	-55.3177
44.6	-55.4423
44.7	-55.5669
44.8	-55.6915
44.9	-55.8161
45.0	-55.9407
45.1	-56.0653
45.2	-56.1898
45.3	-56.3144
45.4	-56.439
45.5	-56.5636
45.6	-56.6882
45.7	-56.8128
45.8	-56.9374
45.9	-57.062
46.0	-57.1866
46.1	-57.3111
46.2	-57.4357
46.3	-57.5603
46.4	-57.6849
46.5	-57.8095
46.6	-57.9341
46.7	-58.0587
46.8	-58.1833
46.9	-58.3079
47.0	-58.4325
47.1	-58.557
47.2	-58.6816
47.3	-58.8062
47.4	-58.9308
47.5	-59.0554
47.6	-59.18
47.7	-59.3046
47.8	-59.4292
47.9	-59.5538
48.0	-59.6783
48.1	-59.8029
48.2	-59.9275
48.3	-60.0521
48.4	-60.1767
48.5	-60.3013
48.6	-60.4259
48.7	-60.5505
48.8	-60.6751
48.9	-60.7997
49.0	-60.9242
49.1	-61.0488
49.2	-61.1734
49.3	-61.298
49.4	-61.4226
49.5	-61.5472
49.6	-61.6718
49.7	-61.7964
49.8	-61.921
49.9	-62.0455
50.0	-62.1701

&

0.1	0.0
0.2	0.005913
0.3	0.023653
0.4	0.053218
0.5	0.09461
0.6	0.147828
0.7	0.212873
0.8	0.289743
0.9	0.37844
1.0	0.478963
1.1	0.591313
1.2	0.715488
1.3	0.85149
1.4	0.999318
1.5	1.15897
1.6	1.33045
1.7	1.51376
1.8	1.70889
1.9	1.91585
2.0	2.13464
2.1	2.36525
2.2	2.60769
2.3	2.86195
2.4	3.12804
2.5	3.40596
2.6	3.6957
2.7	3.99727
2.8	4.31067
2.9	4.63589
3.0	4.97294
3.1	5.32181
3.2	5.68252
3.3	6.05504
3.4	6.4394
3.5	6.83557
3.6	7.24358
3.7	7.66341
3.8	8.09507
3.9	8.53856
4.0	8.99387
4.1	9.461
4.2	9.93997
4.3	10.4308
4.4	10.9334
4.5	11.4478
4.6	11.9741
4.7	12.5122
4.8	13.0621
4.9	13.6238
5.0	14.1974
5.1	14.7828
5.2	15.38
5.3	15.9891
5.4	16.61
5.5	17.2427
5.6	17.8872
5.7	18.5436
5.8	19.2117
5.9	19.8918
6.0	20.5836
6.1	21.2873
6.2	22.0027
6.3	22.7301
6.4	23.4692
6.5	24.2202
6.6	24.983
6.7	25.7576
6.8	26.544
6.9	27.3423
7.0	28.1524
7.1	28.9743
7.2	29.8081
7.3	30.6536
7.4	31.5111
7.5	32.3803
7.6	33.2613
7.7	34.1542
7.8	35.0589
7.9	35.9755
8.0	36.9038
8.1	37.844
8.2	38.796
8.3	39.7599
8.4	40.7355
8.5	41.723
8.6	42.7223
8.7	43.7335
8.8	44.7565
8.9	45.7913
9.0	46.8379
9.1	47.8963
9.2	48.9666
9.3	50.0487
9.4	51.1426
9.5	52.2484
9.6	53.366
9.7	54.4954
9.8	55.6366
9.9	56.7897
10.0	57.9546
10.1	59.1313
10.2	60.3198
10.3	61.5202
10.4	62.7324
10.5	63.9564
10.6	65.1922
10.7	66.4399
10.8	67.6994
10.9	68.9707
11.0	70.2539
11.1	71.5488
11.2	72.8556
11.3	74.1743
11.4	75.5047
11.5	76.847
11.6	78.2011
11.7	79.567
11.8	80.9448
11.9	82.3344
12.0	83.7358
12.1	85.149
12.2	86.5741
12.3	88.011
12.4	89.4597
12.5	90.9202
12.6	92.3926
12.7	93.8768
12.8	95.3728
12.9	96.8807
13.0	98.4003
13.1	99.9318
13.2	101.475
13.3	103.03
13.4	104.597
13.5	106.176
13.6	107.767
13.7	109.369
13.8	110.983
13.9	112.61
14.0	114.248
14.1	115.897
14.2	117.559
14.3	119.232
14.4	120.918
14.5	122.615
14.6	124.323
14.7	126.044
14.8	127.777
14.9	129.521
15.0	131.277
15.1	133.045
15.2	134.825
15.3	136.617
15.4	138.42
15.5	140.236
15.6	142.063
15.7	143.902
15.8	145.753
15.9	147.615
16.0	149.49
16.1	151.376
16.2	153.274
16.3	155.184
16.4	157.106
16.5	159.039
16.6	160.985
16.7	162.942
16.8	164.911
16.9	166.892
17.0	168.885
17.1	170.889
17.2	172.906
17.3	174.934
17.4	176.974
17.5	179.026
17.6	181.09
17.7	183.165
17.8	185.252
17.9	187.352
18.0	189.462
18.1	191.585
18.2	193.72
18.3	195.866
18.4	198.025
18.5	200.195
18.6	202.377
18.7	204.571
18.8	206.776
18.9	208.994
19.0	211.223
19.1	213.464
19.2	215.717
19.3	217.982
19.4	220.258
19.5	222.546
19.6	224.847
19.7	227.159
19.8	229.483
19.9	231.818
20.0	234.166
20.1	236.525
20.2	238.896
20.3	241.279
20.4	243.674
20.5	246.081
20.6	248.499
20.7	250.929
20.8	253.372
20.9	255.826
21.0	258.291
21.1	260.769
21.2	263.258
21.3	265.76
21.4	268.273
21.5	270.798
21.6	273.334
21.7	275.883
21.8	278.443
21.9	281.015
22.0	283.599
22.1	286.195
22.2	288.803
22.3	291.423
22.4	294.054
22.5	296.697
22.6	299.352
22.7	302.019
22.8	304.698
22.9	307.388
23.0	310.09
23.1	312.804
23.2	315.53
23.3	318.268
23.4	321.018
23.5	323.779
23.6	326.552
23.7	329.338
23.8	332.134
23.9	334.943
24.0	337.764
24.1	340.596
24.2	343.44
24.3	346.296
24.4	349.164
24.5	352.044
24.6	354.935
24.7	357.839
24.8	360.754
24.9	363.681
25.0	366.62
25.1	369.57
25.2	372.533
25.3	375.507
25.4	378.493
25.5	381.491
25.6	384.501
25.7	387.523
25.8	390.556
25.9	393.601
26.0	396.658
26.1	399.727
26.2	402.808
26.3	405.901
26.4	409.005
26.5	412.121
26.6	415.249
26.7	418.389
26.8	421.541
26.9	424.704
27.0	427.88
27.1	431.067
27.2	434.266
27.3	437.477
27.4	440.699
27.5	443.934
27.6	447.18
27.7	450.438
27.8	453.708
27.9	456.99
28.0	460.284
28.1	463.589
28.2	466.906
28.3	470.235
28.4	473.576
28.5	476.929
28.6	480.294
28.7	483.67
28.8	487.058
28.9	490.458
29.0	493.87
29.1	497.294
29.2	500.729
29.3	504.177
29.4	507.636
29.5	511.107
29.6	514.59
29.7	518.085
29.8	521.591
29.9	525.109
30.0	528.639
30.1	532.181
30.2	535.735
30.3	539.301
30.4	542.878
30.5	546.468
30.6	550.069
30.7	553.682
30.8	557.306
30.9	560.943
31.0	564.591
31.1	568.251
31.2	571.924
31.3	575.607
31.4	579.303
31.5	583.011
31.6	586.73
31.7	590.461
31.8	594.204
31.9	597.959
32.0	601.726
32.1	605.504
32.2	609.294
32.3	613.097
32.4	616.911
32.5	620.736
32.6	624.574
32.7	628.423
32.8	632.285
32.9	636.158
33.0	640.043
33.1	643.939
33.2	647.848
33.3	651.768
33.4	655.701
33.5	659.645
33.6	663.601
33.7	667.568
33.8	671.548
33.9	675.539
34.0	679.542
34.1	683.557
34.2	687.584
34.3	691.623
34.4	695.673
34.5	699.736
34.6	703.81
34.7	707.896
34.8	711.994
34.9	716.103
35.0	720.225
35.1	724.358
35.2	728.503
35.3	732.66
35.4	736.829
35.5	741.009
35.6	745.202
35.7	749.406
35.8	753.622
35.9	757.85
36.0	762.09
36.1	766.341
36.2	770.605
36.3	774.88
36.4	779.167
36.5	783.466
36.6	787.776
36.7	792.099
36.8	796.433
36.9	800.779
37.0	805.137
37.1	809.507
37.2	813.889
37.3	818.282
37.4	822.687
37.5	827.105
37.6	831.533
37.7	835.974
37.8	840.427
37.9	844.891
38.0	849.367
38.1	853.855
38.2	858.355
38.3	862.867
38.4	867.391
38.5	871.926
38.6	876.473
38.7	881.032
38.8	885.603
38.9	890.186
39.0	894.78
39.1	899.387
39.2	904.005
39.3	908.635
39.4	913.277
39.5	917.93
39.6	922.596
39.7	927.273
39.8	931.962
39.9	936.663
40.0	941.376
40.1	946.1
40.2	950.837
40.3	955.585
40.4	960.345
40.5	965.117
40.6	969.901
40.7	974.696
40.8	979.504
40.9	984.323
41.0	989.154
41.1	993.997
41.2	998.851
41.3	1003.72
41.4	1008.6
41.5	1013.49
41.6	1018.39
41.7	1023.3
41.8	1028.23
41.9	1033.17
42.0	1038.11
42.1	1043.08
42.2	1048.05
42.3	1053.03
42.4	1058.03
42.5	1063.04
42.6	1068.06
42.7	1073.09
42.8	1078.13
42.9	1083.19
43.0	1088.26
43.1	1093.34
43.2	1098.43
43.3	1103.53
43.4	1108.65
43.5	1113.77
43.6	1118.91
43.7	1124.06
43.8	1129.22
43.9	1134.4
44.0	1139.58
44.1	1144.78
44.2	1149.99
44.3	1155.21
44.4	1160.45
44.5	1165.69
44.6	1170.95
44.7	1176.22
44.8	1181.5
44.9	1186.79
45.0	1192.09
45.1	1197.41
45.2	1202.74
45.3	1208.08
45.4	1213.43
45.5	1218.79
45.6	1224.17
45.7	1229.55
45.8	1234.95
45.9	1240.36
46.0	1245.78
46.1	1251.22
46.2	1256.66
46.3	1262.12
46.4	1267.59
46.5	1273.07
46.6	1278.57
46.7	1284.07
46.8	1289.59
46.9	1295.12
47.0	1300.66
47.1	1306.21
47.2	1311.77
47.3	1317.35
47.4	1322.94
47.5	1328.54
47.6	1334.15
47.7	1339.77
47.8	1345.41
47.9	1351.05
48.0	1356.71
48.1	1362.38
48.2	1368.07
48.3	1373.76
48.4	1379.47
48.5	1385.19
48.6	1390.92
48.7	1396.66
48.8	1402.41
48.9	1408.18
49.0	1413.95
49.1	1419.74
49.2	1425.54
49.3	1431.36
49.4	1437.18
49.5	1443.02
49.6	1448.86
49.7	1454.72
49.8	1460.6
49.9	1466.48
50.0	1472.37

&

