0.1	0.0
0.2	0.0
0.3	0.0
0.4	0.0
0.5	0.0
0.6	0.0
0.7	0.0
0.8	0.0
0.9	0.0
1.0	0.0
1.1	0.0
1.2	0.0
1.3	0.0
1.4	0.0
1.5	0.0
1.6	0.0
1.7	0.0
1.8	0.0
1.9	0.0
2.0	0.0
2.1	0.0
2.2	0.0
2.3	0.0
2.4	0.0
2.5	0.0
2.6	0.0
2.7	0.0
2.8	0.0
2.9	0.0
3.0	0.0
3.1	0.0
3.2	0.0
3.3	0.0
3.4	0.0
3.5	0.0
3.6	0.0
3.7	0.0
3.8	0.0
3.9	0.0
4.0	0.0
4.1	0.0
4.2	0.0
4.3	0.0
4.4	0.0
4.5	0.0
4.6	0.0
4.7	0.0
4.8	0.0
4.9	0.0
5.0	0.0
5.1	0.0
5.2	0.0
5.3	0.0
5.4	0.0
5.5	0.0
5.6	0.0
5.7	0.0
5.8	0.0
5.9	0.0
6.0	0.0
6.1	0.0
6.2	0.0
6.3	0.0
6.4	0.0
6.5	0.0
6.6	0.0
6.7	0.0
6.8	0.0
6.9	0.0
7.0	0.0
7.1	0.0
7.2	0.0
7.3	0.0
7.4	0.0
7.5	0.0
7.6	0.0
7.7	0.0
7.8	0.0
7.9	0.0
8.0	0.0
8.1	0.0
8.2	0.0
8.3	0.0
8.4	0.0
8.5	0.0
8.6	0.0
8.7	0.0
8.8	0.0
8.9	0.0
9.0	0.0
9.1	0.0
9.2	0.0
9.3	0.0
9.4	0.0
9.5	0.0
9.6	0.0
9.7	0.0
9.8	0.0
9.9	0.0
10.0	0.0
10.1	0.0
10.2	0.0
10.3	0.0
10.4	0.0
10.5	0.0
10.6	0.0
10.7	0.0
10.8	0.0
10.9	0.0
11.0	0.0
11.1	0.0
11.2	0.0
11.3	0.0
11.4	0.0
11.5	0.0
11.6	0.0
11.7	0.0
11.8	0.0
11.9	0.0
12.0	0.0
12.1	0.0
12.2	0.0
12.3	0.0
12.4	0.0
12.5	0.0
12.6	0.0
12.7	0.0
12.8	0.0
12.9	0.0
13.0	0.0
13.1	0.0
13.2	0.0
13.3	0.0
13.4	0.0
13.5	0.0
13.6	0.0
13.7	0.0
13.8	0.0
13.9	0.0
14.0	0.0
14.1	0.0
14.2	0.0
14.3	0.0
14.4	0.0
14.5	0.0
14.6	0.0
14.7	0.0
14.8	0.0
14.9	0.0
15.0	0.0
15.1	0.0
15.2	0.0
15.3	0.0
15.4	0.0
15.5	0.0
15.6	0.0
15.7	0.0
15.8	0.0
15.9	0.0
16.0	0.0
16.1	0.0
16.2	0.0
16.3	0.0
16.4	0.0
16.5	0.0
16.6	0.0
16.7	0.0
16.8	0.0
16.9	0.0
17.0	0.0
17.1	0.0
17.2	0.0
17.3	0.0
17.4	0.0
17.5	0.0
17.6	0.0
17.7	0.0
17.8	0.0
17.9	0.0
18.0	0.0
18.1	0.0
18.2	0.0
18.3	0.0
18.4	0.0
18.5	0.0
18.6	0.0
18.7	0.0
18.8	0.0
18.9	0.0
19.0	0.0
19.1	0.0
19.2	0.0
19.3	0.0
19.4	0.0
19.5	0.0
19.6	0.0
19.7	0.0
19.8	0.0
19.9	0.0
20.0	0.0
20.1	0.0
20.2	0.0
20.3	0.0
20.4	0.0
20.5	0.0
20.6	0.0
20.7	0.0
20.8	0.0
20.9	0.0
21.0	0.0
21.1	0.0
21.2	0.0
21.3	0.0
21.4	0.0
21.5	0.0
21.6	0.0
21.7	0.0
21.8	0.0
21.9	0.0
22.0	0.0
22.1	0.0
22.2	0.0
22.3	0.0
22.4	0.0
22.5	0.0
22.6	0.0
22.7	0.0
22.8	0.0
22.9	0.0
23.0	0.0
23.1	0.0
23.2	0.0
23.3	0.0
23.4	0.0
23.5	0.0
23.6	0.0
23.7	0.0
23.8	0.0
23.9	0.0
24.0	0.0
24.1	0.0
24.2	0.0
24.3	0.0
24.4	0.0
24.5	0.0
24.6	0.0
24.7	0.0
24.8	0.0
24.9	0.0
25.0	0.0
25.1	0.0
25.2	0.0
25.3	0.0
25.4	0.0
25.5	0.0
25.6	0.0
25.7	0.0
25.8	0.0
25.9	0.0
26.0	0.0
26.1	0.0
26.2	0.0
26.3	0.0
26.4	0.0
26.5	0.0
26.6	0.0
26.7	0.0
26.8	0.0
26.9	0.0
27.0	0.0
27.1	0.0
27.2	0.0
27.3	0.0
27.4	0.0
27.5	0.0
27.6	0.0
27.7	0.0
27.8	0.0
27.9	0.0
28.0	0.0
28.1	0.0
28.2	0.0
28.3	0.0
28.4	0.0
28.5	0.0
28.6	0.0
28.7	0.0
28.8	0.0
28.9	0.0
29.0	0.0
29.1	0.0
29.2	0.0
29.3	0.0
29.4	0.0
29.5	0.0
29.6	0.0
29.7	0.0
29.8	0.0
29.9	0.0
30.0	0.0
30.1	0.0
30.2	0.0
30.3	0.0
30.4	0.0
30.5	0.0
30.6	0.0
30.7	0.0
30.8	0.0
30.9	0.0
31.0	0.0
31.1	0.0
31.2	0.0
31.3	0.0
31.4	0.0
31.5	0.0
31.6	0.0
31.7	0.0
31.8	0.0
31.9	0.0
32.0	0.0
32.1	0.0
32.2	0.0
32.3	0.0
32.4	0.0
32.5	0.0
32.6	0.0
32.7	0.0
32.8	0.0
32.9	0.0
33.0	0.0
33.1	0.0
33.2	0.0
33.3	0.0
33.4	0.0
33.5	0.0
33.6	0.0
33.7	0.0
33.8	0.0
33.9	0.0
34.0	0.0
34.1	0.0
34.2	0.0
34.3	0.0
34.4	0.0
34.5	0.0
34.6	0.0
34.7	0.0
34.8	0.0
34.9	0.0
35.0	0.0
35.1	0.0
35.2	0.0
35.3	0.0
35.4	0.0
35.5	0.0
35.6	0.0
35.7	0.0
35.8	0.0
35.9	0.0
36.0	0.0
36.1	0.0
36.2	0.0
36.3	0.0
36.4	0.0
36.5	0.0
36.6	0.0
36.7	0.0
36.8	0.0
36.9	0.0
37.0	0.0
37.1	0.0
37.2	0.0
37.3	0.0
37.4	0.0
37.5	0.0
37.6	0.0
37.7	0.0
37.8	0.0
37.9	0.0
38.0	0.0
38.1	0.0
38.2	0.0
38.3	0.0
38.4	0.0
38.5	0.0
38.6	0.0
38.7	0.0
38.8	0.0
38.9	0.0
39.0	0.0
39.1	0.0
39.2	0.0
39.3	0.0
39.4	0.0
39.5	0.0
39.6	0.0
39.7	0.0
39.8	0.0
39.9	0.0
40.0	0.0
40.1	0.0
40.2	0.0
40.3	0.0
40.4	0.0
40.5	0.0
40.6	0.0
40.7	0.0
40.8	0.0
40.9	0.0
41.0	0.0
41.1	0.0
41.2	0.0
41.3	0.0
41.4	0.0
41.5	0.0
41.6	0.0
41.7	0.0
41.8	0.0
41.9	0.0
42.0	0.0
42.1	0.0
42.2	0.0
42.3	0.0
42.4	0.0
42.5	0.0
42.6	0.0
42.7	0.0
42.8	0.0
42.9	0.0
43.0	0.0
43.1	0.0
43.2	0.0
43.3	0.0
43.4	0.0
43.5	0.0
43.6	0.0
43.7	0.0
43.8	0.0
43.9	0.0
44.0	0.0
44.1	0.0
44.2	0.0
44.3	0.0
44.4	0.0
44.5	0.0
44.6	0.0
44.7	0.0
44.8	0.0
44.9	0.0
45.0	0.0
45.1	0.0
45.2	0.0
45.3	0.0
45.4	0.0
45.5	0.0
45.6	0.0
45.7	0.0
45.8	0.0
45.9	0.0
46.0	0.0
46.1	0.0
46.2	0.0
46.3	0.0
46.4	0.0
46.5	0.0
46.6	0.0
46.7	0.0
46.8	0.0
46.9	0.0
47.0	0.0
47.1	0.0
47.2	0.0
47.3	0.0
47.4	0.0
47.5	0.0
47.6	0.0
47.7	0.0
47.8	0.0
47.9	0.0
48.0	0.0
48.1	0.0
48.2	0.0
48.3	0.0
48.4	0.0
48.5	0.0
48.6	0.0
48.7	0.0
48.8	0.0
48.9	0.0
49.0	0.0
49.1	0.0
49.2	0.0
49.3	0.0
49.4	0.0
49.5	0.0
49.6	0.0
49.7	0.0
49.8	0.0
49.9	0.0
50.0	0.0
50.1	0.0
50.2	0.0
50.3	0.0
50.4	0.0
50.5	0.0
50.6	0.0
50.7	0.0
50.8	0.0
50.9	0.0
51.0	0.0

&

0.1	0.0
0.2	-0.151938
0.3	-0.303877
0.4	-0.455815
0.5	-0.607753
0.6	-0.759692
0.7	-0.91163
0.8	-1.06357
0.9	-1.21551
1.0	-1.36745
1.1	-1.51938
1.2	-1.67132
1.3	-1.82326
1.4	-1.9752
1.5	-2.12714
1.6	-2.27908
1.7	-2.43101
1.8	-2.58295
1.9	-2.73489
2.0	-2.88683
2.1	-3.03877
2.2	-3.19071
2.3	-3.34264
2.4	-3.49458
2.5	-3.64652
2.6	-3.79846
2.7	-3.9504
2.8	-4.10234
2.9	-4.25427
3.0	-4.40621
3.1	-4.55815
3.2	-4.71009
3.3	-4.86203
3.4	-5.01397
3.5	-5.1659
3.6	-5.31784
3.7	-5.46978
3.8	-5.62172
3.9	-5.77366
4.0	-5.9256
4.1	-6.07753
4.2	-6.22947
4.3	-6.38141
4.4	-6.53335
4.5	-6.68529
4.6	-6.83723
4.7	-6.98916
4.8	-7.1411
4.9	-7.29304
5.0	-7.44498
5.1	-7.59692
5.2	-7.74886
5.3	-7.90079
5.4	-8.05273
5.5	-8.20467
5.6	-8.35661
5.7	-8.50855
5.8	-8.66049
5.9	-8.81242
6.0	-8.96436
6.1	-9.1163
6.2	-9.26824
6.3	-9.42018
6.4	-9.57212
6.5	-9.72405
6.6	-9.87599
6.7	-10.0279
6.8	-10.1799
6.9	-10.3318
7.0	-10.4837
7.1	-10.6357
7.2	-10.7876
7.3	-10.9396
7.4	-11.0915
7.5	-11.2434
7.6	-11.3954
7.7	-11.5473
7.8	-11.6993
7.9	-11.8512
8.0	-12.0031
8.1	-12.1551
8.2	-12.307
8.3	-12.4589
8.4	-12.6109
8.5	-12.7628
8.6	-12.9148
8.7	-13.0667
8.8	-13.2186
8.9	-13.3706
9.0	-13.5225
9.1	-13.6745
9.2	-13.8264
9.3	-13.9783
9.4	-14.1303
9.5	-14.2822
9.6	-14.4341
9.7	-14.5861
9.8	-14.738
9.9	-14.89
10.0	-15.0419
10.1	-15.1938
10.2	-15.3458
10.3	-15.4977
10.4	-15.6497
10.5	-15.8016
10.6	-15.9535
10.7	-16.1055
10.8	-16.2574
10.9	-16.4093
11.0	-16.5613
11.1	-16.7132
11.2	-16.8652
11.3	-17.0171
11.4	-17.169
11.5	-17.321
11.6	-17.4729
11.7	-17.6248
11.8	-17.7768
11.9	-17.9287
12.0	-18.0807
12.1	-18.2326
12.2	-18.3845
12.3	-18.5365
12.4	-18.6884
12.5	-18.8404
12.6	-18.9923
12.7	-19.1442
12.8	-19.2962
12.9	-19.4481
13.0	-19.6
13.1	-19.752
13.2	-19.9039
13.3	-20.0559
13.4	-20.2078
13.5	-20.3597
13.6	-20.5117
13.7	-20.6636
13.8	-20.8156
13.9	-20.9675
14.0	-21.1194
14.1	-21.2714
14.2	-21.4233
14.3	-21.5752
14.4	-21.7272
14.5	-21.8791
14.6	-22.0311
14.7	-22.183
14.8	-22.3349
14.9	-22.4869
15.0	-22.6388
15.1	-22.7908
15.2	-22.9427
15.3	-23.0946
15.4	-23.2466
15.5	-23.3985
15.6	-23.5504
15.7	-23.7024
15.8	-23.8543
15.9	-24.0063
16.0	-24.1582
16.1	-24.3101
16.2	-24.4621
16.3	-24.614
16.4	-24.766
16.5	-24.9179
16.6	-25.0698
16.7	-25.2218
16.8	-25.3737
16.9	-25.5256
17.0	-25.6776
17.1	-25.8295
17.2	-25.9815
17.3	-26.1334
17.4	-26.2853
17.5	-26.4373
17.6	-26.5892
17.7	-26.7412
17.8	-26.8931
17.9	-27.045
18.0	-27.197
18.1	-27.3489
18.2	-27.5008
18.3	-27.6528
18.4	-27.8047
18.5	-27.9567
18.6	-28.1086
18.7	-28.2605
18.8	-28.4125
18.9	-28.5644
19.0	-28.7163
19.1	-28.8683
19.2	-29.0202
19.3	-29.1722
19.4	-29.3241
19.5	-29.476
19.6	-29.628
19.7	-29.7799
19.8	-29.9319
19.9	-30.0838
20.0	-30.2357
20.1	-30.3877
20.2	-30.5396
20.3	-30.6915
20.4	-30.8435
20.5	-30.9954
20.6	-31.1474
20.7	-31.2993
20.8	-31.4512
20.9	-31.6032
21.0	-31.7551
21.1	-31.9071
21.2	-32.059
21.3	-32.2109
21.4	-32.3629
21.5	-32.5148
21.6	-32.6667
21.7	-32.8187
21.8	-32.9706
21.9	-33.1226
22.0	-33.2745
22.1	-33.4264
22.2	-33.5784
22.3	-33.7303
22.4	-33.8823
22.5	-34.0342
22.6	-34.1861
22.7	-34.3381
22.8	-34.49
22.9	-34.6419
23.0	-34.7939
23.1	-34.9458
23.2	-35.0978
23.3	-35.2497
23.4	-35.4016
23.5	-35.5536
23.6	-35.7055
23.7	-35.8575
23.8	-36.0094
23.9	-36.1613
24.0	-36.3133
24.1	-36.4652
24.2	-36.6171
24.3	-36.7691
24.4	-36.921
24.5	-37.073
24.6	-37.2249
24.7	-37.3768
24.8	-37.5288
24.9	-37.6807
25.0	-37.8327
25.1	-37.9846
25.2	-38.1365
25.3	-38.2885
25.4	-38.4404
25.5	-38.5923
25.6	-38.7443
25.7	-38.8962
25.8	-39.0482
25.9	-39.2001
26.0	-39.352
26.1	-39.504
26.2	-39.6559
26.3	-39.8079
26.4	-39.9598
26.5	-40.1117
26.6	-40.2637
26.7	-40.4156
26.8	-40.5675
26.9	-40.7195
27.0	-40.8714
27.1	-41.0234
27.2	-41.1753
27.3	-41.3272
27.4	-41.4792
27.5	-41.6311
27.6	-41.783
27.7	-41.935
27.8	-42.0869
27.9	-42.2389
28.0	-42.3908
28.1	-42.5427
28.2	-42.6947
28.3	-42.8466
28.4	-42.9986
28.5	-43.1505
28.6	-43.3024
28.7	-43.4544
28.8	-43.6063
28.9	-43.7582
29.0	-43.9102
29.1	-44.0621
29.2	-44.2141
29.3	-44.366
29.4	-44.5179
29.5	-44.6699
29.6	-44.8218
29.7	-44.9738
29.8	-45.1257
29.9	-45.2776
30.0	-45.4296
30.1	-45.5815
30.2	-45.7334
30.3	-45.8854
30.4	-46.0373
30.5	-46.1893
30.6	-46.3412
30.7	-46.4931
30.8	-46.6451
30.9	-46.797
31.0	-46.949
31.1	-47.1009
31.2	-47.2528
31.3	-47.4048
31.4	-47.5567
31.5	-47.7086
31.6	-47.8606
31.7	-48.0125
31.8	-48.1645
31.9	-48.3164
32.0	-48.4683
32.1	-48.6203
32.2	-48.7722
32.3	-48.9242
32.4	-49.0761
32.5	-49.228
32.6	-49.38
32.7	-49.5319
32.8	-49.6838
32.9	-49.8358
33.0	-49.9877
33.1	-50.1397
33.2	-50.2916
33.3	-50.4435
33.4	-50.5955
33.5	-50.7474
33.6	-50.8993
33.7	-51.0513
33.8	-51.2032
33.9	-51.3552
34.0	-51.5071
34.1	-51.659
34.2	-51.811
34.3	-51.9629
34.4	-52.1149
34.5	-52.2668
34.6	-52.4187
34.7	-52.5707
34.8	-52.7226
34.9	-52.8745
35.0	-53.0265
35.1	-53.1784
35.2	-53.3304
35.3	-53.4823
35.4	-53.6342
35.5	-53.7862
35.6	-53.9381
35.7	-54.0901
35.8	-54.242
35.9	-54.3939
36.0	-54.5459
36.1	-54.6978
36.2	-54.8497
36.3	-55.0017
36.4	-55.1536
36.5	-55.3056
36.6	-55.4575
36.7	-55.6094
36.8	-55.7614
36.9	-55.9133
37.0	-56.0653
37.1	-56.2172
37.2	-56.3691
37.3	-56.5211
37.4	-56.673
37.5	-56.8249
37.6	-56.9769
37.7	-57.1288
37.8	-57.2808
37.9	-57.4327
38.0	-57.5846
38.1	-57.7366
38.2	-57.8885
38.3	-58.0405
38.4	-58.1924
38.5	-58.3443
38.6	-58.4963
38.7	-58.6482
38.8	-58.8001
38.9	-58.9521
39.0	-59.104
39.1	-59.256
39.2	-59.4079
39.3	-59.5598
39.4	-59.7118
39.5	-59.8637
39.6	-60.0157
39.7	-60.1676
39.8	-60.3195
39.9	-60.4715
40.0	-60.6234
40.1	-60.7753
40.2	-60.9273
40.3	-61.0792
40.4	-61.2312
40.5	-61.3831
40.6	-61.535
40.7	-61.687
40.8	-61.8389
40.9	-61.9909
41.0	-62.1428
41.1	-62.2947
41.2	-62.4467
41.3	-62.5986
41.4	-62.7505
41.5	-62.9025
41.6	-63.0544
41.7	-63.2064
41.8	-63.3583
41.9	-63.5102
42.0	-63.6622
42.1	-63.8141
42.2	-63.966
42.3	-64.118
42.4	-64.2699
42.5	-64.4219
42.6	-64.5738
42.7	-64.7257
42.8	-64.8777
42.9	-65.0296
43.0	-65.1816
43.1	-65.3335
43.2	-65.4854
43.3	-65.6374
43.4	-65.7893
43.5	-65.9412
43.6	-66.0932
43.7	-66.2451
43.8	-66.3971
43.9	-66.549
44.0	-66.7009
44.1	-66.8529
44.2	-67.0048
44.3	-67.1568
44.4	-67.3087
44.5	-67.4606
44.6	-67.6126
44.7	-67.7645
44.8	-67.9164
44.9	-68.0684
45.0	-68.2203
45.1	-68.3723
45.2	-68.5242
45.3	-68.6761
45.4	-68.8281
45.5	-68.98
45.6	-69.132
45.7	-69.2839
45.8	-69.4358
45.9	-69.5878
46.0	-69.7397
46.1	-69.8916
46.2	-70.0436
46.3	-70.1955
46.4	-70.3475
46.5	-70.4994
46.6	-70.6513
46.7	-70.8033
46.8	-70.9552
46.9	-71.1072
47.0	-71.2591
47.1	-71.411
47.2	-71.563
47.3	-71.7149
47.4	-71.8668
47.5	-72.0188
47.6	-72.1707
47.7	-72.3227
47.8	-72.4746
47.9	-72.6265
48.0	-72.7785
48.1	-72.9304
48.2	-73.0824
48.3	-73.2343
48.4	-73.3862
48.5	-73.5382
48.6	-73.6901
48.7	-73.842
48.8	-73.994
48.9	-74.1459
49.0	-74.2979
49.1	-74.4498
49.2	-74.6017
49.3	-74.7537
49.4	-74.9056
49.5	-75.0576
49.6	-75.2095
49.7	-75.3614
49.8	-75.5134
49.9	-75.6653
50.0	-75.8172
50.1	-75.9692
50.2	-76.1211
50.3	-76.2731
50.4	-76.425
50.5	-76.5769
50.6	-76.7289
50.7	-76.8808
50.8	-77.0327
50.9	-77.1847
51.0	-77.3366

&

0.1	0.0
0.2	0.008794
0.3	0.035176
0.4	0.079147
0.5	0.140705
0.6	0.219852
0.7	0.316586
0.8	0.430909
0.9	0.56282
1.0	0.712319
1.1	0.879406
1.2	1.06408
1.3	1.26635
1.4	1.4862
1.5	1.72364
1.6	1.97866
1.7	2.25128
1.8	2.54148
1.9	2.84928
2.0	3.17466
2.1	3.51762
2.2	3.87818
2.3	4.25633
2.4	4.65206
2.5	5.06538
2.6	5.49629
2.7	5.94479
2.8	6.41087
2.9	6.89454
3.0	7.39581
3.1	7.91465
3.2	8.45109
3.3	9.00512
3.4	9.57673
3.5	10.1659
3.6	10.7727
3.7	11.3971
3.8	12.0391
3.9	12.6986
4.0	13.3758
4.1	14.0705
4.2	14.7828
4.3	15.5127
4.4	16.2602
4.5	17.0253
4.6	17.808
4.7	18.6082
4.8	19.4261
4.9	20.2615
5.0	21.1145
5.1	21.9852
5.2	22.8734
5.3	23.7791
5.4	24.7025
5.5	25.6435
5.6	26.602
5.7	27.5782
5.8	28.5719
5.9	29.5832
6.0	30.6121
6.1	31.6586
6.2	32.7227
6.3	33.8044
6.4	34.9036
6.5	36.0205
6.6	37.1549
6.7	38.3069
6.8	39.4765
6.9	40.6637
7.0	41.8685
7.1	43.0909
7.2	44.3309
7.3	45.5884
7.4	46.8636
7.5	48.1563
7.6	49.4666
7.7	50.7945
7.8	52.14
7.9	53.5031
8.0	54.8837
8.1	56.282
8.2	57.6978
8.3	59.1313
8.4	60.5823
8.5	62.0509
8.6	63.5371
8.7	65.0409
8.8	66.5622
8.9	68.1012
9.0	69.6578
9.1	71.2319
9.2	72.8236
9.3	74.4329
9.4	76.0598
9.5	77.7043
9.6	79.3664
9.7	81.0461
9.8	82.7433
9.9	84.4582
10.0	86.1906
10.1	87.9406
10.2	89.7082
10.3	91.4934
10.4	93.2962
10.5	95.1166
10.6	96.9545
10.7	98.8101
10.8	100.683
10.9	102.574
11.0	104.482
11.1	106.408
11.2	108.352
11.3	110.313
11.4	112.291
11.5	114.288
11.6	116.301
11.7	118.333
11.8	120.382
11.9	122.449
12.0	124.533
12.1	126.634
12.2	128.754
12.3	130.891
12.4	133.045
12.5	135.217
12.6	137.407
12.7	139.615
12.8	141.839
12.9	144.082
13.0	146.342
13.1	148.62
13.2	150.915
13.3	153.228
13.4	155.558
13.5	157.906
13.6	160.272
13.7	162.655
13.8	165.056
13.9	167.474
14.0	169.91
14.1	172.364
14.2	174.835
14.3	177.323
14.4	179.83
14.5	182.354
14.6	184.895
14.7	187.454
14.8	190.031
14.9	192.625
15.0	195.237
15.1	197.866
15.2	200.513
15.3	203.178
15.4	205.86
15.5	208.56
15.6	211.277
15.7	214.012
15.8	216.765
15.9	219.535
16.0	222.323
16.1	225.128
16.2	227.951
16.3	230.791
16.4	233.649
16.5	236.525
16.6	239.418
16.7	242.329
16.8	245.258
16.9	248.204
17.0	251.167
17.1	254.148
17.2	257.147
17.3	260.164
17.4	263.197
17.5	266.249
17.6	269.318
17.7	272.405
17.8	275.509
17.9	278.631
18.0	281.771
18.1	284.928
18.2	288.102
18.3	291.294
18.4	294.504
18.5	297.732
18.6	300.977
18.7	304.239
18.8	307.52
18.9	310.817
19.0	314.133
19.1	317.466
19.2	320.816
19.3	324.184
19.4	327.57
19.5	330.973
19.6	334.394
19.7	337.833
19.8	341.289
19.9	344.762
20.0	348.254
20.1	351.762
20.2	355.289
20.3	358.833
20.4	362.394
20.5	365.974
20.6	369.57
20.7	373.185
20.8	376.817
20.9	380.466
21.0	384.133
21.1	387.818
21.2	391.52
21.3	395.24
21.4	398.978
21.5	402.733
21.6	406.505
21.7	410.296
21.8	414.104
21.9	417.929
22.0	421.772
22.1	425.633
22.2	429.511
22.3	433.407
22.4	437.32
22.5	441.251
22.6	445.199
22.7	449.165
22.8	453.149
22.9	457.15
23.0	461.169
23.1	465.206
23.2	469.26
23.3	473.332
23.4	477.421
23.5	481.528
23.6	485.652
23.7	489.794
23.8	493.954
23.9	498.131
24.0	502.326
24.1	506.538
24.2	510.768
24.3	515.015
24.4	519.281
24.5	523.563
24.6	527.864
24.7	532.181
24.8	536.517
24.9	540.87
25.0	545.241
25.1	549.629
25.2	554.035
25.3	558.458
25.4	562.899
25.5	567.358
25.6	571.834
25.7	576.328
25.8	580.839
25.9	585.368
26.0	589.914
26.1	594.479
26.2	599.06
26.3	603.66
26.4	608.276
26.5	612.911
26.6	617.563
26.7	622.233
26.8	626.92
26.9	631.625
27.0	636.347
27.1	641.087
27.2	645.845
27.3	650.62
27.4	655.413
27.5	660.223
27.6	665.051
27.7	669.896
27.8	674.76
27.9	679.64
28.0	684.539
28.1	689.454
28.2	694.388
28.3	699.339
28.4	704.308
28.5	709.294
28.6	714.298
28.7	719.319
28.8	724.358
28.9	729.415
29.0	734.489
29.1	739.581
29.2	744.69
29.3	749.817
29.4	754.961
29.5	760.123
29.6	765.303
29.7	770.5
29.8	775.715
29.9	780.948
30.0	786.198
30.1	791.466
30.2	796.751
30.3	802.054
30.4	807.374
30.5	812.712
30.6	818.068
30.7	823.441
30.8	828.831
30.9	834.24
31.0	839.666
31.1	845.109
31.2	850.57
31.3	856.049
31.4	861.545
31.5	867.059
31.6	872.591
31.7	878.14
31.8	883.706
31.9	889.291
32.0	894.892
32.1	900.512
32.2	906.149
32.3	911.803
32.4	917.476
32.5	923.165
32.6	928.873
32.7	934.598
32.8	940.34
32.9	946.1
33.0	951.878
33.1	957.673
33.2	963.486
33.3	969.317
33.4	975.165
33.5	981.03
33.6	986.914
33.7	992.814
33.8	998.733
33.9	1004.67
34.0	1010.62
34.1	1016.59
34.2	1022.58
34.3	1028.59
34.4	1034.61
34.5	1040.65
34.6	1046.71
34.7	1052.79
34.8	1058.88
34.9	1065.0
35.0	1071.13
35.1	1077.27
35.2	1083.44
35.3	1089.62
35.4	1095.82
35.5	1102.04
35.6	1108.27
35.7	1114.52
35.8	1120.79
35.9	1127.08
36.0	1133.39
36.1	1139.71
36.2	1146.05
36.3	1152.41
36.4	1158.78
36.5	1165.18
36.6	1171.59
36.7	1178.02
36.8	1184.46
36.9	1190.93
37.0	1197.41
37.1	1203.91
37.2	1210.42
37.3	1216.96
37.4	1223.51
37.5	1230.08
37.6	1236.66
37.7	1243.27
37.8	1249.89
37.9	1256.53
38.0	1263.19
38.1	1269.86
38.2	1276.55
38.3	1283.26
38.4	1289.99
38.5	1296.74
38.6	1303.5
38.7	1310.28
38.8	1317.08
38.9	1323.89
39.0	1330.73
39.1	1337.58
39.2	1344.44
39.3	1351.33
39.4	1358.23
39.5	1365.15
39.6	1372.09
39.7	1379.05
39.8	1386.02
39.9	1393.01
40.0	1400.02
40.1	1407.05
40.2	1414.09
40.3	1421.16
40.4	1428.23
40.5	1435.33
40.6	1442.45
40.7	1449.58
40.8	1456.73
40.9	1463.89
41.0	1471.08
41.1	1478.28
41.2	1485.5
41.3	1492.74
41.4	1499.99
41.5	1507.27
41.6	1514.56
41.7	1521.87
41.8	1529.19
41.9	1536.53
42.0	1543.89
42.1	1551.27
42.2	1558.67
42.3	1566.08
42.4	1573.51
42.5	1580.96
42.6	1588.43
42.7	1595.91
42.8	1603.41
42.9	1610.93
43.0	1618.47
43.1	1626.02
43.2	1633.59
43.3	1641.18
43.4	1648.79
43.5	1656.41
43.6	1664.06
43.7	1671.72
43.8	1679.39
43.9	1687.09
44.0	1694.8
44.1	1702.53
44.2	1710.28
44.3	1718.04
44.4	1725.83
44.5	1733.63
44.6	1741.44
44.7	1749.28
44.8	1757.13
44.9	1765.0
45.0	1772.89
45.1	1780.8
45.2	1788.72
45.3	1796.66
45.4	1804.62
45.5	1812.6
45.6	1820.59
45.7	1828.6
45.8	1836.63
45.9	1844.68
46.0	1852.74
46.1	1860.82
46.2	1868.92
46.3	1877.04
46.4	1885.17
46.5	1893.33
46.6	1901.5
46.7	1909.68
46.8	1917.89
46.9	1926.11
47.0	1934.35
47.1	1942.61
47.2	1950.88
47.3	1959.18
47.4	1967.49
47.5	1975.81
47.6	1984.16
47.7	1992.52
47.8	2000.9
47.9	2009.3
48.0	2017.72
48.1	2026.15
48.2	2034.6
48.3	2043.07
48.4	2051.56
48.5	2060.06
48.6	2068.58
48.7	2077.12
48.8	2085.68
48.9	2094.25
49.0	2102.84
49.1	2111.45
49.2	2120.08
49.3	2128.73
49.4	2137.39
49.5	2146.07
49.6	2154.76
49.7	2163.48
49.8	2172.21
49.9	2180.96
50.0	2189.73
50.1	2198.52
50.2	2207.32
50.3	2216.14
50.4	2224.98
50.5	2233.83
50.6	2242.71
50.7	2251.6
50.8	2260.5
50.9	2269.43
51.0	2278.37

&

