0.1	0.0
0.2	0.0
0.3	0.0
0.4	0.0
0.5	0.0
0.6	0.0
0.7	0.0
0.8	0.0
0.9	0.0
1.0	0.0
1.1	0.0
1.2	0.0
1.3	0.0
1.4	0.0
1.5	0.0
1.6	0.0
1.7	0.0
1.8	0.0
1.9	0.0
2.0	0.0
2.1	0.0
2.2	0.0
2.3	0.0
2.4	0.0
2.5	0.0
2.6	0.0
2.7	0.0
2.8	0.0
2.9	0.0
3.0	0.0
3.1	0.0
3.2	0.0
3.3	0.0
3.4	0.0
3.5	0.0
3.6	0.0
3.7	0.0
3.8	0.0
3.9	0.0
4.0	0.0
4.1	0.0
4.2	0.0
4.3	0.0
4.4	0.0
4.5	0.0
4.6	0.0
4.7	0.0
4.8	0.0
4.9	0.0
5.0	0.0
5.1	0.0
5.2	0.0
5.3	0.0
5.4	0.0
5.5	0.0
5.6	0.0
5.7	0.0
5.8	0.0
5.9	0.0
6.0	0.0
6.1	0.0
6.2	0.0
6.3	0.0
6.4	0.0
6.5	0.0
6.6	0.0
6.7	0.0
6.8	0.0
6.9	0.0
7.0	0.0
7.1	0.0
7.2	0.0
7.3	0.0
7.4	0.0
7.5	0.0
7.6	0.0
7.7	0.0
7.8	0.0
7.9	0.0
8.0	0.0
8.1	0.0
8.2	0.0
8.3	0.0
8.4	0.0
8.5	0.0
8.6	0.0
8.7	0.0
8.8	0.0
8.9	0.0
9.0	0.0
9.1	0.0
9.2	0.0
9.3	0.0
9.4	0.0
9.5	0.0
9.6	0.0
9.7	0.0
9.8	0.0
9.9	0.0
10.0	0.0
10.1	0.0
10.2	0.0
10.3	0.0
10.4	0.0
10.5	0.0
10.6	0.0
10.7	0.0
10.8	0.0
10.9	0.0
11.0	0.0
11.1	0.0
11.2	0.0
11.3	0.0
11.4	0.0
11.5	0.0
11.6	0.0
11.7	0.0
11.8	0.0
11.9	0.0
12.0	0.0
12.1	0.0
12.2	0.0
12.3	0.0
12.4	0.0
12.5	0.0
12.6	0.0
12.7	0.0
12.8	0.0
12.9	0.0
13.0	0.0
13.1	0.0
13.2	0.0
13.3	0.0
13.4	0.0
13.5	0.0
13.6	0.0
13.7	0.0
13.8	0.0
13.9	0.0
14.0	0.0
14.1	0.0
14.2	0.0
14.3	0.0
14.4	0.0
14.5	0.0
14.6	0.0
14.7	0.0
14.8	0.0
14.9	0.0
15.0	0.0
15.1	0.0
15.2	0.0
15.3	0.0
15.4	0.0
15.5	0.0
15.6	0.0
15.7	0.0
15.8	0.0
15.9	0.0
16.0	0.0
16.1	0.0
16.2	0.0
16.3	0.0
16.4	0.0
16.5	0.0
16.6	0.0
16.7	0.0
16.8	0.0
16.9	0.0
17.0	0.0
17.1	0.0
17.2	0.0
17.3	0.0
17.4	0.0
17.5	0.0
17.6	0.0
17.7	0.0
17.8	0.0
17.9	0.0
18.0	0.0
18.1	0.0
18.2	0.0
18.3	0.0
18.4	0.0
18.5	0.0
18.6	0.0
18.7	0.0
18.8	0.0
18.9	0.0
19.0	0.0
19.1	0.0
19.2	0.0
19.3	0.0
19.4	0.0
19.5	0.0
19.6	0.0
19.7	0.0
19.8	0.0
19.9	0.0
20.0	0.0
20.1	0.0
20.2	0.0
20.3	0.0
20.4	0.0
20.5	0.0
20.6	0.0
20.7	0.0
20.8	0.0
20.9	0.0
21.0	0.0
21.1	0.0
21.2	0.0
21.3	0.0
21.4	0.0
21.5	0.0
21.6	0.0
21.7	0.0
21.8	0.0
21.9	0.0
22.0	0.0
22.1	0.0
22.2	0.0
22.3	0.0
22.4	0.0
22.5	0.0
22.6	0.0
22.7	0.0
22.8	0.0
22.9	0.0
23.0	0.0
23.1	0.0
23.2	0.0
23.3	0.0
23.4	0.0
23.5	0.0
23.6	0.0
23.7	0.0
23.8	0.0
23.9	0.0
24.0	0.0
24.1	0.0
24.2	0.0
24.3	0.0
24.4	0.0
24.5	0.0
24.6	0.0
24.7	0.0
24.8	0.0
24.9	0.0
25.0	0.0
25.1	0.0
25.2	0.0
25.3	0.0
25.4	0.0
25.5	0.0
25.6	0.0
25.7	0.0
25.8	0.0
25.9	0.0
26.0	0.0
26.1	0.0
26.2	0.0
26.3	0.0
26.4	0.0
26.5	0.0
26.6	0.0
26.7	0.0
26.8	0.0
26.9	0.0
27.0	0.0
27.1	0.0
27.2	0.0
27.3	0.0
27.4	0.0
27.5	0.0
27.6	0.0
27.7	0.0
27.8	0.0
27.9	0.0
28.0	0.0
28.1	0.0
28.2	0.0
28.3	0.0
28.4	0.0
28.5	0.0
28.6	0.0
28.7	0.0
28.8	0.0
28.9	0.0
29.0	0.0
29.1	0.0
29.2	0.0
29.3	0.0
29.4	0.0
29.5	0.0
29.6	0.0
29.7	0.0
29.8	0.0
29.9	0.0
30.0	0.0
30.1	0.0
30.2	0.0
30.3	0.0
30.4	0.0
30.5	0.0
30.6	0.0
30.7	0.0
30.8	0.0
30.9	0.0
31.0	0.0
31.1	0.0
31.2	0.0
31.3	0.0
31.4	0.0
31.5	0.0
31.6	0.0
31.7	0.0
31.8	0.0
31.9	0.0
32.0	0.0
32.1	0.0
32.2	0.0
32.3	0.0
32.4	0.0
32.5	0.0
32.6	0.0
32.7	0.0
32.8	0.0
32.9	0.0
33.0	0.0
33.1	0.0
33.2	0.0
33.3	0.0
33.4	0.0
33.5	0.0
33.6	0.0
33.7	0.0
33.8	0.0
33.9	0.0
34.0	0.0
34.1	0.0
34.2	0.0
34.3	0.0
34.4	0.0
34.5	0.0
34.6	0.0
34.7	0.0
34.8	0.0
34.9	0.0
35.0	0.0
35.1	0.0
35.2	0.0
35.3	0.0
35.4	0.0
35.5	0.0
35.6	0.0
35.7	0.0
35.8	0.0
35.9	0.0
36.0	0.0
36.1	0.0
36.2	0.0
36.3	0.0
36.4	0.0
36.5	0.0
36.6	0.0
36.7	0.0
36.8	0.0
36.9	0.0
37.0	0.0
37.1	0.0
37.2	0.0
37.3	0.0
37.4	0.0
37.5	0.0
37.6	0.0
37.7	0.0
37.8	0.0
37.9	0.0
38.0	0.0
38.1	0.0
38.2	0.0
38.3	0.0
38.4	0.0
38.5	0.0
38.6	0.0
38.7	0.0
38.8	0.0
38.9	0.0
39.0	0.0
39.1	0.0
39.2	0.0
39.3	0.0
39.4	0.0
39.5	0.0
39.6	0.0
39.7	0.0
39.8	0.0
39.9	0.0
40.0	0.0
40.1	0.0
40.2	0.0
40.3	0.0
40.4	0.0
40.5	0.0
40.6	0.0
40.7	0.0
40.8	0.0
40.9	0.0
41.0	0.0
41.1	0.0
41.2	0.0
41.3	0.0
41.4	0.0
41.5	0.0
41.6	0.0
41.7	0.0
41.8	0.0
41.9	0.0
42.0	0.0
42.1	0.0
42.2	0.0
42.3	0.0
42.4	0.0
42.5	0.0
42.6	0.0
42.7	0.0
42.8	0.0
42.9	0.0
43.0	0.0
43.1	0.0
43.2	0.0
43.3	0.0
43.4	0.0
43.5	0.0
43.6	0.0
43.7	0.0
43.8	0.0
43.9	0.0
44.0	0.0
44.1	0.0
44.2	0.0
44.3	0.0
44.4	0.0
44.5	0.0
44.6	0.0
44.7	0.0
44.8	0.0
44.9	0.0
45.0	0.0
45.1	0.0
45.2	0.0
45.3	0.0
45.4	0.0
45.5	0.0
45.6	0.0
45.7	0.0
45.8	0.0
45.9	0.0
46.0	0.0
46.1	0.0
46.2	0.0
46.3	0.0
46.4	0.0
46.5	0.0
46.6	0.0
46.7	0.0
46.8	0.0
46.9	0.0
47.0	0.0
47.1	0.0
47.2	0.0
47.3	0.0
47.4	0.0
47.5	0.0
47.6	0.0
47.7	0.0
47.8	0.0
47.9	0.0
48.0	0.0
48.1	0.0
48.2	0.0
48.3	0.0
48.4	0.0
48.5	0.0
48.6	0.0
48.7	0.0
48.8	0.0
48.9	0.0
49.0	0.0
49.1	0.0
49.2	0.0
49.3	0.0
49.4	0.0
49.5	0.0
49.6	0.0
49.7	0.0
49.8	0.0
49.9	0.0
50.0	0.0

&

0.1	0.0
0.2	-0.138264
0.3	-0.276528
0.4	-0.414792
0.5	-0.553056
0.6	-0.69132
0.7	-0.829583
0.8	-0.967847
0.9	-1.10611
1.0	-1.24438
1.1	-1.38264
1.2	-1.5209
1.3	-1.65917
1.4	-1.79743
1.5	-1.93569
1.6	-2.07396
1.7	-2.21222
1.8	-2.35049
1.9	-2.48875
2.0	-2.62701
2.1	-2.76528
2.2	-2.90354
2.3	-3.04181
2.4	-3.18007
2.5	-3.31833
2.6	-3.4566
2.7	-3.59486
2.8	-3.73312
2.9	-3.87139
3.0	-4.00965
3.1	-4.14792
3.2	-4.28618
3.3	-4.42445
3.4	-4.56271
3.5	-4.70097
3.6	-4.83924
3.7	-4.9775
3.8	-5.11576
3.9	-5.25403
4.0	-5.39229
4.1	-5.53056
4.2	-5.66882
4.3	-5.80708
4.4	-5.94535
4.5	-6.08361
4.6	-6.22188
4.7	-6.36014
4.8	-6.4984
4.9	-6.63667
5.0	-6.77493
5.1	-6.91319
5.2	-7.05146
5.3	-7.18972
5.4	-7.32799
5.5	-7.46625
5.6	-7.60452
5.7	-7.74278
5.8	-7.88104
5.9	-8.01931
6.0	-8.15757
6.1	-8.29583
6.2	-8.4341
6.3	-8.57236
6.4	-8.71063
6.5	-8.84889
6.6	-8.98715
6.7	-9.12542
6.8	-9.26368
6.9	-9.40195
7.0	-9.54021
7.1	-9.67847
7.2	-9.81674
7.3	-9.955
7.4	-10.0933
7.5	-10.2315
7.6	-10.3698
7.7	-10.5081
7.8	-10.6463
7.9	-10.7846
8.0	-10.9228
8.1	-11.0611
8.2	-11.1994
8.3	-11.3376
8.4	-11.4759
8.5	-11.6142
8.6	-11.7524
8.7	-11.8907
8.8	-12.029
8.9	-12.1672
9.0	-12.3055
9.1	-12.4438
9.2	-12.582
9.3	-12.7203
9.4	-12.8585
9.5	-12.9968
9.6	-13.1351
9.7	-13.2733
9.8	-13.4116
9.9	-13.5499
10.0	-13.6881
10.1	-13.8264
10.2	-13.9647
10.3	-14.1029
10.4	-14.2412
10.5	-14.3794
10.6	-14.5177
10.7	-14.656
10.8	-14.7942
10.9	-14.9325
11.0	-15.0708
11.1	-15.209
11.2	-15.3473
11.3	-15.4856
11.4	-15.6238
11.5	-15.7621
11.6	-15.9003
11.7	-16.0386
11.8	-16.1769
11.9	-16.3151
12.0	-16.4534
12.1	-16.5917
12.2	-16.7299
12.3	-16.8682
12.4	-17.0065
12.5	-17.1447
12.6	-17.283
12.7	-17.4213
12.8	-17.5595
12.9	-17.6978
13.0	-17.836
13.1	-17.9743
13.2	-18.1126
13.3	-18.2508
13.4	-18.3891
13.5	-18.5274
13.6	-18.6656
13.7	-18.8039
13.8	-18.9422
13.9	-19.0804
14.0	-19.2187
14.1	-19.3569
14.2	-19.4952
14.3	-19.6335
14.4	-19.7717
14.5	-19.91
14.6	-20.0483
14.7	-20.1865
14.8	-20.3248
14.9	-20.4631
15.0	-20.6013
15.1	-20.7396
15.2	-20.8778
15.3	-21.0161
15.4	-21.1544
15.5	-21.2926
15.6	-21.4309
15.7	-21.5692
15.8	-21.7074
15.9	-21.8457
16.0	-21.984
16.1	-22.1222
16.2	-22.2605
16.3	-22.3988
16.4	-22.537
16.5	-22.6753
16.6	-22.8135
16.7	-22.9518
16.8	-23.0901
16.9	-23.2283
17.0	-23.3666
17.1	-23.5049
17.2	-23.6431
17.3	-23.7814
17.4	-23.9197
17.5	-24.0579
17.6	-24.1962
17.7	-24.3344
17.8	-24.4727
17.9	-24.611
18.0	-24.7492
18.1	-24.8875
18.2	-25.0258
18.3	-25.164
18.4	-25.3023
18.5	-25.4406
18.6	-25.5788
18.7	-25.7171
18.8	-25.8554
18.9	-25.9936
19.0	-26.1319
19.1	-26.2701
19.2	-26.4084
19.3	-26.5467
19.4	-26.6849
19.5	-26.8232
19.6	-26.9615
19.7	-27.0997
19.8	-27.238
19.9	-27.3763
20.0	-27.5145
20.1	-27.6528
20.2	-27.791
20.3	-27.9293
20.4	-28.0676
20.5	-28.2058
20.6	-28.3441
20.7	-28.4824
20.8	-28.6206
20.9	-28.7589
21.0	-28.8972
21.1	-29.0354
21.2	-29.1737
21.3	-29.3119
21.4	-29.4502
21.5	-29.5885
21.6	-29.7267
21.7	-29.865
21.8	-30.0033
21.9	-30.1415
22.0	-30.2798
22.1	-30.4181
22.2	-30.5563
22.3	-30.6946
22.4	-30.8329
22.5	-30.9711
22.6	-31.1094
22.7	-31.2476
22.8	-31.3859
22.9	-31.5242
23.0	-31.6624
23.1	-31.8007
23.2	-31.939
23.3	-32.0772
23.4	-32.2155
23.5	-32.3538
23.6	-32.492
23.7	-32.6303
23.8	-32.7685
23.9	-32.9068
24.0	-33.0451
24.1	-33.1833
24.2	-33.3216
24.3	-33.4599
24.4	-33.5981
24.5	-33.7364
24.6	-33.8747
24.7	-34.0129
24.8	-34.1512
24.9	-34.2894
25.0	-34.4277
25.1	-34.566
25.2	-34.7042
25.3	-34.8425
25.4	-34.9808
25.5	-35.119
25.6	-35.2573
25.7	-35.3956
25.8	-35.5338
25.9	-35.6721
26.0	-35.8104
26.1	-35.9486
26.2	-36.0869
26.3	-36.2251
26.4	-36.3634
26.5	-36.5017
26.6	-36.6399
26.7	-36.7782
26.8	-36.9165
26.9	-37.0547
27.0	-37.193
27.1	-37.3313
27.2	-37.4695
27.3	-37.6078
27.4	-37.746
27.5	-37.8843
27.6	-38.0226
27.7	-38.1608
27.8	-38.2991
27.9	-38.4374
28.0	-38.5756
28.1	-38.7139
28.2	-38.8522
28.3	-38.9904
28.4	-39.1287
28.5	-39.267
28.6	-39.4052
28.7	-39.5435
28.8	-39.6817
28.9	-39.82
29.0	-39.9583
29.1	-40.0965
29.2	-40.2348
29.3	-40.3731
29.4	-40.5113
29.5	-40.6496
29.6	-40.7879
29.7	-40.9261
29.8	-41.0644
29.9	-41.2026
30.0	-41.3409
30.1	-41.4792
30.2	-41.6174
30.3	-41.7557
30.4	-41.894
30.5	-42.0322
30.6	-42.1705
30.7	-42.3088
30.8	-42.447
30.9	-42.5853
31.0	-42.7235
31.1	-42.8618
31.2	-43.0001
31.3	-43.1383
31.4	-43.2766
31.5	-43.4149
31.6	-43.5531
31.7	-43.6914
31.8	-43.8297
31.9	-43.9679
32.0	-44.1062
32.1	-44.2445
32.2	-44.3827
32.3	-44.521
32.4	-44.6592
32.5	-44.7975
32.6	-44.9358
32.7	-45.074
32.8	-45.2123
32.9	-45.3506
33.0	-45.4888
33.1	-45.6271
33.2	-45.7654
33.3	-45.9036
33.4	-46.0419
33.5	-46.1801
33.6	-46.3184
33.7	-46.4567
33.8	-46.5949
33.9	-46.7332
34.0	-46.8715
34.1	-47.0097
34.2	-47.148
34.3	-47.2863
34.4	-47.4245
34.5	-47.5628
34.6	-47.701
34.7	-47.8393
34.8	-47.9776
34.9	-48.1158
35.0	-48.2541
35.1	-48.3924
35.2	-48.5306
35.3	-48.6689
35.4	-48.8072
35.5	-48.9454
35.6	-49.0837
35.7	-49.222
35.8	-49.3602
35.9	-49.4985
36.0	-49.6367
36.1	-49.775
36.2	-49.9133
36.3	-50.0515
36.4	-50.1898
36.5	-50.3281
36.6	-50.4663
36.7	-50.6046
36.8	-50.7429
36.9	-50.8811
37.0	-51.0194
37.1	-51.1576
37.2	-51.2959
37.3	-51.4342
37.4	-51.5724
37.5	-51.7107
37.6	-51.849
37.7	-51.9872
37.8	-52.1255
37.9	-52.2638
38.0	-52.402
38.1	-52.5403
38.2	-52.6785
38.3	-52.8168
38.4	-52.9551
38.5	-53.0933
38.6	-53.2316
38.7	-53.3699
38.8	-53.5081
38.9	-53.6464
39.0	-53.7847
39.1	-53.9229
39.2	-54.0612
39.3	-54.1995
39.4	-54.3377
39.5	-54.476
39.6	-54.6142
39.7	-54.7525
39.8	-54.8908
39.9	-55.029
40.0	-55.1673
40.1	-55.3056
40.2	-55.4438
40.3	-55.5821
40.4	-55.7204
40.5	-55.8586
40.6	-55.9969
40.7	-56.1351
40.8	-56.2734
40.9	-56.4117
41.0	-56.5499
41.1	-56.6882
41.2	-56.8265
41.3	-56.9647
41.4	-57.103
41.5	-57.2413
41.6	-57.3795
41.7	-57.5178
41.8	-57.656
41.9	-57.7943
42.0	-57.9326
42.1	-58.0708
42.2	-58.2091
42.3	-58.3474
42.4	-58.4856
42.5	-58.6239
42.6	-58.7622
42.7	-58.9004
42.8	-59.0387
42.9	-59.177
43.0	-59.3152
43.1	-59.4535
43.2	-59.5917
43.3	-59.73
43.4	-59.8683
43.5	-60.0065
43.6	-60.1448
43.7	-60.2831
43.8	-60.4213
43.9	-60.5596
44.0	-60.6979
44.1	-60.8361
44.2	-60.9744
44.3	-61.1126
44.4	-61.2509
44.5	-61.3892
44.6	-61.5274
44.7	-61.6657
44.8	-61.804
44.9	-61.9422
45.0	-62.0805
45.1	-62.2188
45.2	-62.357
45.3	-62.4953
45.4	-62.6335
45.5	-62.7718
45.6	-62.9101
45.7	-63.0483
45.8	-63.1866
45.9	-63.3249
46.0	-63.4631
46.1	-63.6014
46.2	-63.7397
46.3	-63.8779
46.4	-64.0162
46.5	-64.1545
46.6	-64.2927
46.7	-64.431
46.8	-64.5692
46.9	-64.7075
47.0	-64.8458
47.1	-64.984
47.2	-65.1223
47.3	-65.2606
47.4	-65.3988
47.5	-65.5371
47.6	-65.6754
47.7	-65.8136
47.8	-65.9519
47.9	-66.0901
48.0	-66.2284
48.1	-66.3667
48.2	-66.5049
48.3	-66.6432
48.4	-66.7815
48.5	-66.9197
48.6	-67.058
48.7	-67.1963
48.8	-67.3345
48.9	-67.4728
49.0	-67.6111
49.1	-67.7493
49.2	-67.8876
49.3	-68.0258
49.4	-68.1641
49.5	-68.3024
49.6	-68.4406
49.7	-68.5789
49.8	-68.7172
49.9	-68.8554
50.0	-68.9937

&

0.1	0.0
0.2	0.007282
0.3	0.029129
0.4	0.065541
0.5	0.116518
0.6	0.182059
0.7	0.262165
0.8	0.356836
0.9	0.466071
1.0	0.589871
1.1	0.728236
1.2	0.881166
1.3	1.04866
1.4	1.23072
1.5	1.42734
1.6	1.63853
1.7	1.86428
1.8	2.1046
1.9	2.35948
2.0	2.62893
2.1	2.91295
2.2	3.21152
2.3	3.52466
2.4	3.85237
2.5	4.19464
2.6	4.55148
2.7	4.92288
2.8	5.30884
2.9	5.70937
3.0	6.12447
3.1	6.55413
3.2	6.99835
3.3	7.45714
3.4	7.93049
3.5	8.41841
3.6	8.92089
3.7	9.43794
3.8	9.96955
3.9	10.5157
4.0	11.0765
4.1	11.6518
4.2	12.2417
4.3	12.8461
4.4	13.4651
4.5	14.0987
4.6	14.7468
4.7	15.4095
4.8	16.0867
4.9	16.7786
5.0	17.485
5.1	18.2059
5.2	18.9414
5.3	19.6915
5.4	20.4562
5.5	21.2354
5.6	22.0291
5.7	22.8375
5.8	23.6604
5.9	24.4979
6.0	25.3499
6.1	26.2165
6.2	27.0977
6.3	27.9934
6.4	28.9037
6.5	29.8286
6.6	30.768
6.7	31.722
6.8	32.6905
6.9	33.6736
7.0	34.6713
7.1	35.6836
7.2	36.7104
7.3	37.7518
7.4	38.8077
7.5	39.8782
7.6	40.9633
7.7	42.0629
7.8	43.1771
7.9	44.3059
8.0	45.4492
8.1	46.6071
8.2	47.7796
8.3	48.9666
8.4	50.1682
8.5	51.3843
8.6	52.6151
8.7	53.8603
8.8	55.1202
8.9	56.3946
9.0	57.6836
9.1	58.9871
9.2	60.3052
9.3	61.6379
9.4	62.9851
9.5	64.347
9.6	65.7233
9.7	67.1142
9.8	68.5197
9.9	69.9398
10.0	71.3744
10.1	72.8236
10.2	74.2874
10.3	75.7657
10.4	77.2586
10.5	78.766
10.6	80.288
10.7	81.8246
10.8	83.3758
10.9	84.9415
11.0	86.5217
11.1	88.1166
11.2	89.726
11.3	91.3499
11.4	92.9885
11.5	94.6416
11.6	96.3092
11.7	97.9915
11.8	99.6883
11.9	101.4
12.0	103.126
12.1	104.866
12.2	106.621
12.3	108.391
12.4	110.175
12.5	111.974
12.6	113.787
12.7	115.615
12.8	117.457
12.9	119.314
13.0	121.186
13.1	123.072
13.2	124.973
13.3	126.888
13.4	128.818
13.5	130.762
13.6	132.721
13.7	134.695
13.8	136.683
13.9	138.685
14.0	140.703
14.1	142.734
14.2	144.781
14.3	146.842
14.4	148.917
14.5	151.007
14.6	153.112
14.7	155.231
14.8	157.365
14.9	159.513
15.0	161.676
15.1	163.853
15.2	166.045
15.3	168.252
15.4	170.473
15.5	172.708
15.6	174.959
15.7	177.224
15.8	179.503
15.9	181.797
16.0	184.105
16.1	186.428
16.2	188.766
16.3	191.118
16.4	193.485
16.5	195.866
16.6	198.262
16.7	200.673
16.8	203.098
16.9	205.537
17.0	207.992
17.1	210.46
17.2	212.944
17.3	215.441
17.4	217.954
17.5	220.481
17.6	223.022
17.7	225.578
17.8	228.149
17.9	230.734
18.0	233.334
18.1	235.949
18.2	238.577
18.3	241.221
18.4	243.879
18.5	246.552
18.6	249.239
18.7	251.941
18.8	254.657
18.9	257.388
19.0	260.133
19.1	262.893
19.2	265.668
19.3	268.457
19.4	271.261
19.5	274.079
19.6	276.912
19.7	279.759
19.8	282.621
19.9	285.498
20.0	288.389
20.1	291.294
20.2	294.215
20.3	297.149
20.4	300.099
20.5	303.063
20.6	306.041
20.7	309.034
20.8	312.042
20.9	315.064
21.0	318.101
21.1	321.152
21.2	324.218
21.3	327.298
21.4	330.393
21.5	333.503
21.6	336.627
21.7	339.766
21.8	342.919
21.9	346.087
22.0	349.269
22.1	352.466
22.2	355.678
22.3	358.904
22.4	362.145
22.5	365.4
22.6	368.67
22.7	371.954
22.8	375.253
22.9	378.566
23.0	381.894
23.1	385.237
23.2	388.594
23.3	391.966
23.4	395.352
23.5	398.753
23.6	402.168
23.7	405.598
23.8	409.043
23.9	412.502
24.0	415.976
24.1	419.464
24.2	422.967
24.3	426.484
24.4	430.016
24.5	433.563
24.6	437.124
24.7	440.699
24.8	444.29
24.9	447.894
25.0	451.514
25.1	455.148
25.2	458.796
25.3	462.459
25.4	466.137
25.5	469.829
25.6	473.536
25.7	477.257
25.8	480.993
25.9	484.743
26.0	488.508
26.1	492.288
26.2	496.082
26.3	499.89
26.4	503.714
26.5	507.552
26.6	511.404
26.7	515.271
26.8	519.152
26.9	523.048
27.0	526.959
27.1	530.884
27.2	534.824
27.3	538.778
27.4	542.747
27.5	546.731
27.6	550.729
27.7	554.741
27.8	558.768
27.9	562.81
28.0	566.866
28.1	570.937
28.2	575.023
28.3	579.123
28.4	583.237
28.5	587.366
28.6	591.51
28.7	595.668
28.8	599.841
28.9	604.028
29.0	608.23
29.1	612.447
29.2	616.678
29.3	620.923
29.4	625.183
29.5	629.458
29.6	633.748
29.7	638.051
29.8	642.37
29.9	646.703
30.0	651.05
30.1	655.413
30.2	659.789
30.3	664.181
30.4	668.586
30.5	673.007
30.6	677.442
30.7	681.891
30.8	686.355
30.9	690.834
31.0	695.327
31.1	699.835
31.2	704.357
31.3	708.894
31.4	713.446
31.5	718.012
31.6	722.592
31.7	727.188
31.8	731.797
31.9	736.422
32.0	741.06
32.1	745.714
32.2	750.382
32.3	755.064
32.4	759.762
32.5	764.473
32.6	769.199
32.7	773.94
32.8	778.696
32.9	783.466
33.0	788.25
33.1	793.049
33.2	797.863
33.3	802.691
33.4	807.534
33.5	812.391
33.6	817.263
33.7	822.15
33.8	827.051
33.9	831.966
34.0	836.896
34.1	841.841
34.2	846.8
34.3	851.774
34.4	856.763
34.5	861.766
34.6	866.783
34.7	871.815
34.8	876.862
34.9	881.923
35.0	886.999
35.1	892.089
35.2	897.194
35.3	902.314
35.4	907.448
35.5	912.596
35.6	917.76
35.7	922.937
35.8	928.13
35.9	933.337
36.0	938.558
36.1	943.794
36.2	949.045
36.3	954.31
36.4	959.59
36.5	964.884
36.6	970.193
36.7	975.516
36.8	980.854
36.9	986.207
37.0	991.574
37.1	996.955
37.2	1002.35
37.3	1007.76
37.4	1013.19
37.5	1018.63
37.6	1024.08
37.7	1029.55
37.8	1035.03
37.9	1040.53
38.0	1046.05
38.1	1051.57
38.2	1057.11
38.3	1062.67
38.4	1068.24
38.5	1073.83
38.6	1079.43
38.7	1085.04
38.8	1090.67
38.9	1096.32
39.0	1101.97
39.1	1107.65
39.2	1113.33
39.3	1119.04
39.4	1124.75
39.5	1130.48
39.6	1136.23
39.7	1141.99
39.8	1147.77
39.9	1153.56
40.0	1159.36
40.1	1165.18
40.2	1171.01
40.3	1176.86
40.4	1182.72
40.5	1188.6
40.6	1194.49
40.7	1200.4
40.8	1206.32
40.9	1212.25
41.0	1218.2
41.1	1224.17
41.2	1230.14
41.3	1236.14
41.4	1242.15
41.5	1248.17
41.6	1254.2
41.7	1260.26
41.8	1266.32
41.9	1272.4
42.0	1278.5
42.1	1284.61
42.2	1290.73
42.3	1296.87
42.4	1303.03
42.5	1309.19
42.6	1315.38
42.7	1321.57
42.8	1327.79
42.9	1334.01
43.0	1340.25
43.1	1346.51
43.2	1352.78
43.3	1359.06
43.4	1365.36
43.5	1371.68
43.6	1378.0
43.7	1384.35
43.8	1390.71
43.9	1397.08
44.0	1403.46
44.1	1409.87
44.2	1416.28
44.3	1422.71
44.4	1429.16
44.5	1435.62
44.6	1442.09
44.7	1448.58
44.8	1455.08
44.9	1461.6
45.0	1468.13
45.1	1474.68
45.2	1481.24
45.3	1487.82
45.4	1494.41
45.5	1501.01
45.6	1507.63
45.7	1514.27
45.8	1520.91
45.9	1527.58
46.0	1534.26
46.1	1540.95
46.2	1547.65
46.3	1554.38
46.4	1561.11
46.5	1567.86
46.6	1574.63
46.7	1581.41
46.8	1588.2
46.9	1595.01
47.0	1601.84
47.1	1608.67
47.2	1615.53
47.3	1622.39
47.4	1629.28
47.5	1636.17
47.6	1643.08
47.7	1650.01
47.8	1656.95
47.9	1663.9
48.0	1670.87
48.1	1677.86
48.2	1684.85
48.3	1691.87
48.4	1698.89
48.5	1705.94
48.6	1712.99
48.7	1720.06
48.8	1727.15
48.9	1734.25
49.0	1741.37
49.1	1748.5
49.2	1755.64
49.3	1762.8
49.4	1769.97
49.5	1777.16
49.6	1784.36
49.7	1791.58
49.8	1798.81
49.9	1806.05
50.0	1813.32

&

