0.1	0.0
0.2	0.0
0.3	0.0
0.4	0.0
0.5	0.0
0.6	0.0
0.7	0.0
0.8	0.0
0.9	0.0
1.0	0.0
1.1	0.0
1.2	0.0
1.3	0.0
1.4	0.0
1.5	0.0
1.6	0.0
1.7	0.0
1.8	0.0
1.9	0.0
2.0	0.0
2.1	0.0
2.2	0.0
2.3	0.0
2.4	0.0
2.5	0.0
2.6	0.0
2.7	0.0
2.8	0.0
2.9	0.0
3.0	0.0
3.1	0.0
3.2	0.0
3.3	0.0
3.4	0.0
3.5	0.0
3.6	0.0
3.7	0.0
3.8	0.0
3.9	0.0
4.0	0.0
4.1	0.0
4.2	0.0
4.3	0.0
4.4	0.0
4.5	0.0
4.6	0.0
4.7	0.0
4.8	0.0
4.9	0.0
5.0	0.0
5.1	0.0
5.2	0.0
5.3	0.0
5.4	0.0
5.5	0.0
5.6	0.0
5.7	0.0
5.8	0.0
5.9	0.0
6.0	0.0
6.1	0.0
6.2	0.0
6.3	0.0
6.4	0.0
6.5	0.0
6.6	0.0
6.7	0.0
6.8	0.0
6.9	0.0
7.0	0.0
7.1	0.0
7.2	0.0
7.3	0.0
7.4	0.0
7.5	0.0
7.6	0.0
7.7	0.0
7.8	0.0
7.9	0.0
8.0	0.0
8.1	0.0
8.2	0.0
8.3	0.0
8.4	0.0
8.5	0.0
8.6	0.0
8.7	0.0
8.8	0.0
8.9	0.0
9.0	0.0
9.1	0.0
9.2	0.0
9.3	0.0
9.4	0.0
9.5	0.0
9.6	0.0
9.7	0.0
9.8	0.0
9.9	0.0
10.0	0.0
10.1	0.0
10.2	0.0
10.3	0.0
10.4	0.0
10.5	0.0
10.6	0.0
10.7	0.0
10.8	0.0
10.9	0.0
11.0	0.0
11.1	0.0
11.2	0.0
11.3	0.0
11.4	0.0
11.5	0.0
11.6	0.0
11.7	0.0
11.8	0.0
11.9	0.0
12.0	0.0
12.1	0.0
12.2	0.0
12.3	0.0
12.4	0.0
12.5	0.0
12.6	0.0
12.7	0.0
12.8	0.0
12.9	0.0
13.0	0.0
13.1	0.0
13.2	0.0
13.3	0.0
13.4	0.0
13.5	0.0
13.6	0.0
13.7	0.0
13.8	0.0
13.9	0.0
14.0	0.0
14.1	0.0
14.2	0.0
14.3	0.0
14.4	0.0
14.5	0.0
14.6	0.0
14.7	0.0
14.8	0.0
14.9	0.0
15.0	0.0
15.1	0.0
15.2	0.0
15.3	0.0
15.4	0.0
15.5	0.0
15.6	0.0
15.7	0.0
15.8	0.0
15.9	0.0
16.0	0.0
16.1	0.0
16.2	0.0
16.3	0.0
16.4	0.0
16.5	0.0
16.6	0.0
16.7	0.0
16.8	0.0
16.9	0.0
17.0	0.0
17.1	0.0
17.2	0.0
17.3	0.0
17.4	0.0
17.5	0.0
17.6	0.0
17.7	0.0
17.8	0.0
17.9	0.0
18.0	0.0
18.1	0.0
18.2	0.0
18.3	0.0
18.4	0.0
18.5	0.0
18.6	0.0
18.7	0.0
18.8	0.0
18.9	0.0
19.0	0.0
19.1	0.0
19.2	0.0
19.3	0.0
19.4	0.0
19.5	0.0
19.6	0.0
19.7	0.0
19.8	0.0
19.9	0.0
20.0	0.0
20.1	0.0
20.2	0.0
20.3	0.0
20.4	0.0
20.5	0.0
20.6	0.0
20.7	0.0
20.8	0.0
20.9	0.0
21.0	0.0
21.1	0.0
21.2	0.0
21.3	0.0
21.4	0.0
21.5	0.0
21.6	0.0
21.7	0.0
21.8	0.0
21.9	0.0
22.0	0.0
22.1	0.0
22.2	0.0
22.3	0.0
22.4	0.0
22.5	0.0
22.6	0.0
22.7	0.0
22.8	0.0
22.9	0.0
23.0	0.0
23.1	0.0
23.2	0.0
23.3	0.0
23.4	0.0
23.5	0.0
23.6	0.0
23.7	0.0
23.8	0.0
23.9	0.0
24.0	0.0
24.1	0.0
24.2	0.0
24.3	0.0
24.4	0.0
24.5	0.0
24.6	0.0
24.7	0.0
24.8	0.0
24.9	0.0
25.0	0.0
25.1	0.0
25.2	0.0
25.3	0.0
25.4	0.0
25.5	0.0
25.6	0.0
25.7	0.0
25.8	0.0
25.9	0.0
26.0	0.0
26.1	0.0
26.2	0.0
26.3	0.0
26.4	0.0
26.5	0.0
26.6	0.0
26.7	0.0
26.8	0.0
26.9	0.0
27.0	0.0
27.1	0.0
27.2	0.0
27.3	0.0
27.4	0.0
27.5	0.0
27.6	0.0
27.7	0.0
27.8	0.0
27.9	0.0
28.0	0.0
28.1	0.0
28.2	0.0
28.3	0.0
28.4	0.0
28.5	0.0
28.6	0.0
28.7	0.0
28.8	0.0
28.9	0.0
29.0	0.0
29.1	0.0
29.2	0.0
29.3	0.0
29.4	0.0
29.5	0.0
29.6	0.0
29.7	0.0
29.8	0.0
29.9	0.0
30.0	0.0
30.1	0.0
30.2	0.0
30.3	0.0
30.4	0.0
30.5	0.0
30.6	0.0
30.7	0.0
30.8	0.0
30.9	0.0
31.0	0.0
31.1	0.0
31.2	0.0
31.3	0.0
31.4	0.0
31.5	0.0
31.6	0.0
31.7	0.0
31.8	0.0
31.9	0.0
32.0	0.0
32.1	0.0
32.2	0.0
32.3	0.0
32.4	0.0
32.5	0.0
32.6	0.0
32.7	0.0
32.8	0.0
32.9	0.0
33.0	0.0
33.1	0.0
33.2	0.0
33.3	0.0
33.4	0.0
33.5	0.0
33.6	0.0
33.7	0.0
33.8	0.0
33.9	0.0
34.0	0.0
34.1	0.0
34.2	0.0
34.3	0.0
34.4	0.0
34.5	0.0
34.6	0.0
34.7	0.0
34.8	0.0
34.9	0.0
35.0	0.0
35.1	0.0
35.2	0.0
35.3	0.0
35.4	0.0
35.5	0.0
35.6	0.0
35.7	0.0
35.8	0.0
35.9	0.0
36.0	0.0
36.1	0.0
36.2	0.0
36.3	0.0
36.4	0.0
36.5	0.0
36.6	0.0
36.7	0.0
36.8	0.0
36.9	0.0
37.0	0.0
37.1	0.0
37.2	0.0
37.3	0.0
37.4	0.0
37.5	0.0
37.6	0.0
37.7	0.0
37.8	0.0
37.9	0.0
38.0	0.0
38.1	0.0
38.2	0.0
38.3	0.0
38.4	0.0
38.5	0.0
38.6	0.0
38.7	0.0
38.8	0.0
38.9	0.0
39.0	0.0
39.1	0.0
39.2	0.0
39.3	0.0
39.4	0.0
39.5	0.0
39.6	0.0
39.7	0.0
39.8	0.0
39.9	0.0
40.0	0.0
40.1	0.0
40.2	0.0
40.3	0.0
40.4	0.0
40.5	0.0
40.6	0.0
40.7	0.0
40.8	0.0
40.9	0.0
41.0	0.0
41.1	0.0
41.2	0.0
41.3	0.0
41.4	0.0
41.5	0.0
41.6	0.0
41.7	0.0
41.8	0.0
41.9	0.0
42.0	0.0
42.1	0.0
42.2	0.0
42.3	0.0
42.4	0.0
42.5	0.0
42.6	0.0
42.7	0.0
42.8	0.0
42.9	0.0
43.0	0.0
43.1	0.0
43.2	0.0
43.3	0.0
43.4	0.0
43.5	0.0
43.6	0.0
43.7	0.0
43.8	0.0
43.9	0.0
44.0	0.0
44.1	0.0
44.2	0.0
44.3	0.0
44.4	0.0
44.5	0.0
44.6	0.0
44.7	0.0
44.8	0.0
44.9	0.0
45.0	0.0
45.1	0.0
45.2	0.0
45.3	0.0
45.4	0.0
45.5	0.0
45.6	0.0
45.7	0.0
45.8	0.0
45.9	0.0
46.0	0.0
46.1	0.0
46.2	0.0
46.3	0.0
46.4	0.0
46.5	0.0
46.6	0.0
46.7	0.0
46.8	0.0
46.9	0.0
47.0	0.0
47.1	0.0
47.2	0.0
47.3	0.0
47.4	0.0
47.5	0.0
47.6	0.0
47.7	0.0
47.8	0.0
47.9	0.0
48.0	0.0
48.1	0.0
48.2	0.0
48.3	0.0
48.4	0.0
48.5	0.0
48.6	0.0
48.7	0.0
48.8	0.0
48.9	0.0
49.0	0.0
49.1	0.0
49.2	0.0
49.3	0.0
49.4	0.0
49.5	0.0
49.6	0.0
49.7	0.0
49.8	0.0
49.9	0.0
50.0	0.0

&

0.1	0.0
0.2	-0.110915
0.3	-0.22183
0.4	-0.332745
0.5	-0.44366
0.6	-0.554575
0.7	-0.66549
0.8	-0.776405
0.9	-0.88732
1.0	-0.998235
1.1	-1.10915
1.2	-1.22006
1.3	-1.33098
1.4	-1.44189
1.5	-1.55281
1.6	-1.66372
1.7	-1.77464
1.8	-1.88556
1.9	-1.99647
2.0	-2.10738
2.1	-2.2183
2.2	-2.32922
2.3	-2.44013
2.4	-2.55104
2.5	-2.66196
2.6	-2.77287
2.7	-2.88379
2.8	-2.99471
2.9	-3.10562
3.0	-3.21653
3.1	-3.32745
3.2	-3.43837
3.3	-3.54928
3.4	-3.66019
3.5	-3.77111
3.6	-3.88203
3.7	-3.99294
3.8	-4.10386
3.9	-4.21477
4.0	-4.32569
4.1	-4.4366
4.2	-4.54751
4.3	-4.65843
4.4	-4.76935
4.5	-4.88026
4.6	-4.99118
4.7	-5.10209
4.8	-5.213
4.9	-5.32392
5.0	-5.43483
5.1	-5.54575
5.2	-5.65667
5.3	-5.76758
5.4	-5.8785
5.5	-5.98941
5.6	-6.10032
5.7	-6.21124
5.8	-6.32216
5.9	-6.43307
6.0	-6.54399
6.1	-6.6549
6.2	-6.76581
6.3	-6.87673
6.4	-6.98764
6.5	-7.09856
6.6	-7.20948
6.7	-7.32039
6.8	-7.43131
6.9	-7.54222
7.0	-7.65313
7.1	-7.76405
7.2	-7.87497
7.3	-7.98588
7.4	-8.0968
7.5	-8.20771
7.6	-8.31863
7.7	-8.42954
7.8	-8.54045
7.9	-8.65137
8.0	-8.76229
8.1	-8.8732
8.2	-8.98411
8.3	-9.09503
8.4	-9.20594
8.5	-9.31686
8.6	-9.42778
8.7	-9.53869
8.8	-9.6496
8.9	-9.76052
9.0	-9.87143
9.1	-9.98235
9.2	-10.0933
9.3	-10.2042
9.4	-10.3151
9.5	-10.426
9.6	-10.5369
9.7	-10.6478
9.8	-10.7588
9.9	-10.8697
10.0	-10.9806
10.1	-11.0915
10.2	-11.2024
10.3	-11.3133
10.4	-11.4242
10.5	-11.5352
10.6	-11.6461
10.7	-11.757
10.8	-11.8679
10.9	-11.9788
11.0	-12.0897
11.1	-12.2006
11.2	-12.3116
11.3	-12.4225
11.4	-12.5334
11.5	-12.6443
11.6	-12.7552
11.7	-12.8661
11.8	-12.9771
11.9	-13.088
12.0	-13.1989
12.1	-13.3098
12.2	-13.4207
12.3	-13.5316
12.4	-13.6425
12.5	-13.7535
12.6	-13.8644
12.7	-13.9753
12.8	-14.0862
12.9	-14.1971
13.0	-14.308
13.1	-14.419
13.2	-14.5299
13.3	-14.6408
13.4	-14.7517
13.5	-14.8626
13.6	-14.9735
13.7	-15.0844
13.8	-15.1954
13.9	-15.3063
14.0	-15.4172
14.1	-15.5281
14.2	-15.639
14.3	-15.7499
14.4	-15.8608
14.5	-15.9718
14.6	-16.0827
14.7	-16.1936
14.8	-16.3045
14.9	-16.4154
15.0	-16.5263
15.1	-16.6373
15.2	-16.7482
15.3	-16.8591
15.4	-16.97
15.5	-17.0809
15.6	-17.1918
15.7	-17.3027
15.8	-17.4137
15.9	-17.5246
16.0	-17.6355
16.1	-17.7464
16.2	-17.8573
16.3	-17.9682
16.4	-18.0791
16.5	-18.1901
16.6	-18.301
16.7	-18.4119
16.8	-18.5228
16.9	-18.6337
17.0	-18.7446
17.1	-18.8556
17.2	-18.9665
17.3	-19.0774
17.4	-19.1883
17.5	-19.2992
17.6	-19.4101
17.7	-19.521
17.8	-19.632
17.9	-19.7429
18.0	-19.8538
18.1	-19.9647
18.2	-20.0756
18.3	-20.1865
18.4	-20.2974
18.5	-20.4084
18.6	-20.5193
18.7	-20.6302
18.8	-20.7411
18.9	-20.852
19.0	-20.9629
19.1	-21.0739
19.2	-21.1848
19.3	-21.2957
19.4	-21.4066
19.5	-21.5175
19.6	-21.6284
19.7	-21.7393
19.8	-21.8503
19.9	-21.9612
20.0	-22.0721
20.1	-22.183
20.2	-22.2939
20.3	-22.4048
20.4	-22.5157
20.5	-22.6267
20.6	-22.7376
20.7	-22.8485
20.8	-22.9594
20.9	-23.0703
21.0	-23.1812
21.1	-23.2921
21.2	-23.4031
21.3	-23.514
21.4	-23.6249
21.5	-23.7358
21.6	-23.8467
21.7	-23.9576
21.8	-24.0686
21.9	-24.1795
22.0	-24.2904
22.1	-24.4013
22.2	-24.5122
22.3	-24.6231
22.4	-24.734
22.5	-24.845
22.6	-24.9559
22.7	-25.0668
22.8	-25.1777
22.9	-25.2886
23.0	-25.3995
23.1	-25.5105
23.2	-25.6214
23.3	-25.7323
23.4	-25.8432
23.5	-25.9541
23.6	-26.065
23.7	-26.1759
23.8	-26.2869
23.9	-26.3978
24.0	-26.5087
24.1	-26.6196
24.2	-26.7305
24.3	-26.8414
24.4	-26.9523
24.5	-27.0633
24.6	-27.1742
24.7	-27.2851
24.8	-27.396
24.9	-27.5069
25.0	-27.6178
25.1	-27.7288
25.2	-27.8397
25.3	-27.9506
25.4	-28.0615
25.5	-28.1724
25.6	-28.2833
25.7	-28.3942
25.8	-28.5052
25.9	-28.6161
26.0	-28.727
26.1	-28.8379
26.2	-28.9488
26.3	-29.0597
26.4	-29.1706
26.5	-29.2816
26.6	-29.3925
26.7	-29.5034
26.8	-29.6143
26.9	-29.7252
27.0	-29.8361
27.1	-29.9471
27.2	-30.058
27.3	-30.1689
27.4	-30.2798
27.5	-30.3907
27.6	-30.5016
27.7	-30.6125
27.8	-30.7235
27.9	-30.8344
28.0	-30.9453
28.1	-31.0562
28.2	-31.1671
28.3	-31.278
28.4	-31.3889
28.5	-31.4999
28.6	-31.6108
28.7	-31.7217
28.8	-31.8326
28.9	-31.9435
29.0	-32.0544
29.1	-32.1654
29.2	-32.2763
29.3	-32.3872
29.4	-32.4981
29.5	-32.609
29.6	-32.7199
29.7	-32.8308
29.8	-32.9418
29.9	-33.0527
30.0	-33.1636
30.1	-33.2745
30.2	-33.3854
30.3	-33.4963
30.4	-33.6072
30.5	-33.7182
30.6	-33.8291
30.7	-33.94
30.8	-34.0509
30.9	-34.1618
31.0	-34.2727
31.1	-34.3837
31.2	-34.4946
31.3	-34.6055
31.4	-34.7164
31.5	-34.8273
31.6	-34.9382
31.7	-35.0491
31.8	-35.1601
31.9	-35.271
32.0	-35.3819
32.1	-35.4928
32.2	-35.6037
32.3	-35.7146
32.4	-35.8255
32.5	-35.9365
32.6	-36.0474
32.7	-36.1583
32.8	-36.2692
32.9	-36.3801
33.0	-36.491
33.1	-36.602
33.2	-36.7129
33.3	-36.8238
33.4	-36.9347
33.5	-37.0456
33.6	-37.1565
33.7	-37.2674
33.8	-37.3784
33.9	-37.4893
34.0	-37.6002
34.1	-37.7111
34.2	-37.822
34.3	-37.9329
34.4	-38.0438
34.5	-38.1548
34.6	-38.2657
34.7	-38.3766
34.8	-38.4875
34.9	-38.5984
35.0	-38.7093
35.1	-38.8203
35.2	-38.9312
35.3	-39.0421
35.4	-39.153
35.5	-39.2639
35.6	-39.3748
35.7	-39.4857
35.8	-39.5967
35.9	-39.7076
36.0	-39.8185
36.1	-39.9294
36.2	-40.0403
36.3	-40.1512
36.4	-40.2621
36.5	-40.3731
36.6	-40.484
36.7	-40.5949
36.8	-40.7058
36.9	-40.8167
37.0	-40.9276
37.1	-41.0386
37.2	-41.1495
37.3	-41.2604
37.4	-41.3713
37.5	-41.4822
37.6	-41.5931
37.7	-41.704
37.8	-41.815
37.9	-41.9259
38.0	-42.0368
38.1	-42.1477
38.2	-42.2586
38.3	-42.3695
38.4	-42.4804
38.5	-42.5914
38.6	-42.7023
38.7	-42.8132
38.8	-42.9241
38.9	-43.035
39.0	-43.1459
39.1	-43.2569
39.2	-43.3678
39.3	-43.4787
39.4	-43.5896
39.5	-43.7005
39.6	-43.8114
39.7	-43.9223
39.8	-44.0333
39.9	-44.1442
40.0	-44.2551
40.1	-44.366
40.2	-44.4769
40.3	-44.5878
40.4	-44.6987
40.5	-44.8097
40.6	-44.9206
40.7	-45.0315
40.8	-45.1424
40.9	-45.2533
41.0	-45.3642
41.1	-45.4752
41.2	-45.5861
41.3	-45.697
41.4	-45.8079
41.5	-45.9188
41.6	-46.0297
41.7	-46.1406
41.8	-46.2516
41.9	-46.3625
42.0	-46.4734
42.1	-46.5843
42.2	-46.6952
42.3	-46.8061
42.4	-46.917
42.5	-47.028
42.6	-47.1389
42.7	-47.2498
42.8	-47.3607
42.9	-47.4716
43.0	-47.5825
43.1	-47.6935
43.2	-47.8044
43.3	-47.9153
43.4	-48.0262
43.5	-48.1371
43.6	-48.248
43.7	-48.3589
43.8	-48.4699
43.9	-48.5808
44.0	-48.6917
44.1	-48.8026
44.2	-48.9135
44.3	-49.0244
44.4	-49.1353
44.5	-49.2463
44.6	-49.3572
44.7	-49.4681
44.8	-49.579
44.9	-49.6899
45.0	-49.8008
45.1	-49.9118
45.2	-50.0227
45.3	-50.1336
45.4	-50.2445
45.5	-50.3554
45.6	-50.4663
45.7	-50.5772
45.8	-50.6882
45.9	-50.7991
46.0	-50.91
46.1	-51.0209
46.2	-51.1318
46.3	-51.2427
46.4	-51.3536
46.5	-51.4646
46.6	-51.5755
46.7	-51.6864
46.8	-51.7973
46.9	-51.9082
47.0	-52.0191
47.1	-52.1301
47.2	-52.241
47.3	-52.3519
47.4	-52.4628
47.5	-52.5737
47.6	-52.6846
47.7	-52.7955
47.8	-52.9065
47.9	-53.0174
48.0	-53.1283
48.1	-53.2392
48.2	-53.3501
48.3	-53.461
48.4	-53.5719
48.5	-53.6829
48.6	-53.7938
48.7	-53.9047
48.8	-54.0156
48.9	-54.1265
49.0	-54.2374
49.1	-54.3484
49.2	-54.4593
49.3	-54.5702
49.4	-54.6811
49.5	-54.792
49.6	-54.9029
49.7	-55.0138
49.8	-55.1248
49.9	-55.2357
50.0	-55.3466

&

0.1	0.0
0.2	0.004686
0.3	0.018745
0.4	0.042177
0.5	0.074982
0.6	0.117159
0.7	0.168709
0.8	0.229631
0.9	0.299927
1.0	0.379595
1.1	0.468636
1.2	0.567049
1.3	0.674835
1.4	0.791994
1.5	0.918526
1.6	1.05443
1.7	1.19971
1.8	1.35436
1.9	1.51838
2.0	1.69177
2.1	1.87454
2.2	2.06668
2.3	2.2682
2.4	2.47908
2.5	2.69934
2.6	2.92897
2.7	3.16798
2.8	3.41635
2.9	3.6741
3.0	3.94123
3.1	4.21772
3.2	4.50359
3.3	4.79883
3.4	5.10344
3.5	5.41743
3.6	5.74078
3.7	6.07352
3.8	6.41562
3.9	6.7671
4.0	7.12795
4.1	7.49817
4.2	7.87776
4.3	8.26673
4.4	8.66507
4.5	9.07278
4.6	9.48987
4.7	9.91633
4.8	10.3522
4.9	10.7974
5.0	11.2519
5.1	11.7159
5.2	12.1892
5.3	12.6719
5.4	13.164
5.5	13.6654
5.6	14.1762
5.7	14.6964
5.8	15.226
5.9	15.7649
6.0	16.3132
6.1	16.8709
6.2	17.4379
6.3	18.0143
6.4	18.6001
6.5	19.1953
6.6	19.7999
6.7	20.4138
6.8	21.037
6.9	21.6697
7.0	22.3117
7.1	22.9631
7.2	23.6239
7.3	24.2941
7.4	24.9736
7.5	25.6625
7.6	26.3607
7.7	27.0684
7.8	27.7854
7.9	28.5118
8.0	29.2475
8.1	29.9927
8.2	30.7472
8.3	31.5111
8.4	32.2843
8.5	33.0669
8.6	33.8589
8.7	34.6603
8.8	35.471
8.9	36.2911
9.0	37.1206
9.1	37.9595
9.2	38.8077
9.3	39.6653
9.4	40.5323
9.5	41.4086
9.6	42.2944
9.7	43.1894
9.8	44.0939
9.9	45.0078
10.0	45.931
10.1	46.8636
10.2	47.8055
10.3	48.7568
10.4	49.7175
10.5	50.6876
10.6	51.6671
10.7	52.6559
10.8	53.6541
10.9	54.6616
11.0	55.6786
11.1	56.7049
11.2	57.7406
11.3	58.7856
11.4	59.8401
11.5	60.9039
11.6	61.977
11.7	63.0596
11.8	64.1515
11.9	65.2528
12.0	66.3635
12.1	67.4835
12.2	68.6129
12.3	69.7517
12.4	70.8999
12.5	72.0574
12.6	73.2243
12.7	74.4006
12.8	75.5862
12.9	76.7812
13.0	77.9856
13.1	79.1994
13.2	80.4225
13.3	81.6551
13.4	82.8969
13.5	84.1482
13.6	85.4088
13.7	86.6788
13.8	87.9582
13.9	89.2469
14.0	90.5451
14.1	91.8526
14.2	93.1694
14.3	94.4957
14.4	95.8313
14.5	97.1763
14.6	98.5306
14.7	99.8943
14.8	101.267
14.9	102.65
15.0	104.042
15.1	105.443
15.2	106.854
15.3	108.274
15.4	109.703
15.5	111.142
15.6	112.59
15.7	114.047
15.8	115.514
15.9	116.99
16.0	118.476
16.1	119.971
16.2	121.475
16.3	122.989
16.4	124.512
16.5	126.044
16.6	127.586
16.7	129.137
16.8	130.698
16.9	132.268
17.0	133.847
17.1	135.436
17.2	137.034
17.3	138.641
17.4	140.258
17.5	141.884
17.6	143.52
17.7	145.165
17.8	146.819
17.9	148.482
18.0	150.156
18.1	151.838
18.2	153.53
18.3	155.231
18.4	156.941
18.5	158.661
18.6	160.391
18.7	162.129
18.8	163.877
18.9	165.635
19.0	167.401
19.1	169.177
19.2	170.963
19.3	172.758
19.4	174.562
19.5	176.376
19.6	178.199
19.7	180.031
19.8	181.873
19.9	183.724
20.0	185.584
20.1	187.454
20.2	189.333
20.3	191.222
20.4	193.12
20.5	195.027
20.6	196.944
20.7	198.87
20.8	200.806
20.9	202.75
21.0	204.705
21.1	206.668
21.2	208.641
21.3	210.624
21.4	212.615
21.5	214.616
21.6	216.627
21.7	218.647
21.8	220.676
21.9	222.714
22.0	224.762
22.1	226.82
22.2	228.886
22.3	230.962
22.4	233.048
22.5	235.143
22.6	237.247
22.7	239.36
22.8	241.483
22.9	243.615
23.0	245.757
23.1	247.908
23.2	250.069
23.3	252.238
23.4	254.418
23.5	256.606
23.6	258.804
23.7	261.011
23.8	263.228
23.9	265.454
24.0	267.689
24.1	269.934
24.2	272.188
24.3	274.452
24.4	276.725
24.5	279.007
24.6	281.298
24.7	283.599
24.8	285.91
24.9	288.23
25.0	290.559
25.1	292.897
25.2	295.245
25.3	297.602
25.4	299.969
25.5	302.345
25.6	304.73
25.7	307.125
25.8	309.529
25.9	311.943
26.0	314.365
26.1	316.798
26.2	319.239
26.3	321.69
26.4	324.151
26.5	326.62
26.6	329.099
26.7	331.588
26.8	334.086
26.9	336.593
27.0	339.109
27.1	341.635
27.2	344.171
27.3	346.715
27.4	349.269
27.5	351.833
27.6	354.406
27.7	356.988
27.8	359.579
27.9	362.18
28.0	364.791
28.1	367.41
28.2	370.039
28.3	372.678
28.4	375.325
28.5	377.983
28.6	380.649
28.7	383.325
28.8	386.01
28.9	388.705
29.0	391.409
29.1	394.122
29.2	396.845
29.3	399.577
29.4	402.319
29.5	405.07
29.6	407.83
29.7	410.6
29.8	413.379
29.9	416.167
30.0	418.965
30.1	421.772
30.2	424.588
30.3	427.414
30.4	430.25
30.5	433.094
30.6	435.948
30.7	438.812
30.8	441.684
30.9	444.566
31.0	447.458
31.1	450.359
31.2	453.269
31.3	456.189
31.4	459.118
31.5	462.056
31.6	465.004
31.7	467.961
31.8	470.927
31.9	473.903
32.0	476.888
32.1	479.883
32.2	482.887
32.3	485.9
32.4	488.923
32.5	491.955
32.6	494.996
32.7	498.047
32.8	501.107
32.9	504.177
33.0	507.256
33.1	510.344
33.2	513.442
33.3	516.549
33.4	519.665
33.5	522.791
33.6	525.926
33.7	529.071
33.8	532.225
33.9	535.388
34.0	538.561
34.1	541.743
34.2	544.934
34.3	548.135
34.4	551.345
34.5	554.565
34.6	557.793
34.7	561.032
34.8	564.279
34.9	567.536
35.0	570.803
35.1	574.079
35.2	577.364
35.3	580.658
35.4	583.962
35.5	587.275
35.6	590.598
35.7	593.93
35.8	597.271
35.9	600.622
36.0	603.982
36.1	607.352
36.2	610.73
36.3	614.119
36.4	617.516
36.5	620.923
36.6	624.34
36.7	627.765
36.8	631.2
36.9	634.645
37.0	638.099
37.1	641.562
37.2	645.035
37.3	648.517
37.4	652.008
37.5	655.509
37.6	659.019
37.7	662.538
37.8	666.067
37.9	669.605
38.0	673.153
38.1	676.71
38.2	680.276
38.3	683.852
38.4	687.437
38.5	691.031
38.6	694.635
38.7	698.248
38.8	701.871
38.9	705.503
39.0	709.144
39.1	712.795
39.2	716.455
39.3	720.124
39.4	723.803
39.5	727.491
39.6	731.189
39.7	734.895
39.8	738.612
39.9	742.337
40.0	746.072
40.1	749.817
40.2	753.571
40.3	757.334
40.4	761.106
40.5	764.888
40.6	768.679
40.7	772.48
40.8	776.29
40.9	780.109
41.0	783.938
41.1	787.776
41.2	791.624
41.3	795.481
41.4	799.347
41.5	803.223
41.6	807.108
41.7	811.002
41.8	814.906
41.9	818.819
42.0	822.741
42.1	826.673
42.2	830.614
42.3	834.565
42.4	838.525
42.5	842.494
42.6	846.473
42.7	850.461
42.8	854.458
42.9	858.465
43.0	862.481
43.1	866.507
43.2	870.542
43.3	874.586
43.4	878.64
43.5	882.703
43.6	886.776
43.7	890.857
43.8	894.949
43.9	899.049
44.0	903.159
44.1	907.278
44.2	911.407
44.3	915.545
44.4	919.693
44.5	923.849
44.6	928.015
44.7	932.191
44.8	936.376
44.9	940.57
45.0	944.774
45.1	948.987
45.2	953.209
45.3	957.441
45.4	961.682
45.5	965.933
45.6	970.193
45.7	974.462
45.8	978.741
45.9	983.029
46.0	987.326
46.1	991.633
46.2	995.949
46.3	1000.27
46.4	1004.61
46.5	1008.95
46.6	1013.31
46.7	1017.67
46.8	1022.04
46.9	1026.42
47.0	1030.82
47.1	1035.22
47.2	1039.63
47.3	1044.04
47.4	1048.47
47.5	1052.91
47.6	1057.36
47.7	1061.82
47.8	1066.28
47.9	1070.76
48.0	1075.24
48.1	1079.74
48.2	1084.24
48.3	1088.75
48.4	1093.28
48.5	1097.81
48.6	1102.35
48.7	1106.9
48.8	1111.46
48.9	1116.03
49.0	1120.61
49.1	1125.19
49.2	1129.79
49.3	1134.4
49.4	1139.01
49.5	1143.64
49.6	1148.27
49.7	1152.92
49.8	1157.57
49.9	1162.23
50.0	1166.91

&

