0.1	0.0
0.2	0.0
0.3	0.0
0.4	0.0
0.5	0.0
0.6	0.0
0.7	0.0
0.8	0.0
0.9	0.0
1.0	0.0
1.1	0.0
1.2	0.0
1.3	0.0
1.4	0.0
1.5	0.0
1.6	0.0
1.7	0.0
1.8	0.0
1.9	0.0
2.0	0.0
2.1	0.0
2.2	0.0
2.3	0.0
2.4	0.0
2.5	0.0
2.6	0.0
2.7	0.0
2.8	0.0
2.9	0.0
3.0	0.0
3.1	0.0
3.2	0.0
3.3	0.0
3.4	0.0
3.5	0.0
3.6	0.0
3.7	0.0
3.8	0.0
3.9	0.0
4.0	0.0
4.1	0.0
4.2	0.0
4.3	0.0
4.4	0.0
4.5	0.0
4.6	0.0
4.7	0.0
4.8	0.0
4.9	0.0
5.0	0.0
5.1	0.0
5.2	0.0
5.3	0.0
5.4	0.0
5.5	0.0
5.6	0.0
5.7	0.0
5.8	0.0
5.9	0.0
6.0	0.0
6.1	0.0
6.2	0.0
6.3	0.0
6.4	0.0
6.5	0.0
6.6	0.0
6.7	0.0
6.8	0.0
6.9	0.0
7.0	0.0
7.1	0.0
7.2	0.0
7.3	0.0
7.4	0.0
7.5	0.0
7.6	0.0
7.7	0.0
7.8	0.0
7.9	0.0
8.0	0.0
8.1	0.0
8.2	0.0
8.3	0.0
8.4	0.0
8.5	0.0
8.6	0.0
8.7	0.0
8.8	0.0
8.9	0.0
9.0	0.0
9.1	0.0
9.2	0.0
9.3	0.0
9.4	0.0
9.5	0.0
9.6	0.0
9.7	0.0
9.8	0.0
9.9	0.0
10.0	0.0
10.1	0.0
10.2	0.0
10.3	0.0
10.4	0.0
10.5	0.0
10.6	0.0
10.7	0.0
10.8	0.0
10.9	0.0
11.0	0.0
11.1	0.0
11.2	0.0
11.3	0.0
11.4	0.0
11.5	0.0
11.6	0.0
11.7	0.0
11.8	0.0
11.9	0.0
12.0	0.0
12.1	0.0
12.2	0.0
12.3	0.0
12.4	0.0
12.5	0.0
12.6	0.0
12.7	0.0
12.8	0.0
12.9	0.0
13.0	0.0
13.1	0.0
13.2	0.0
13.3	0.0
13.4	0.0
13.5	0.0
13.6	0.0
13.7	0.0
13.8	0.0
13.9	0.0
14.0	0.0
14.1	0.0
14.2	0.0
14.3	0.0
14.4	0.0
14.5	0.0
14.6	0.0
14.7	0.0
14.8	0.0
14.9	0.0
15.0	0.0
15.1	0.0
15.2	0.0
15.3	0.0
15.4	0.0
15.5	0.0
15.6	0.0
15.7	0.0
15.8	0.0
15.9	0.0
16.0	0.0
16.1	0.0
16.2	0.0
16.3	0.0
16.4	0.0
16.5	0.0
16.6	0.0
16.7	0.0
16.8	0.0
16.9	0.0
17.0	0.0
17.1	0.0
17.2	0.0
17.3	0.0
17.4	0.0
17.5	0.0
17.6	0.0
17.7	0.0
17.8	0.0
17.9	0.0
18.0	0.0
18.1	0.0
18.2	0.0
18.3	0.0
18.4	0.0
18.5	0.0
18.6	0.0
18.7	0.0
18.8	0.0
18.9	0.0
19.0	0.0
19.1	0.0
19.2	0.0
19.3	0.0
19.4	0.0
19.5	0.0
19.6	0.0
19.7	0.0
19.8	0.0
19.9	0.0
20.0	0.0
20.1	0.0
20.2	0.0
20.3	0.0
20.4	0.0
20.5	0.0
20.6	0.0
20.7	0.0
20.8	0.0
20.9	0.0
21.0	0.0
21.1	0.0
21.2	0.0
21.3	0.0
21.4	0.0
21.5	0.0
21.6	0.0
21.7	0.0
21.8	0.0
21.9	0.0
22.0	0.0
22.1	0.0
22.2	0.0
22.3	0.0
22.4	0.0
22.5	0.0
22.6	0.0
22.7	0.0
22.8	0.0
22.9	0.0
23.0	0.0
23.1	0.0
23.2	0.0
23.3	0.0
23.4	0.0
23.5	0.0
23.6	0.0
23.7	0.0
23.8	0.0
23.9	0.0
24.0	0.0
24.1	0.0
24.2	0.0
24.3	0.0
24.4	0.0
24.5	0.0
24.6	0.0
24.7	0.0
24.8	0.0
24.9	0.0
25.0	0.0
25.1	0.0
25.2	0.0
25.3	0.0
25.4	0.0
25.5	0.0
25.6	0.0
25.7	0.0
25.8	0.0
25.9	0.0
26.0	0.0
26.1	0.0
26.2	0.0
26.3	0.0
26.4	0.0
26.5	0.0
26.6	0.0
26.7	0.0
26.8	0.0
26.9	0.0
27.0	0.0
27.1	0.0
27.2	0.0
27.3	0.0
27.4	0.0
27.5	0.0
27.6	0.0
27.7	0.0
27.8	0.0
27.9	0.0
28.0	0.0
28.1	0.0
28.2	0.0
28.3	0.0
28.4	0.0
28.5	0.0
28.6	0.0
28.7	0.0
28.8	0.0
28.9	0.0
29.0	0.0
29.1	0.0
29.2	0.0
29.3	0.0
29.4	0.0
29.5	0.0
29.6	0.0
29.7	0.0
29.8	0.0
29.9	0.0
30.0	0.0
30.1	0.0
30.2	0.0
30.3	0.0
30.4	0.0
30.5	0.0
30.6	0.0
30.7	0.0
30.8	0.0
30.9	0.0
31.0	0.0
31.1	0.0
31.2	0.0
31.3	0.0
31.4	0.0
31.5	0.0
31.6	0.0
31.7	0.0
31.8	0.0
31.9	0.0
32.0	0.0
32.1	0.0
32.2	0.0
32.3	0.0
32.4	0.0
32.5	0.0
32.6	0.0
32.7	0.0
32.8	0.0
32.9	0.0
33.0	0.0
33.1	0.0
33.2	0.0
33.3	0.0
33.4	0.0
33.5	0.0
33.6	0.0
33.7	0.0
33.8	0.0
33.9	0.0
34.0	0.0
34.1	0.0
34.2	0.0
34.3	0.0
34.4	0.0
34.5	0.0
34.6	0.0
34.7	0.0
34.8	0.0
34.9	0.0
35.0	0.0
35.1	0.0
35.2	0.0
35.3	0.0
35.4	0.0
35.5	0.0
35.6	0.0
35.7	0.0
35.8	0.0
35.9	0.0
36.0	0.0
36.1	0.0
36.2	0.0
36.3	0.0
36.4	0.0
36.5	0.0
36.6	0.0
36.7	0.0
36.8	0.0
36.9	0.0
37.0	0.0
37.1	0.0
37.2	0.0
37.3	0.0
37.4	0.0
37.5	0.0
37.6	0.0
37.7	0.0
37.8	0.0
37.9	0.0
38.0	0.0
38.1	0.0
38.2	0.0
38.3	0.0
38.4	0.0
38.5	0.0
38.6	0.0
38.7	0.0
38.8	0.0
38.9	0.0
39.0	0.0
39.1	0.0
39.2	0.0
39.3	0.0
39.4	0.0
39.5	0.0
39.6	0.0
39.7	0.0
39.8	0.0
39.9	0.0
40.0	0.0
40.1	0.0
40.2	0.0
40.3	0.0
40.4	0.0
40.5	0.0
40.6	0.0
40.7	0.0
40.8	0.0
40.9	0.0
41.0	0.0
41.1	0.0
41.2	0.0
41.3	0.0
41.4	0.0
41.5	0.0
41.6	0.0
41.7	0.0
41.8	0.0
41.9	0.0
42.0	0.0
42.1	0.0
42.2	0.0
42.3	0.0
42.4	0.0
42.5	0.0
42.6	0.0
42.7	0.0
42.8	0.0
42.9	0.0
43.0	0.0
43.1	0.0
43.2	0.0
43.3	0.0
43.4	0.0
43.5	0.0
43.6	0.0
43.7	0.0
43.8	0.0
43.9	0.0
44.0	0.0
44.1	0.0
44.2	0.0
44.3	0.0
44.4	0.0
44.5	0.0
44.6	0.0
44.7	0.0
44.8	0.0
44.9	0.0
45.0	0.0
45.1	0.0
45.2	0.0
45.3	0.0
45.4	0.0
45.5	0.0
45.6	0.0
45.7	0.0
45.8	0.0
45.9	0.0
46.0	0.0
46.1	0.0
46.2	0.0
46.3	0.0
46.4	0.0
46.5	0.0
46.6	0.0
46.7	0.0
46.8	0.0
46.9	0.0
47.0	0.0
47.1	0.0
47.2	0.0
47.3	0.0
47.4	0.0
47.5	0.0
47.6	0.0
47.7	0.0
47.8	0.0
47.9	0.0
48.0	0.0
48.1	0.0
48.2	0.0
48.3	0.0
48.4	0.0
48.5	0.0
48.6	0.0
48.7	0.0
48.8	0.0
48.9	0.0
49.0	0.0
49.1	0.0
49.2	0.0
49.3	0.0
49.4	0.0
49.5	0.0
49.6	0.0
49.7	0.0
49.8	0.0
49.9	0.0
50.0	0.0
50.1	0.0
50.2	0.0
50.3	0.0
50.4	0.0
50.5	0.0
50.6	0.0
50.7	0.0
50.8	0.0
50.9	0.0
51.0	0.0

&

0.1	0.0
0.2	-0.056217
0.3	-0.112434
0.4	-0.168652
0.5	-0.224869
0.6	-0.281086
0.7	-0.337303
0.8	-0.39352
0.9	-0.449738
1.0	-0.505955
1.1	-0.562172
1.2	-0.618389
1.3	-0.674606
1.4	-0.730824
1.5	-0.787041
1.6	-0.843258
1.7	-0.899475
1.8	-0.955692
1.9	-1.01191
2.0	-1.06813
2.1	-1.12434
2.2	-1.18056
2.3	-1.23678
2.4	-1.29299
2.5	-1.34921
2.6	-1.40543
2.7	-1.46165
2.8	-1.51786
2.9	-1.57408
3.0	-1.6303
3.1	-1.68652
3.2	-1.74273
3.3	-1.79895
3.4	-1.85517
3.5	-1.91138
3.6	-1.9676
3.7	-2.02382
3.8	-2.08004
3.9	-2.13625
4.0	-2.19247
4.1	-2.24869
4.2	-2.30491
4.3	-2.36112
4.4	-2.41734
4.5	-2.47356
4.6	-2.52977
4.7	-2.58599
4.8	-2.64221
4.9	-2.69842
5.0	-2.75464
5.1	-2.81086
5.2	-2.86708
5.3	-2.92329
5.4	-2.97951
5.5	-3.03573
5.6	-3.09195
5.7	-3.14816
5.8	-3.20438
5.9	-3.2606
6.0	-3.31681
6.1	-3.37303
6.2	-3.42925
6.3	-3.48547
6.4	-3.54168
6.5	-3.5979
6.6	-3.65412
6.7	-3.71034
6.8	-3.76655
6.9	-3.82277
7.0	-3.87899
7.1	-3.9352
7.2	-3.99142
7.3	-4.04764
7.4	-4.10386
7.5	-4.16007
7.6	-4.21629
7.7	-4.27251
7.8	-4.32872
7.9	-4.38494
8.0	-4.44116
8.1	-4.49737
8.2	-4.55359
8.3	-4.60981
8.4	-4.66603
8.5	-4.72224
8.6	-4.77846
8.7	-4.83468
8.8	-4.8909
8.9	-4.94711
9.0	-5.00333
9.1	-5.05955
9.2	-5.11576
9.3	-5.17198
9.4	-5.2282
9.5	-5.28442
9.6	-5.34063
9.7	-5.39685
9.8	-5.45307
9.9	-5.50929
10.0	-5.5655
10.1	-5.62172
10.2	-5.67794
10.3	-5.73415
10.4	-5.79037
10.5	-5.84659
10.6	-5.9028
10.7	-5.95902
10.8	-6.01524
10.9	-6.07146
11.0	-6.12767
11.1	-6.18389
11.2	-6.24011
11.3	-6.29633
11.4	-6.35254
11.5	-6.40876
11.6	-6.46498
11.7	-6.52119
11.8	-6.57741
11.9	-6.63363
12.0	-6.68985
12.1	-6.74606
12.2	-6.80228
12.3	-6.8585
12.4	-6.91472
12.5	-6.97093
12.6	-7.02715
12.7	-7.08337
12.8	-7.13958
12.9	-7.1958
13.0	-7.25202
13.1	-7.30823
13.2	-7.36445
13.3	-7.42067
13.4	-7.47689
13.5	-7.5331
13.6	-7.58932
13.7	-7.64554
13.8	-7.70176
13.9	-7.75797
14.0	-7.81419
14.1	-7.87041
14.2	-7.92662
14.3	-7.98284
14.4	-8.03906
14.5	-8.09528
14.6	-8.15149
14.7	-8.20771
14.8	-8.26393
14.9	-8.32015
15.0	-8.37636
15.1	-8.43258
15.2	-8.4888
15.3	-8.54501
15.4	-8.60123
15.5	-8.65745
15.6	-8.71367
15.7	-8.76988
15.8	-8.8261
15.9	-8.88232
16.0	-8.93853
16.1	-8.99475
16.2	-9.05097
16.3	-9.10718
16.4	-9.1634
16.5	-9.21962
16.6	-9.27584
16.7	-9.33205
16.8	-9.38827
16.9	-9.44449
17.0	-9.50071
17.1	-9.55692
17.2	-9.61314
17.3	-9.66936
17.4	-9.72557
17.5	-9.78179
17.6	-9.83801
17.7	-9.89423
17.8	-9.95044
17.9	-10.0067
18.0	-10.0629
18.1	-10.1191
18.2	-10.1753
18.3	-10.2315
18.4	-10.2877
18.5	-10.344
18.6	-10.4002
18.7	-10.4564
18.8	-10.5126
18.9	-10.5688
19.0	-10.625
19.1	-10.6813
19.2	-10.7375
19.3	-10.7937
19.4	-10.8499
19.5	-10.9061
19.6	-10.9624
19.7	-11.0186
19.8	-11.0748
19.9	-11.131
20.0	-11.1872
20.1	-11.2434
20.2	-11.2997
20.3	-11.3559
20.4	-11.4121
20.5	-11.4683
20.6	-11.5245
20.7	-11.5807
20.8	-11.637
20.9	-11.6932
21.0	-11.7494
21.1	-11.8056
21.2	-11.8618
21.3	-11.918
21.4	-11.9743
21.5	-12.0305
21.6	-12.0867
21.7	-12.1429
21.8	-12.1991
21.9	-12.2553
22.0	-12.3116
22.1	-12.3678
22.2	-12.424
22.3	-12.4802
22.4	-12.5364
22.5	-12.5927
22.6	-12.6489
22.7	-12.7051
22.8	-12.7613
22.9	-12.8175
23.0	-12.8737
23.1	-12.93
23.2	-12.9862
23.3	-13.0424
23.4	-13.0986
23.5	-13.1548
23.6	-13.211
23.7	-13.2673
23.8	-13.3235
23.9	-13.3797
24.0	-13.4359
24.1	-13.4921
24.2	-13.5483
24.3	-13.6046
24.4	-13.6608
24.5	-13.717
24.6	-13.7732
24.7	-13.8294
24.8	-13.8856
24.9	-13.9419
25.0	-13.9981
25.1	-14.0543
25.2	-14.1105
25.3	-14.1667
25.4	-14.223
25.5	-14.2792
25.6	-14.3354
25.7	-14.3916
25.8	-14.4478
25.9	-14.504
26.0	-14.5603
26.1	-14.6165
26.2	-14.6727
26.3	-14.7289
26.4	-14.7851
26.5	-14.8413
26.6	-14.8976
26.7	-14.9538
26.8	-15.01
26.9	-15.0662
27.0	-15.1224
27.1	-15.1786
27.2	-15.2349
27.3	-15.2911
27.4	-15.3473
27.5	-15.4035
27.6	-15.4597
27.7	-15.5159
27.8	-15.5722
27.9	-15.6284
28.0	-15.6846
28.1	-15.7408
28.2	-15.797
28.3	-15.8532
28.4	-15.9095
28.5	-15.9657
28.6	-16.0219
28.7	-16.0781
28.8	-16.1343
28.9	-16.1906
29.0	-16.2468
29.1	-16.303
29.2	-16.3592
29.3	-16.4154
29.4	-16.4716
29.5	-16.5279
29.6	-16.5841
29.7	-16.6403
29.8	-16.6965
29.9	-16.7527
30.0	-16.8089
30.1	-16.8652
30.2	-16.9214
30.3	-16.9776
30.4	-17.0338
30.5	-17.09
30.6	-17.1462
30.7	-17.2025
30.8	-17.2587
30.9	-17.3149
31.0	-17.3711
31.1	-17.4273
31.2	-17.4835
31.3	-17.5398
31.4	-17.596
31.5	-17.6522
31.6	-17.7084
31.7	-17.7646
31.8	-17.8209
31.9	-17.8771
32.0	-17.9333
32.1	-17.9895
32.2	-18.0457
32.3	-18.1019
32.4	-18.1582
32.5	-18.2144
32.6	-18.2706
32.7	-18.3268
32.8	-18.383
32.9	-18.4392
33.0	-18.4955
33.1	-18.5517
33.2	-18.6079
33.3	-18.6641
33.4	-18.7203
33.5	-18.7765
33.6	-18.8328
33.7	-18.889
33.8	-18.9452
33.9	-19.0014
34.0	-19.0576
34.1	-19.1138
34.2	-19.1701
34.3	-19.2263
34.4	-19.2825
34.5	-19.3387
34.6	-19.3949
34.7	-19.4511
34.8	-19.5074
34.9	-19.5636
35.0	-19.6198
35.1	-19.676
35.2	-19.7322
35.3	-19.7885
35.4	-19.8447
35.5	-19.9009
35.6	-19.9571
35.7	-20.0133
35.8	-20.0695
35.9	-20.1258
36.0	-20.182
36.1	-20.2382
36.2	-20.2944
36.3	-20.3506
36.4	-20.4068
36.5	-20.4631
36.6	-20.5193
36.7	-20.5755
36.8	-20.6317
36.9	-20.6879
37.0	-20.7441
37.1	-20.8004
37.2	-20.8566
37.3	-20.9128
37.4	-20.969
37.5	-21.0252
37.6	-21.0814
37.7	-21.1377
37.8	-21.1939
37.9	-21.2501
38.0	-21.3063
38.1	-21.3625
38.2	-21.4188
38.3	-21.475
38.4	-21.5312
38.5	-21.5874
38.6	-21.6436
38.7	-21.6998
38.8	-21.7561
38.9	-21.8123
39.0	-21.8685
39.1	-21.9247
39.2	-21.9809
39.3	-22.0371
39.4	-22.0934
39.5	-22.1496
39.6	-22.2058
39.7	-22.262
39.8	-22.3182
39.9	-22.3744
40.0	-22.4307
40.1	-22.4869
40.2	-22.5431
40.3	-22.5993
40.4	-22.6555
40.5	-22.7117
40.6	-22.768
40.7	-22.8242
40.8	-22.8804
40.9	-22.9366
41.0	-22.9928
41.1	-23.049
41.2	-23.1053
41.3	-23.1615
41.4	-23.2177
41.5	-23.2739
41.6	-23.3301
41.7	-23.3864
41.8	-23.4426
41.9	-23.4988
42.0	-23.555
42.1	-23.6112
42.2	-23.6674
42.3	-23.7237
42.4	-23.7799
42.5	-23.8361
42.6	-23.8923
42.7	-23.9485
42.8	-24.0047
42.9	-24.061
43.0	-24.1172
43.1	-24.1734
43.2	-24.2296
43.3	-24.2858
43.4	-24.342
43.5	-24.3983
43.6	-24.4545
43.7	-24.5107
43.8	-24.5669
43.9	-24.6231
44.0	-24.6793
44.1	-24.7356
44.2	-24.7918
44.3	-24.848
44.4	-24.9042
44.5	-24.9604
44.6	-25.0167
44.7	-25.0729
44.8	-25.1291
44.9	-25.1853
45.0	-25.2415
45.1	-25.2977
45.2	-25.354
45.3	-25.4102
45.4	-25.4664
45.5	-25.5226
45.6	-25.5788
45.7	-25.635
45.8	-25.6913
45.9	-25.7475
46.0	-25.8037
46.1	-25.8599
46.2	-25.9161
46.3	-25.9723
46.4	-26.0286
46.5	-26.0848
46.6	-26.141
46.7	-26.1972
46.8	-26.2534
46.9	-26.3096
47.0	-26.3659
47.1	-26.4221
47.2	-26.4783
47.3	-26.5345
47.4	-26.5907
47.5	-26.6469
47.6	-26.7032
47.7	-26.7594
47.8	-26.8156
47.9	-26.8718
48.0	-26.928
48.1	-26.9843
48.2	-27.0405
48.3	-27.0967
48.4	-27.1529
48.5	-27.2091
48.6	-27.2653
48.7	-27.3216
48.8	-27.3778
48.9	-27.434
49.0	-27.4902
49.1	-27.5464
49.2	-27.6026
49.3	-27.6589
49.4	-27.7151
49.5	-27.7713
49.6	-27.8275
49.7	-27.8837
49.8	-27.9399
49.9	-27.9962
50.0	-28.0524
50.1	-28.1086
50.2	-28.1648
50.3	-28.221
50.4	-28.2772
50.5	-28.3335
50.6	-28.3897
50.7	-28.4459
50.8	-28.5021
50.9	-28.5583
51.0	-28.6146

&

0.1	0.0
0.2	0.001204
0.3	0.004816
0.4	0.010835
0.5	0.019263
0.6	0.030098
0.7	0.043341
0.8	0.058991
0.9	0.07705
1.0	0.097516
1.1	0.120391
1.2	0.145673
1.3	0.173363
1.4	0.20346
1.5	0.235966
1.6	0.270879
1.7	0.3082
1.8	0.347929
1.9	0.390066
2.0	0.43461
2.1	0.481563
2.2	0.530923
2.3	0.582691
2.4	0.636867
2.5	0.69345
2.6	0.752442
2.7	0.813841
2.8	0.877648
2.9	0.943863
3.0	1.01249
3.1	1.08352
3.2	1.15695
3.3	1.2328
3.4	1.31106
3.5	1.39172
3.6	1.47479
3.7	1.56026
3.8	1.64815
3.9	1.73844
4.0	1.83114
4.1	1.92625
4.2	2.02377
4.3	2.12369
4.4	2.22602
4.5	2.33076
4.6	2.43791
4.7	2.54747
4.8	2.65943
4.9	2.7738
5.0	2.89058
5.1	3.00977
5.2	3.13136
5.3	3.25536
5.4	3.38178
5.5	3.51059
5.6	3.64182
5.7	3.77545
5.8	3.91149
5.9	4.04994
6.0	4.1908
6.1	4.33406
6.2	4.47974
6.3	4.62782
6.4	4.77831
6.5	4.9312
6.6	5.08651
6.7	5.24422
6.8	5.40434
6.9	5.56687
7.0	5.7318
7.1	5.89914
7.2	6.0689
7.3	6.24105
7.4	6.41562
7.5	6.5926
7.6	6.77198
7.7	6.95377
7.8	7.13796
7.9	7.32457
8.0	7.51358
8.1	7.705
8.2	7.89883
8.3	8.09507
8.4	8.29372
8.5	8.49477
8.6	8.69823
8.7	8.9041
8.8	9.11237
8.9	9.32306
9.0	9.53615
9.1	9.75165
9.2	9.96955
9.3	10.1899
9.4	10.4126
9.5	10.6377
9.6	10.8653
9.7	11.0952
9.8	11.3276
9.9	11.5623
10.0	11.7995
10.1	12.0391
10.2	12.2811
10.3	12.5254
10.4	12.7722
10.5	13.0215
10.6	13.2731
10.7	13.5271
10.8	13.7835
10.9	14.0424
11.0	14.3036
11.1	14.5673
11.2	14.8333
11.3	15.1018
11.4	15.3727
11.5	15.646
11.6	15.9217
11.7	16.1998
11.8	16.4803
11.9	16.7632
12.0	17.0485
12.1	17.3363
12.2	17.6264
12.3	17.919
12.4	18.2139
12.5	18.5113
12.6	18.811
12.7	19.1132
12.8	19.4178
12.9	19.7248
13.0	20.0342
13.1	20.346
13.2	20.6602
13.3	20.9769
13.4	21.2959
13.5	21.6174
13.6	21.9412
13.7	22.2675
13.8	22.5961
13.9	22.9272
14.0	23.2607
14.1	23.5966
14.2	23.9349
14.3	24.2756
14.4	24.6187
14.5	24.9642
14.6	25.3121
14.7	25.6625
14.8	26.0152
14.9	26.3704
15.0	26.7279
15.1	27.0879
15.2	27.4503
15.3	27.8151
15.4	28.1823
15.5	28.5519
15.6	28.9239
15.7	29.2983
15.8	29.6751
15.9	30.0543
16.0	30.436
16.1	30.82
16.2	31.2065
16.3	31.5953
16.4	31.9866
16.5	32.3803
16.6	32.7764
16.7	33.1749
16.8	33.5758
16.9	33.9791
17.0	34.3848
17.1	34.7929
17.2	35.2034
17.3	35.6164
17.4	36.0317
17.5	36.4495
17.6	36.8697
17.7	37.2922
17.8	37.7172
17.9	38.1446
18.0	38.5744
18.1	39.0066
18.2	39.4412
18.3	39.8782
18.4	40.3176
18.5	40.7595
18.6	41.2037
18.7	41.6504
18.8	42.0994
18.9	42.5509
19.0	43.0048
19.1	43.461
19.2	43.9197
19.3	44.3808
19.4	44.8443
19.5	45.3102
19.6	45.7786
19.7	46.2493
19.8	46.7224
19.9	47.198
20.0	47.6759
20.1	48.1563
20.2	48.639
20.3	49.1242
20.4	49.6118
20.5	50.1018
20.6	50.5942
20.7	51.089
20.8	51.5862
20.9	52.0858
21.0	52.5879
21.1	53.0923
21.2	53.5991
21.3	54.1084
21.4	54.6201
21.5	55.1341
21.6	55.6506
21.7	56.1695
21.8	56.6908
21.9	57.2145
22.0	57.7406
22.1	58.2691
22.2	58.8
22.3	59.3334
22.4	59.8691
22.5	60.4072
22.6	60.9478
22.7	61.4908
22.8	62.0361
22.9	62.5839
23.0	63.1341
23.1	63.6867
23.2	64.2417
23.3	64.7991
23.4	65.3589
23.5	65.9211
23.6	66.4858
23.7	67.0528
23.8	67.6223
23.9	68.1941
24.0	68.7684
24.1	69.345
24.2	69.9241
24.3	70.5056
24.4	71.0895
24.5	71.6758
24.6	72.2645
24.7	72.8556
24.8	73.4492
24.9	74.0451
25.0	74.6434
25.1	75.2442
25.2	75.8473
25.3	76.4529
25.4	77.0609
25.5	77.6713
25.6	78.2841
25.7	78.8992
25.8	79.5169
25.9	80.1369
26.0	80.7593
26.1	81.3841
26.2	82.0113
26.3	82.641
26.4	83.273
26.5	83.9075
26.6	84.5444
26.7	85.1836
26.8	85.8253
26.9	86.4694
27.0	87.1159
27.1	87.7648
27.2	88.4161
27.3	89.0699
27.4	89.726
27.5	90.3845
27.6	91.0455
27.7	91.7088
27.8	92.3746
27.9	93.0427
28.0	93.7133
28.1	94.3863
28.2	95.0617
28.3	95.7395
28.4	96.4197
28.5	97.1023
28.6	97.7873
28.7	98.4748
28.8	99.1646
28.9	99.8569
29.0	100.552
29.1	101.249
29.2	101.948
29.3	102.65
29.4	103.354
29.5	104.061
29.6	104.77
29.7	105.482
29.8	106.195
29.9	106.912
30.0	107.63
30.1	108.352
30.2	109.075
30.3	109.801
30.4	110.529
30.5	111.26
30.6	111.993
30.7	112.729
30.8	113.467
30.9	114.207
31.0	114.95
31.1	115.695
31.2	116.443
31.3	117.193
31.4	117.946
31.5	118.7
31.6	119.458
31.7	120.217
31.8	120.979
31.9	121.744
32.0	122.511
32.1	123.28
32.2	124.052
32.3	124.826
32.4	125.602
32.5	126.381
32.6	127.163
32.7	127.946
32.8	128.733
32.9	129.521
33.0	130.312
33.1	131.105
33.2	131.901
33.3	132.699
33.4	133.5
33.5	134.303
33.6	135.108
33.7	135.916
33.8	136.727
33.9	137.539
34.0	138.354
34.1	139.172
34.2	139.992
34.3	140.814
34.4	141.638
34.5	142.466
34.6	143.295
34.7	144.127
34.8	144.961
34.9	145.798
35.0	146.637
35.1	147.479
35.2	148.323
35.3	149.169
35.4	150.018
35.5	150.869
35.6	151.722
35.7	152.578
35.8	153.437
35.9	154.298
36.0	155.161
36.1	156.026
36.2	156.894
36.3	157.765
36.4	158.638
36.5	159.513
36.6	160.391
36.7	161.271
36.8	162.153
36.9	163.038
37.0	163.925
37.1	164.815
37.2	165.707
37.3	166.601
37.4	167.498
37.5	168.398
37.6	169.299
37.7	170.204
37.8	171.11
37.9	172.019
38.0	172.93
38.1	173.844
38.2	174.76
38.3	175.679
38.4	176.6
38.5	177.523
38.6	178.449
38.7	179.377
38.8	180.308
38.9	181.241
39.0	182.176
39.1	183.114
39.2	184.055
39.3	184.997
39.4	185.942
39.5	186.89
39.6	187.84
39.7	188.792
39.8	189.747
39.9	190.704
40.0	191.663
40.1	192.625
40.2	193.589
40.3	194.556
40.4	195.525
40.5	196.497
40.6	197.471
40.7	198.447
40.8	199.426
40.9	200.407
41.0	201.391
41.1	202.377
41.2	203.365
41.3	204.356
41.4	205.349
41.5	206.345
41.6	207.343
41.7	208.343
41.8	209.346
41.9	210.351
42.0	211.359
42.1	212.369
42.2	213.382
42.3	214.397
42.4	215.414
42.5	216.434
42.6	217.456
42.7	218.48
42.8	219.507
42.9	220.536
43.0	221.568
43.1	222.602
43.2	223.639
43.3	224.678
43.4	225.719
43.5	226.763
43.6	227.809
43.7	228.858
43.8	229.909
43.9	230.962
44.0	232.018
44.1	233.076
44.2	234.137
44.3	235.2
44.4	236.266
44.5	237.333
44.6	238.404
44.7	239.476
44.8	240.551
44.9	241.629
45.0	242.709
45.1	243.791
45.2	244.876
45.3	245.963
45.4	247.053
45.5	248.144
45.6	249.239
45.7	250.336
45.8	251.435
45.9	252.536
46.0	253.64
46.1	254.747
46.2	255.856
46.3	256.967
46.4	258.08
46.5	259.196
46.6	260.315
46.7	261.436
46.8	262.559
46.9	263.685
47.0	264.813
47.1	265.943
47.2	267.076
47.3	268.211
47.4	269.349
47.5	270.489
47.6	271.632
47.7	272.776
47.8	273.924
47.9	275.073
48.0	276.226
48.1	277.38
48.2	278.537
48.3	279.696
48.4	280.858
48.5	282.022
48.6	283.189
48.7	284.358
48.8	285.529
48.9	286.703
49.0	287.879
49.1	289.058
49.2	290.239
49.3	291.423
49.4	292.608
49.5	293.797
49.6	294.987
49.7	296.18
49.8	297.376
49.9	298.574
50.0	299.774
50.1	300.977
50.2	302.182
50.3	303.389
50.4	304.599
50.5	305.812
50.6	307.026
50.7	308.244
50.8	309.463
50.9	310.685
51.0	311.909

&

