0.1	0.0
0.2	0.0
0.3	0.0
0.4	0.0
0.5	0.0
0.6	0.0
0.7	0.0
0.8	0.0
0.9	0.0
1.0	0.0
1.1	0.0
1.2	0.0
1.3	0.0
1.4	0.0
1.5	0.0
1.6	0.0
1.7	0.0
1.8	0.0
1.9	0.0
2.0	0.0
2.1	0.0
2.2	0.0
2.3	0.0
2.4	0.0
2.5	0.0
2.6	0.0
2.7	0.0
2.8	0.0
2.9	0.0
3.0	0.0
3.1	0.0
3.2	0.0
3.3	0.0
3.4	0.0
3.5	0.0
3.6	0.0
3.7	0.0
3.8	0.0
3.9	0.0
4.0	0.0
4.1	0.0
4.2	0.0
4.3	0.0
4.4	0.0
4.5	0.0
4.6	0.0
4.7	0.0
4.8	0.0
4.9	0.0
5.0	0.0
5.1	0.0
5.2	0.0
5.3	0.0
5.4	0.0
5.5	0.0
5.6	0.0
5.7	0.0
5.8	0.0
5.9	0.0
6.0	0.0
6.1	0.0
6.2	0.0
6.3	0.0
6.4	0.0
6.5	0.0
6.6	0.0
6.7	0.0
6.8	0.0
6.9	0.0
7.0	0.0
7.1	0.0
7.2	0.0
7.3	0.0
7.4	0.0
7.5	0.0
7.6	0.0
7.7	0.0
7.8	0.0
7.9	0.0
8.0	0.0
8.1	0.0
8.2	0.0
8.3	0.0
8.4	0.0
8.5	0.0
8.6	0.0
8.7	0.0
8.8	0.0
8.9	0.0
9.0	0.0
9.1	0.0
9.2	0.0
9.3	0.0
9.4	0.0
9.5	0.0
9.6	0.0
9.7	0.0
9.8	0.0
9.9	0.0
10.0	0.0
10.1	0.0
10.2	0.0
10.3	0.0
10.4	0.0
10.5	0.0
10.6	0.0
10.7	0.0
10.8	0.0
10.9	0.0
11.0	0.0
11.1	0.0
11.2	0.0
11.3	0.0
11.4	0.0
11.5	0.0
11.6	0.0
11.7	0.0
11.8	0.0
11.9	0.0
12.0	0.0
12.1	0.0
12.2	0.0
12.3	0.0
12.4	0.0
12.5	0.0
12.6	0.0
12.7	0.0
12.8	0.0
12.9	0.0
13.0	0.0
13.1	0.0
13.2	0.0
13.3	0.0
13.4	0.0
13.5	0.0
13.6	0.0
13.7	0.0
13.8	0.0
13.9	0.0
14.0	0.0
14.1	0.0
14.2	0.0
14.3	0.0
14.4	0.0
14.5	0.0
14.6	0.0
14.7	0.0
14.8	0.0
14.9	0.0
15.0	0.0
15.1	0.0
15.2	0.0
15.3	0.0
15.4	0.0
15.5	0.0
15.6	0.0
15.7	0.0
15.8	0.0
15.9	0.0
16.0	0.0
16.1	0.0
16.2	0.0
16.3	0.0
16.4	0.0
16.5	0.0
16.6	0.0
16.7	0.0
16.8	0.0
16.9	0.0
17.0	0.0
17.1	0.0
17.2	0.0
17.3	0.0
17.4	0.0
17.5	0.0
17.6	0.0
17.7	0.0
17.8	0.0
17.9	0.0
18.0	0.0
18.1	0.0
18.2	0.0
18.3	0.0
18.4	0.0
18.5	0.0
18.6	0.0
18.7	0.0
18.8	0.0
18.9	0.0
19.0	0.0
19.1	0.0
19.2	0.0
19.3	0.0
19.4	0.0
19.5	0.0
19.6	0.0
19.7	0.0
19.8	0.0
19.9	0.0
20.0	0.0
20.1	0.0
20.2	0.0
20.3	0.0
20.4	0.0
20.5	0.0
20.6	0.0
20.7	0.0
20.8	0.0
20.9	0.0
21.0	0.0
21.1	0.0
21.2	0.0
21.3	0.0
21.4	0.0
21.5	0.0
21.6	0.0
21.7	0.0
21.8	0.0
21.9	0.0
22.0	0.0
22.1	0.0
22.2	0.0
22.3	0.0
22.4	0.0
22.5	0.0
22.6	0.0
22.7	0.0
22.8	0.0
22.9	0.0
23.0	0.0
23.1	0.0
23.2	0.0
23.3	0.0
23.4	0.0
23.5	0.0
23.6	0.0
23.7	0.0
23.8	0.0
23.9	0.0
24.0	0.0
24.1	0.0
24.2	0.0
24.3	0.0
24.4	0.0
24.5	0.0
24.6	0.0
24.7	0.0
24.8	0.0
24.9	0.0
25.0	0.0
25.1	0.0
25.2	0.0
25.3	0.0
25.4	0.0
25.5	0.0
25.6	0.0
25.7	0.0
25.8	0.0
25.9	0.0
26.0	0.0
26.1	0.0
26.2	0.0
26.3	0.0
26.4	0.0
26.5	0.0
26.6	0.0
26.7	0.0
26.8	0.0
26.9	0.0
27.0	0.0
27.1	0.0
27.2	0.0
27.3	0.0
27.4	0.0
27.5	0.0
27.6	0.0
27.7	0.0
27.8	0.0
27.9	0.0
28.0	0.0
28.1	0.0
28.2	0.0
28.3	0.0
28.4	0.0
28.5	0.0
28.6	0.0
28.7	0.0
28.8	0.0
28.9	0.0
29.0	0.0
29.1	0.0
29.2	0.0
29.3	0.0
29.4	0.0
29.5	0.0
29.6	0.0
29.7	0.0
29.8	0.0
29.9	0.0
30.0	0.0
30.1	0.0
30.2	0.0
30.3	0.0
30.4	0.0
30.5	0.0
30.6	0.0
30.7	0.0
30.8	0.0
30.9	0.0
31.0	0.0
31.1	0.0
31.2	0.0
31.3	0.0
31.4	0.0
31.5	0.0
31.6	0.0
31.7	0.0
31.8	0.0
31.9	0.0
32.0	0.0
32.1	0.0
32.2	0.0
32.3	0.0
32.4	0.0
32.5	0.0
32.6	0.0
32.7	0.0
32.8	0.0
32.9	0.0
33.0	0.0
33.1	0.0
33.2	0.0
33.3	0.0
33.4	0.0
33.5	0.0
33.6	0.0
33.7	0.0
33.8	0.0
33.9	0.0
34.0	0.0
34.1	0.0
34.2	0.0
34.3	0.0
34.4	0.0
34.5	0.0
34.6	0.0
34.7	0.0
34.8	0.0
34.9	0.0
35.0	0.0
35.1	0.0
35.2	0.0
35.3	0.0
35.4	0.0
35.5	0.0
35.6	0.0
35.7	0.0
35.8	0.0
35.9	0.0
36.0	0.0
36.1	0.0
36.2	0.0
36.3	0.0
36.4	0.0
36.5	0.0
36.6	0.0
36.7	0.0
36.8	0.0
36.9	0.0
37.0	0.0
37.1	0.0
37.2	0.0
37.3	0.0
37.4	0.0
37.5	0.0
37.6	0.0
37.7	0.0
37.8	0.0
37.9	0.0
38.0	0.0
38.1	0.0
38.2	0.0
38.3	0.0
38.4	0.0
38.5	0.0
38.6	0.0
38.7	0.0
38.8	0.0
38.9	0.0
39.0	0.0
39.1	0.0
39.2	0.0
39.3	0.0
39.4	0.0
39.5	0.0
39.6	0.0
39.7	0.0
39.8	0.0
39.9	0.0
40.0	0.0
40.1	0.0
40.2	0.0
40.3	0.0
40.4	0.0
40.5	0.0
40.6	0.0
40.7	0.0
40.8	0.0
40.9	0.0
41.0	0.0
41.1	0.0
41.2	0.0
41.3	0.0
41.4	0.0
41.5	0.0
41.6	0.0
41.7	0.0
41.8	0.0
41.9	0.0
42.0	0.0
42.1	0.0
42.2	0.0
42.3	0.0
42.4	0.0
42.5	0.0
42.6	0.0
42.7	0.0
42.8	0.0
42.9	0.0
43.0	0.0
43.1	0.0
43.2	0.0
43.3	0.0
43.4	0.0
43.5	0.0
43.6	0.0
43.7	0.0
43.8	0.0
43.9	0.0
44.0	0.0
44.1	0.0
44.2	0.0
44.3	0.0
44.4	0.0
44.5	0.0
44.6	0.0
44.7	0.0
44.8	0.0
44.9	0.0
45.0	0.0
45.1	0.0
45.2	0.0
45.3	0.0
45.4	0.0
45.5	0.0
45.6	0.0
45.7	0.0
45.8	0.0
45.9	0.0
46.0	0.0
46.1	0.0
46.2	0.0
46.3	0.0
46.4	0.0
46.5	0.0
46.6	0.0
46.7	0.0
46.8	0.0
46.9	0.0
47.0	0.0
47.1	0.0
47.2	0.0
47.3	0.0
47.4	0.0
47.5	0.0
47.6	0.0
47.7	0.0
47.8	0.0
47.9	0.0
48.0	0.0
48.1	0.0
48.2	0.0
48.3	0.0
48.4	0.0
48.5	0.0
48.6	0.0
48.7	0.0
48.8	0.0
48.9	0.0
49.0	0.0
49.1	0.0
49.2	0.0
49.3	0.0
49.4	0.0
49.5	0.0
49.6	0.0
49.7	0.0
49.8	0.0
49.9	0.0
50.0	0.0
50.1	0.0
50.2	0.0
50.3	0.0
50.4	0.0
50.5	0.0
50.6	0.0
50.7	0.0
50.8	0.0
50.9	0.0
51.0	0.0

&

0.1	0.0
0.2	-0.028868
0.3	-0.057737
0.4	-0.086605
0.5	-0.115473
0.6	-0.144341
0.7	-0.17321
0.8	-0.202078
0.9	-0.230946
1.0	-0.259815
1.1	-0.288683
1.2	-0.317551
1.3	-0.346419
1.4	-0.375288
1.5	-0.404156
1.6	-0.433024
1.7	-0.461893
1.8	-0.490761
1.9	-0.519629
2.0	-0.548497
2.1	-0.577366
2.2	-0.606234
2.3	-0.635102
2.4	-0.663971
2.5	-0.692839
2.6	-0.721707
2.7	-0.750575
2.8	-0.779444
2.9	-0.808312
3.0	-0.83718
3.1	-0.866049
3.2	-0.894917
3.3	-0.923785
3.4	-0.952654
3.5	-0.981522
3.6	-1.01039
3.7	-1.03926
3.8	-1.06813
3.9	-1.09699
4.0	-1.12586
4.1	-1.15473
4.2	-1.1836
4.3	-1.21247
4.4	-1.24134
4.5	-1.27021
4.6	-1.29907
4.7	-1.32794
4.8	-1.35681
4.9	-1.38568
5.0	-1.41455
5.1	-1.44341
5.2	-1.47228
5.3	-1.50115
5.4	-1.53002
5.5	-1.55889
5.6	-1.58776
5.7	-1.61662
5.8	-1.64549
5.9	-1.67436
6.0	-1.70323
6.1	-1.7321
6.2	-1.76097
6.3	-1.78983
6.4	-1.8187
6.5	-1.84757
6.6	-1.87644
6.7	-1.90531
6.8	-1.93417
6.9	-1.96304
7.0	-1.99191
7.1	-2.02078
7.2	-2.04965
7.3	-2.07852
7.4	-2.10738
7.5	-2.13625
7.6	-2.16512
7.7	-2.19399
7.8	-2.22286
7.9	-2.25173
8.0	-2.28059
8.1	-2.30946
8.2	-2.33833
8.3	-2.3672
8.4	-2.39607
8.5	-2.42494
8.6	-2.45381
8.7	-2.48267
8.8	-2.51154
8.9	-2.54041
9.0	-2.56928
9.1	-2.59815
9.2	-2.62701
9.3	-2.65588
9.4	-2.68475
9.5	-2.71362
9.6	-2.74249
9.7	-2.77136
9.8	-2.80022
9.9	-2.82909
10.0	-2.85796
10.1	-2.88683
10.2	-2.9157
10.3	-2.94456
10.4	-2.97343
10.5	-3.0023
10.6	-3.03117
10.7	-3.06004
10.8	-3.08891
10.9	-3.11777
11.0	-3.14664
11.1	-3.17551
11.2	-3.20438
11.3	-3.23325
11.4	-3.26212
11.5	-3.29099
11.6	-3.31985
11.7	-3.34872
11.8	-3.37759
11.9	-3.40646
12.0	-3.43533
12.1	-3.4642
12.2	-3.49306
12.3	-3.52193
12.4	-3.5508
12.5	-3.57967
12.6	-3.60854
12.7	-3.6374
12.8	-3.66627
12.9	-3.69514
13.0	-3.72401
13.1	-3.75288
13.2	-3.78175
13.3	-3.81061
13.4	-3.83948
13.5	-3.86835
13.6	-3.89722
13.7	-3.92609
13.8	-3.95495
13.9	-3.98382
14.0	-4.01269
14.1	-4.04156
14.2	-4.07043
14.3	-4.0993
14.4	-4.12817
14.5	-4.15703
14.6	-4.1859
14.7	-4.21477
14.8	-4.24364
14.9	-4.27251
15.0	-4.30138
15.1	-4.33024
15.2	-4.35911
15.3	-4.38798
15.4	-4.41685
15.5	-4.44572
15.6	-4.47459
15.7	-4.50345
15.8	-4.53232
15.9	-4.56119
16.0	-4.59006
16.1	-4.61893
16.2	-4.64779
16.3	-4.67666
16.4	-4.70553
16.5	-4.7344
16.6	-4.76327
16.7	-4.79214
16.8	-4.821
16.9	-4.84987
17.0	-4.87874
17.1	-4.90761
17.2	-4.93648
17.3	-4.96535
17.4	-4.99421
17.5	-5.02308
17.6	-5.05195
17.7	-5.08082
17.8	-5.10969
17.9	-5.13856
18.0	-5.16742
18.1	-5.19629
18.2	-5.22516
18.3	-5.25403
18.4	-5.2829
18.5	-5.31177
18.6	-5.34063
18.7	-5.3695
18.8	-5.39837
18.9	-5.42724
19.0	-5.45611
19.1	-5.48498
19.2	-5.51384
19.3	-5.54271
19.4	-5.57158
19.5	-5.60045
19.6	-5.62932
19.7	-5.65818
19.8	-5.68705
19.9	-5.71592
20.0	-5.74479
20.1	-5.77366
20.2	-5.80253
20.3	-5.83139
20.4	-5.86026
20.5	-5.88913
20.6	-5.918
20.7	-5.94687
20.8	-5.97574
20.9	-6.0046
21.0	-6.03347
21.1	-6.06234
21.2	-6.09121
21.3	-6.12008
21.4	-6.14895
21.5	-6.17781
21.6	-6.20668
21.7	-6.23555
21.8	-6.26442
21.9	-6.29329
22.0	-6.32216
22.1	-6.35102
22.2	-6.37989
22.3	-6.40876
22.4	-6.43763
22.5	-6.4665
22.6	-6.49536
22.7	-6.52423
22.8	-6.5531
22.9	-6.58197
23.0	-6.61084
23.1	-6.63971
23.2	-6.66857
23.3	-6.69744
23.4	-6.72631
23.5	-6.75518
23.6	-6.78405
23.7	-6.81292
23.8	-6.84178
23.9	-6.87065
24.0	-6.89952
24.1	-6.92839
24.2	-6.95726
24.3	-6.98613
24.4	-7.01499
24.5	-7.04386
24.6	-7.07273
24.7	-7.1016
24.8	-7.13047
24.9	-7.15933
25.0	-7.1882
25.1	-7.21707
25.2	-7.24594
25.3	-7.27481
25.4	-7.30368
25.5	-7.33254
25.6	-7.36141
25.7	-7.39028
25.8	-7.41915
25.9	-7.44802
26.0	-7.47689
26.1	-7.50575
26.2	-7.53462
26.3	-7.56349
26.4	-7.59236
26.5	-7.62123
26.6	-7.6501
26.7	-7.67896
26.8	-7.70783
26.9	-7.7367
27.0	-7.76557
27.1	-7.79444
27.2	-7.82331
27.3	-7.85217
27.4	-7.88104
27.5	-7.90991
27.6	-7.93878
27.7	-7.96765
27.8	-7.99652
27.9	-8.02538
28.0	-8.05425
28.1	-8.08312
28.2	-8.11199
28.3	-8.14086
28.4	-8.16973
28.5	-8.19859
28.6	-8.22746
28.7	-8.25633
28.8	-8.2852
28.9	-8.31407
29.0	-8.34294
29.1	-8.3718
29.2	-8.40067
29.3	-8.42954
29.4	-8.45841
29.5	-8.48728
29.6	-8.51614
29.7	-8.54501
29.8	-8.57388
29.9	-8.60275
30.0	-8.63162
30.1	-8.66049
30.2	-8.68936
30.3	-8.71822
30.4	-8.74709
30.5	-8.77596
30.6	-8.80483
30.7	-8.8337
30.8	-8.86257
30.9	-8.89143
31.0	-8.9203
31.1	-8.94917
31.2	-8.97804
31.3	-9.00691
31.4	-9.03577
31.5	-9.06464
31.6	-9.09351
31.7	-9.12238
31.8	-9.15125
31.9	-9.18012
32.0	-9.20898
32.1	-9.23785
32.2	-9.26672
32.3	-9.29559
32.4	-9.32446
32.5	-9.35332
32.6	-9.38219
32.7	-9.41106
32.8	-9.43993
32.9	-9.4688
33.0	-9.49767
33.1	-9.52654
33.2	-9.5554
33.3	-9.58427
33.4	-9.61314
33.5	-9.64201
33.6	-9.67088
33.7	-9.69975
33.8	-9.72861
33.9	-9.75748
34.0	-9.78635
34.1	-9.81522
34.2	-9.84409
34.3	-9.87295
34.4	-9.90182
34.5	-9.93069
34.6	-9.95956
34.7	-9.98843
34.8	-10.0173
34.9	-10.0462
35.0	-10.075
35.1	-10.1039
35.2	-10.1328
35.3	-10.1616
35.4	-10.1905
35.5	-10.2194
35.6	-10.2482
35.7	-10.2771
35.8	-10.306
35.9	-10.3348
36.0	-10.3637
36.1	-10.3926
36.2	-10.4215
36.3	-10.4503
36.4	-10.4792
36.5	-10.5081
36.6	-10.5369
36.7	-10.5658
36.8	-10.5947
36.9	-10.6235
37.0	-10.6524
37.1	-10.6813
37.2	-10.7101
37.3	-10.739
37.4	-10.7679
37.5	-10.7967
37.6	-10.8256
37.7	-10.8545
37.8	-10.8833
37.9	-10.9122
38.0	-10.9411
38.1	-10.97
38.2	-10.9988
38.3	-11.0277
38.4	-11.0566
38.5	-11.0854
38.6	-11.1143
38.7	-11.1432
38.8	-11.172
38.9	-11.2009
39.0	-11.2298
39.1	-11.2586
39.2	-11.2875
39.3	-11.3164
39.4	-11.3452
39.5	-11.3741
39.6	-11.403
39.7	-11.4318
39.8	-11.4607
39.9	-11.4896
40.0	-11.5184
40.1	-11.5473
40.2	-11.5762
40.3	-11.6051
40.4	-11.6339
40.5	-11.6628
40.6	-11.6917
40.7	-11.7205
40.8	-11.7494
40.9	-11.7783
41.0	-11.8071
41.1	-11.836
41.2	-11.8649
41.3	-11.8937
41.4	-11.9226
41.5	-11.9515
41.6	-11.9803
41.7	-12.0092
41.8	-12.0381
41.9	-12.0669
42.0	-12.0958
42.1	-12.1247
42.2	-12.1535
42.3	-12.1824
42.4	-12.2113
42.5	-12.2402
42.6	-12.269
42.7	-12.2979
42.8	-12.3268
42.9	-12.3556
43.0	-12.3845
43.1	-12.4134
43.2	-12.4422
43.3	-12.4711
43.4	-12.5
43.5	-12.5288
43.6	-12.5577
43.7	-12.5866
43.8	-12.6154
43.9	-12.6443
44.0	-12.6732
44.1	-12.702
44.2	-12.7309
44.3	-12.7598
44.4	-12.7887
44.5	-12.8175
44.6	-12.8464
44.7	-12.8753
44.8	-12.9041
44.9	-12.933
45.0	-12.9619
45.1	-12.9907
45.2	-13.0196
45.3	-13.0485
45.4	-13.0773
45.5	-13.1062
45.6	-13.1351
45.7	-13.1639
45.8	-13.1928
45.9	-13.2217
46.0	-13.2505
46.1	-13.2794
46.2	-13.3083
46.3	-13.3371
46.4	-13.366
46.5	-13.3949
46.6	-13.4238
46.7	-13.4526
46.8	-13.4815
46.9	-13.5104
47.0	-13.5392
47.1	-13.5681
47.2	-13.597
47.3	-13.6258
47.4	-13.6547
47.5	-13.6836
47.6	-13.7124
47.7	-13.7413
47.8	-13.7702
47.9	-13.799
48.0	-13.8279
48.1	-13.8568
48.2	-13.8856
48.3	-13.9145
48.4	-13.9434
48.5	-13.9723
48.6	-14.0011
48.7	-14.03
48.8	-14.0589
48.9	-14.0877
49.0	-14.1166
49.1	-14.1455
49.2	-14.1743
49.3	-14.2032
49.4	-14.2321
49.5	-14.2609
49.6	-14.2898
49.7	-14.3187
49.8	-14.3475
49.9	-14.3764
50.0	-14.4053
50.1	-14.4341
50.2	-14.463
50.3	-14.4919
50.4	-14.5207
50.5	-14.5496
50.6	-14.5785
50.7	-14.6074
50.8	-14.6362
50.9	-14.6651
51.0	-14.694

&

0.1	0.0
0.2	0.000317
0.3	0.00127
0.4	0.002857
0.5	0.005079
0.6	0.007937
0.7	0.011429
0.8	0.015556
0.9	0.020318
1.0	0.025715
1.1	0.031747
1.2	0.038413
1.3	0.045715
1.4	0.053652
1.5	0.062223
1.6	0.07143
1.7	0.081271
1.8	0.091748
1.9	0.102859
2.0	0.114605
2.1	0.126986
2.2	0.140002
2.3	0.153653
2.4	0.167939
2.5	0.18286
2.6	0.198416
2.7	0.214607
2.8	0.231432
2.9	0.248893
3.0	0.266989
3.1	0.285719
3.2	0.305084
3.3	0.325085
3.4	0.34572
3.5	0.36699
3.6	0.388895
3.7	0.411435
3.8	0.43461
3.9	0.45842
4.0	0.482865
4.1	0.507945
4.2	0.53366
4.3	0.560009
4.4	0.586994
4.5	0.614613
4.6	0.642868
4.7	0.671757
4.8	0.701282
4.9	0.731441
5.0	0.762235
5.1	0.793664
5.2	0.825728
5.3	0.858427
5.4	0.891761
5.5	0.92573
5.6	0.960333
5.7	0.995572
5.8	1.03145
5.9	1.06795
6.0	1.1051
6.1	1.14288
6.2	1.18129
6.3	1.22034
6.4	1.26002
6.5	1.30034
6.6	1.34129
6.7	1.38288
6.8	1.4251
6.9	1.46796
7.0	1.51145
7.1	1.55558
7.2	1.60034
7.3	1.64574
7.4	1.69177
7.5	1.73844
7.6	1.78574
7.7	1.83368
7.8	1.88225
7.9	1.93146
8.0	1.9813
8.1	2.03178
8.2	2.08289
8.3	2.13464
8.4	2.18702
8.5	2.24004
8.6	2.29369
8.7	2.34798
8.8	2.4029
8.9	2.45845
9.0	2.51464
9.1	2.57147
9.2	2.62893
9.3	2.68703
9.4	2.74576
9.5	2.80513
9.6	2.86513
9.7	2.92576
9.8	2.98703
9.9	3.04894
10.0	3.11148
10.1	3.17466
10.2	3.23847
10.3	3.30291
10.4	3.36799
10.5	3.43371
10.6	3.50006
10.7	3.56704
10.8	3.63466
10.9	3.70292
11.0	3.77181
11.1	3.84133
11.2	3.91149
11.3	3.98229
11.4	4.05372
11.5	4.12578
11.6	4.19848
11.7	4.27182
11.8	4.34579
11.9	4.42039
12.0	4.49563
12.1	4.57151
12.2	4.64801
12.3	4.72516
12.4	4.80294
12.5	4.88135
12.6	4.9604
12.7	5.04008
12.8	5.1204
12.9	5.20136
13.0	5.28294
13.1	5.36517
13.2	5.44803
13.3	5.53152
13.4	5.61565
13.5	5.70041
13.6	5.78581
13.7	5.87184
13.8	5.95851
13.9	6.04582
14.0	6.13375
14.1	6.22233
14.2	6.31153
14.3	6.40138
14.4	6.49185
14.5	6.58297
14.6	6.67471
14.7	6.7671
14.8	6.86011
14.9	6.95377
15.0	7.04805
15.1	7.14298
15.2	7.23853
15.3	7.33472
15.4	7.43155
15.5	7.52901
15.6	7.62711
15.7	7.72584
15.8	7.82521
15.9	7.92521
16.0	8.02585
16.1	8.12712
16.2	8.22903
16.3	8.33157
16.4	8.43474
16.5	8.53856
16.6	8.643
16.7	8.74808
16.8	8.8538
16.9	8.96015
17.0	9.06714
17.1	9.17476
17.2	9.28301
17.3	9.3919
17.4	9.50143
17.5	9.61159
17.6	9.72238
17.7	9.83381
17.8	9.94588
17.9	10.0586
18.0	10.1719
18.1	10.2859
18.2	10.4005
18.3	10.5157
18.4	10.6316
18.5	10.7481
18.6	10.8653
18.7	10.983
18.8	11.1015
18.9	11.2205
19.0	11.3402
19.1	11.4605
19.2	11.5815
19.3	11.7031
19.4	11.8253
19.5	11.9481
19.6	12.0716
19.7	12.1958
19.8	12.3205
19.9	12.4459
20.0	12.572
20.1	12.6986
20.2	12.8259
20.3	12.9539
20.4	13.0824
20.5	13.2116
20.6	13.3415
20.7	13.472
20.8	13.6031
20.9	13.7348
21.0	13.8672
21.1	14.0002
21.2	14.1339
21.3	14.2682
21.4	14.4031
21.5	14.5387
21.6	14.6748
21.7	14.8117
21.8	14.9491
21.9	15.0872
22.0	15.226
22.1	15.3653
22.2	15.5053
22.3	15.646
22.4	15.7872
22.5	15.9292
22.6	16.0717
22.7	16.2149
22.8	16.3587
22.9	16.5031
23.0	16.6482
23.1	16.7939
23.2	16.9403
23.3	17.0873
23.4	17.2349
23.5	17.3831
23.6	17.532
23.7	17.6816
23.8	17.8317
23.9	17.9825
24.0	18.134
24.1	18.286
24.2	18.4387
24.3	18.5921
24.4	18.746
24.5	18.9006
24.6	19.0559
24.7	19.2117
24.8	19.3683
24.9	19.5254
25.0	19.6832
25.1	19.8416
25.2	20.0007
25.3	20.1603
25.4	20.3207
25.5	20.4816
25.6	20.6432
25.7	20.8054
25.8	20.9683
25.9	21.1318
26.0	21.2959
26.1	21.4607
26.2	21.6261
26.3	21.7921
26.4	21.9588
26.5	22.1261
26.6	22.294
26.7	22.4626
26.8	22.6318
26.9	22.8016
27.0	22.9721
27.1	23.1432
27.2	23.315
27.3	23.4874
27.4	23.6604
27.5	23.834
27.6	24.0083
27.7	24.1833
27.8	24.3588
27.9	24.535
28.0	24.7118
28.1	24.8893
28.2	25.0674
28.3	25.2461
28.4	25.4255
28.5	25.6055
28.6	25.7861
28.7	25.9674
28.8	26.1493
28.9	26.3319
29.0	26.515
29.1	26.6989
29.2	26.8833
29.3	27.0684
29.4	27.2541
29.5	27.4405
29.6	27.6274
29.7	27.8151
29.8	28.0033
29.9	28.1922
30.0	28.3817
30.1	28.5719
30.2	28.7627
30.3	28.9541
30.4	29.1462
30.5	29.3389
30.6	29.5322
30.7	29.7262
30.8	29.9208
30.9	30.1161
31.0	30.3119
31.1	30.5084
31.2	30.7056
31.3	30.9034
31.4	31.1018
31.5	31.3008
31.6	31.5005
31.7	31.7008
31.8	31.9018
31.9	32.1034
32.0	32.3056
32.1	32.5085
32.2	32.712
32.3	32.9161
32.4	33.1209
32.5	33.3263
32.6	33.5323
32.7	33.739
32.8	33.9463
32.9	34.1542
33.0	34.3628
33.1	34.572
33.2	34.7818
33.3	34.9923
33.4	35.2034
33.5	35.4152
33.6	35.6276
33.7	35.8406
33.8	36.0543
33.9	36.2685
34.0	36.4835
34.1	36.699
34.2	36.9152
34.3	37.132
34.4	37.3495
34.5	37.5676
34.6	37.7863
34.7	38.0057
34.8	38.2257
34.9	38.4464
35.0	38.6676
35.1	38.8895
35.2	39.1121
35.3	39.3353
35.4	39.5591
35.5	39.7835
35.6	40.0086
35.7	40.2343
35.8	40.4607
35.9	40.6877
36.0	40.9153
36.1	41.1435
36.2	41.3724
36.3	41.602
36.4	41.8321
36.5	42.0629
36.6	42.2944
36.7	42.5264
36.8	42.7591
36.9	42.9925
37.0	43.2264
37.1	43.461
37.2	43.6963
37.3	43.9322
37.4	44.1687
37.5	44.4058
37.6	44.6436
37.7	44.882
37.8	45.1211
37.9	45.3608
38.0	45.6011
38.1	45.842
38.2	46.0836
38.3	46.3259
38.4	46.5687
38.5	46.8122
38.6	47.0563
38.7	47.3011
38.8	47.5465
38.9	47.7925
39.0	48.0392
39.1	48.2865
39.2	48.5345
39.3	48.783
39.4	49.0322
39.5	49.2821
39.6	49.5326
39.7	49.7837
39.8	50.0354
39.9	50.2878
40.0	50.5408
40.1	50.7945
40.2	51.0488
40.3	51.3037
40.4	51.5593
40.5	51.8155
40.6	52.0723
40.7	52.3298
40.8	52.5879
40.9	52.8466
41.0	53.106
41.1	53.366
41.2	53.6266
41.3	53.8879
41.4	54.1498
41.5	54.4123
41.6	54.6755
41.7	54.9393
41.8	55.2038
41.9	55.4689
42.0	55.7346
42.1	56.0009
42.2	56.2679
42.3	56.5355
42.4	56.8038
42.5	57.0727
42.6	57.3422
42.7	57.6124
42.8	57.8832
42.9	58.1546
43.0	58.4267
43.1	58.6994
43.2	58.9727
43.3	59.2467
43.4	59.5213
43.5	59.7966
43.6	60.0724
43.7	60.3489
43.8	60.6261
43.9	60.9039
44.0	61.1823
44.1	61.4613
44.2	61.741
44.3	62.0214
44.4	62.3023
44.5	62.5839
44.6	62.8661
44.7	63.149
44.8	63.4325
44.9	63.7166
45.0	64.0014
45.1	64.2868
45.2	64.5728
45.3	64.8595
45.4	65.1468
45.5	65.4347
45.6	65.7233
45.7	66.0125
45.8	66.3024
45.9	66.5929
46.0	66.884
46.1	67.1757
46.2	67.4681
46.3	67.7611
46.4	68.0548
46.5	68.3491
46.6	68.644
46.7	68.9396
46.8	69.2358
46.9	69.5326
47.0	69.8301
47.1	70.1282
47.2	70.4269
47.3	70.7263
47.4	71.0263
47.5	71.3269
47.6	71.6282
47.7	71.9301
47.8	72.2326
47.9	72.5358
48.0	72.8396
48.1	73.1441
48.2	73.4492
48.3	73.7549
48.4	74.0612
48.5	74.3682
48.6	74.6758
48.7	74.9841
48.8	75.293
48.9	75.6025
49.0	75.9127
49.1	76.2235
49.2	76.5349
49.3	76.847
49.4	77.1597
49.5	77.473
49.6	77.787
49.7	78.1016
49.8	78.4169
49.9	78.7327
50.0	79.0493
50.1	79.3664
50.2	79.6842
50.3	80.0026
50.4	80.3217
50.5	80.6413
50.6	80.9617
50.7	81.2826
50.8	81.6042
50.9	81.9264
51.0	82.2493

&

